    0.00000     0.00000     0.00000
    1.00000    -0.03594   445833.33
    2.00000     0.01406  -174329.42
    3.00000     0.03594   -445833.3
    4.00000     0.08594   -446145.9
    5.00000     0.08594   -446145.9
    6.00000     0.13594   -446458.5
    7.00000     0.13594   -446458.5
    8.00000     0.18594   -446771.1
    9.00000     0.23594   -447083.6
   10.00000     0.28594   -447396.2
   11.00000     0.28594   -447396.2
   12.00000     0.33594   -447708.8
   13.00000     0.38594   -448021.4
   14.00000     0.42811   -448285.0
