   540
     1      7    15    14     6     38    46    45    37    812   813   814   815    816   817   818   819    820   821   822   823  2 11
     2      7     8    16    15     38    39    47    46    824   825   826   812    827   828   829   816    820   830   831   821  2 11
     3      6    14    17     5     37    45    48    36    814   832   833   834    818   835   836   837    823   822   838   839  2 11
     4      8     9    19    16     39    40    50    47    840   841   842   825    843   844   845   828    830   846   847   831  2 11
     5     14    15    18    17     45    46    49    48    813   848   849   832    817   850   851   835    822   821   852   838  2 11
     6     16    19    18    15     47    50    49    46    842   853   848   826    845   854   850   829    831   847   852   821  2 11
     7      5    17    20     4     36    48    51    35    833   855   856   857    836   858   859   860    839   838   861   862  2 11
     8      9    10    22    19     40    41    53    50    863   864   865   841    866   867   868   844    846   869   870   847  2 11
     9     18    21    20    17     49    52    51    48    871   872   855   849    873   874   858   851    852   875   861   838  2 11
    10     18    19    22    21     49    50    53    52    853   865   876   871    854   868   877   873    852   847   870   875  2 11
    11      4    20    23     3     35    51    54    34    856   878   879   880    859   881   882   883    862   861   884   885  2 11
    12     10    11    25    22     41    42    56    53    886   887   888   864    889   890   891   867    869   892   893   870  2 11
    13      3    23    26     2     34    54    57    33    879   894   895   896    882   897   898   899    885   884   900   901  2 11
    14     11    12    28    25     42    43    59    56    902   903   904   887    905   906   907   890    892   908   909   893  2 11
    15     20    21    24    23     51    52    55    54    872   910   911   878    874   912   913   881    861   875   914   884  2 11
    16     21    22    25    24     52    53    56    55    876   888   915   910    877   891   916   912    875   870   893   914  2 11
    17      2    26    29     1     33    57    60    32    895   917   918   919    898   920   921   922    901   900   923   924  2 11
    18     12    13    31    28     43    44    62    59    925   926   927   903    928   929   930   906    908   931   932   909  2 11
    19     23    24    27    26     54    55    58    57    911   933   934   894    913   935   936   897    884   914   937   900  2 11
    20     25    28    27    24     56    59    58    55    904   938   933   915    907   939   935   916    893   909   937   914  2 11
    21     27    30    29    26     58    61    60    57    940   941   917   934    942   943   920   936    937   944   923   900  2 11
    22     27    28    31    30     58    59    62    61    938   927   945   940    939   930   946   942    937   909   932   944  2 11
    23     38    46    45    37     69    77    76    68    816   817   818   819    947   948   949   950    951   952   953   954  2 2
    24     38    39    47    46     69    70    78    77    827   828   829   816    955   956   957   947    951   958   959   952  2 2
    25     37    45    48    36     68    76    79    67    818   835   836   837    949   960   961   962    954   953   963   964  2 9
    26     39    40    50    47     70    71    81    78    843   844   845   828    965   966   967   956    958   968   969   959  2 9
    27     45    46    49    48     76    77    80    79    817   850   851   835    948   970   971   960    953   952   972   963  2 9
    28     47    50    49    46     78    81    80    77    845   854   850   829    967   973   970   957    959   969   972   952  2 9
    29     36    48    51    35     67    79    82    66    836   858   859   860    961   974   975   976    964   963   977   978  2 11
    30     40    41    53    50     71    72    84    81    866   867   868   844    979   980   981   966    968   982   983   969  2 11
    31     49    52    51    48     80    83    82    79    873   874   858   851    984   985   974   971    972   986   977   963  2 11
    32     49    50    53    52     80    81    84    83    854   868   877   873    973   981   987   984    972   969   983   986  2 11
    33     35    51    54    34     66    82    85    65    859   881   882   883    975   988   989   990    978   977   991   992  2 11
    34     41    42    56    53     72    73    87    84    889   890   891   867    993   994   995   980    982   996   997   983  2 11
    35     34    54    57    33     65    85    88    64    882   897   898   899    989   998   999  1000    992   991  1001  1002  2 11
    36     42    43    59    56     73    74    90    87    905   906   907   890   1003  1004  1005   994    996  1006  1007   997  2 11
    37     51    52    55    54     82    83    86    85    874   912   913   881    985  1008  1009   988    977   986  1010   991  2 11
    38     52    53    56    55     83    84    87    86    877   891   916   912    987   995  1011  1008    986   983   997  1010  2 11
    39     33    57    60    32     64    88    91    63    898   920   921   922    999  1012  1013  1014   1002  1001  1015  1016  2 11
    40     43    44    62    59     74    75    93    90    928   929   930   906   1017  1018  1019  1004   1006  1020  1021  1007  2 11
    41     54    55    58    57     85    86    89    88    913   935   936   897   1009  1022  1023   998    991  1010  1024  1001  2 11
    42     56    59    58    55     87    90    89    86    907   939   935   916   1005  1025  1022  1011    997  1007  1024  1010  2 11
    43     58    61    60    57     89    92    91    88    942   943   920   936   1026  1027  1012  1023   1024  1028  1015  1001  2 11
    44     58    59    62    61     89    90    93    92    939   930   946   942   1025  1019  1029  1026   1024  1007  1021  1028  2 11
    45     69    77    76    68    100   108   107    99    947   948   949   950   1030  1031  1032  1033   1034  1035  1036  1037  2 2
    46     69    70    78    77    100   101   109   108    955   956   957   947   1038  1039  1040  1030   1034  1041  1042  1035  2 2
    47     68    76    79    67     99   107   110    98    949   960   961   962   1032  1043  1044  1045   1037  1036  1046  1047  2 9
    48     70    71    81    78    101   102   112   109    965   966   967   956   1048  1049  1050  1039   1041  1051  1052  1042  2 9
    49     76    77    80    79    107   108   111   110    948   970   971   960   1031  1053  1054  1043   1036  1035  1055  1046  2 9
    50     78    81    80    77    109   112   111   108    967   973   970   957   1050  1056  1053  1040   1042  1052  1055  1035  2 9
    51     67    79    82    66     98   110   113    97    961   974   975   976   1044  1057  1058  1059   1047  1046  1060  1061  2 11
    52     71    72    84    81    102   103   115   112    979   980   981   966   1062  1063  1064  1049   1051  1065  1066  1052  2 11
    53     80    83    82    79    111   114   113   110    984   985   974   971   1067  1068  1057  1054   1055  1069  1060  1046  2 11
    54     80    81    84    83    111   112   115   114    973   981   987   984   1056  1064  1070  1067   1055  1052  1066  1069  2 11
    55     66    82    85    65     97   113   116    96    975   988   989   990   1058  1071  1072  1073   1061  1060  1074  1075  2 11
    56     72    73    87    84    103   104   118   115    993   994   995   980   1076  1077  1078  1063   1065  1079  1080  1066  2 11
    57     65    85    88    64     96   116   119    95    989   998   999  1000   1072  1081  1082  1083   1075  1074  1084  1085  2 11
    58     73    74    90    87    104   105   121   118   1003  1004  1005   994   1086  1087  1088  1077   1079  1089  1090  1080  2 11
    59     82    83    86    85    113   114   117   116    985  1008  1009   988   1068  1091  1092  1071   1060  1069  1093  1074  2 11
    60     83    84    87    86    114   115   118   117    987   995  1011  1008   1070  1078  1094  1091   1069  1066  1080  1093  2 11
    61     64    88    91    63     95   119   122    94    999  1012  1013  1014   1082  1095  1096  1097   1085  1084  1098  1099  2 11
    62     74    75    93    90    105   106   124   121   1017  1018  1019  1004   1100  1101  1102  1087   1089  1103  1104  1090  2 11
    63     85    86    89    88    116   117   120   119   1009  1022  1023   998   1092  1105  1106  1081   1074  1093  1107  1084  2 11
    64     87    90    89    86    118   121   120   117   1005  1025  1022  1011   1088  1108  1105  1094   1080  1090  1107  1093  2 11
    65     89    92    91    88    120   123   122   119   1026  1027  1012  1023   1109  1110  1095  1106   1107  1111  1098  1084  2 11
    66     89    90    93    92    120   121   124   123   1025  1019  1029  1026   1108  1102  1112  1109   1107  1090  1104  1111  2 11
    67    100   108   107    99    131   139   138   130   1030  1031  1032  1033   1113  1114  1115  1116   1117  1118  1119  1120  2 2
    68    100   101   109   108    131   132   140   139   1038  1039  1040  1030   1121  1122  1123  1113   1117  1124  1125  1118  2 2
    69     99   107   110    98    130   138   141   129   1032  1043  1044  1045   1115  1126  1127  1128   1120  1119  1129  1130  2 9
    70    101   102   112   109    132   133   143   140   1048  1049  1050  1039   1131  1132  1133  1122   1124  1134  1135  1125  2 9
    71    107   108   111   110    138   139   142   141   1031  1053  1054  1043   1114  1136  1137  1126   1119  1118  1138  1129  2 9
    72    109   112   111   108    140   143   142   139   1050  1056  1053  1040   1133  1139  1136  1123   1125  1135  1138  1118  2 9
    73     98   110   113    97    129   141   144   128   1044  1057  1058  1059   1127  1140  1141  1142   1130  1129  1143  1144  2 11
    74    102   103   115   112    133   134   146   143   1062  1063  1064  1049   1145  1146  1147  1132   1134  1148  1149  1135  2 11
    75    111   114   113   110    142   145   144   141   1067  1068  1057  1054   1150  1151  1140  1137   1138  1152  1143  1129  2 11
    76    111   112   115   114    142   143   146   145   1056  1064  1070  1067   1139  1147  1153  1150   1138  1135  1149  1152  2 11
    77     97   113   116    96    128   144   147   127   1058  1071  1072  1073   1141  1154  1155  1156   1144  1143  1157  1158  2 11
    78    103   104   118   115    134   135   149   146   1076  1077  1078  1063   1159  1160  1161  1146   1148  1162  1163  1149  2 11
    79     96   116   119    95    127   147   150   126   1072  1081  1082  1083   1155  1164  1165  1166   1158  1157  1167  1168  2 11
    80    104   105   121   118    135   136   152   149   1086  1087  1088  1077   1169  1170  1171  1160   1162  1172  1173  1163  2 11
    81    113   114   117   116    144   145   148   147   1068  1091  1092  1071   1151  1174  1175  1154   1143  1152  1176  1157  2 11
    82    114   115   118   117    145   146   149   148   1070  1078  1094  1091   1153  1161  1177  1174   1152  1149  1163  1176  2 11
    83     95   119   122    94    126   150   153   125   1082  1095  1096  1097   1165  1178  1179  1180   1168  1167  1181  1182  2 11
    84    105   106   124   121    136   137   155   152   1100  1101  1102  1087   1183  1184  1185  1170   1172  1186  1187  1173  2 11
    85    116   117   120   119    147   148   151   150   1092  1105  1106  1081   1175  1188  1189  1164   1157  1176  1190  1167  2 11
    86    118   121   120   117    149   152   151   148   1088  1108  1105  1094   1171  1191  1188  1177   1163  1173  1190  1176  2 11
    87    120   123   122   119    151   154   153   150   1109  1110  1095  1106   1192  1193  1178  1189   1190  1194  1181  1167  2 11
    88    120   121   124   123    151   152   155   154   1108  1102  1112  1109   1191  1185  1195  1192   1190  1173  1187  1194  2 11
    89    131   139   138   130    162   170   169   161   1113  1114  1115  1116   1196  1197  1198  1199   1200  1201  1202  1203  2 2
    90    131   132   140   139    162   163   171   170   1121  1122  1123  1113   1204  1205  1206  1196   1200  1207  1208  1201  2 2
    91    130   138   141   129    161   169   172   160   1115  1126  1127  1128   1198  1209  1210  1211   1203  1202  1212  1213  2 9
    92    132   133   143   140    163   164   174   171   1131  1132  1133  1122   1214  1215  1216  1205   1207  1217  1218  1208  2 9
    93    138   139   142   141    169   170   173   172   1114  1136  1137  1126   1197  1219  1220  1209   1202  1201  1221  1212  2 9
    94    140   143   142   139    171   174   173   170   1133  1139  1136  1123   1216  1222  1219  1206   1208  1218  1221  1201  2 9
    95    129   141   144   128    160   172   175   159   1127  1140  1141  1142   1210  1223  1224  1225   1213  1212  1226  1227  2 11
    96    133   134   146   143    164   165   177   174   1145  1146  1147  1132   1228  1229  1230  1215   1217  1231  1232  1218  2 11
    97    142   145   144   141    173   176   175   172   1150  1151  1140  1137   1233  1234  1223  1220   1221  1235  1226  1212  2 11
    98    142   143   146   145    173   174   177   176   1139  1147  1153  1150   1222  1230  1236  1233   1221  1218  1232  1235  2 11
    99    128   144   147   127    159   175   178   158   1141  1154  1155  1156   1224  1237  1238  1239   1227  1226  1240  1241  2 11
   100    134   135   149   146    165   166   180   177   1159  1160  1161  1146   1242  1243  1244  1229   1231  1245  1246  1232  2 11
   101    127   147   150   126    158   178   181   157   1155  1164  1165  1166   1238  1247  1248  1249   1241  1240  1250  1251  2 11
   102    135   136   152   149    166   167   183   180   1169  1170  1171  1160   1252  1253  1254  1243   1245  1255  1256  1246  2 11
   103    144   145   148   147    175   176   179   178   1151  1174  1175  1154   1234  1257  1258  1237   1226  1235  1259  1240  2 11
   104    145   146   149   148    176   177   180   179   1153  1161  1177  1174   1236  1244  1260  1257   1235  1232  1246  1259  2 11
   105    126   150   153   125    157   181   184   156   1165  1178  1179  1180   1248  1261  1262  1263   1251  1250  1264  1265  2 11
   106    136   137   155   152    167   168   186   183   1183  1184  1185  1170   1266  1267  1268  1253   1255  1269  1270  1256  2 11
   107    147   148   151   150    178   179   182   181   1175  1188  1189  1164   1258  1271  1272  1247   1240  1259  1273  1250  2 11
   108    149   152   151   148    180   183   182   179   1171  1191  1188  1177   1254  1274  1271  1260   1246  1256  1273  1259  2 11
   109    151   154   153   150    182   185   184   181   1192  1193  1178  1189   1275  1276  1261  1272   1273  1277  1264  1250  2 11
   110    151   152   155   154    182   183   186   185   1191  1185  1195  1192   1274  1268  1278  1275   1273  1256  1270  1277  2 11
   111    162   170   169   161    193   201   200   192   1196  1197  1198  1199   1279  1280  1281  1282   1283  1284  1285  1286  2 2
   112    162   163   171   170    193   194   202   201   1204  1205  1206  1196   1287  1288  1289  1279   1283  1290  1291  1284  2 2
   113    161   169   172   160    192   200   203   191   1198  1209  1210  1211   1281  1292  1293  1294   1286  1285  1295  1296  2 9
   114    163   164   174   171    194   195   205   202   1214  1215  1216  1205   1297  1298  1299  1288   1290  1300  1301  1291  2 9
   115    169   170   173   172    200   201   204   203   1197  1219  1220  1209   1280  1302  1303  1292   1285  1284  1304  1295  2 9
   116    171   174   173   170    202   205   204   201   1216  1222  1219  1206   1299  1305  1302  1289   1291  1301  1304  1284  2 9
   117    160   172   175   159    191   203   206   190   1210  1223  1224  1225   1293  1306  1307  1308   1296  1295  1309  1310  2 11
   118    164   165   177   174    195   196   208   205   1228  1229  1230  1215   1311  1312  1313  1298   1300  1314  1315  1301  2 11
   119    173   176   175   172    204   207   206   203   1233  1234  1223  1220   1316  1317  1306  1303   1304  1318  1309  1295  2 11
   120    173   174   177   176    204   205   208   207   1222  1230  1236  1233   1305  1313  1319  1316   1304  1301  1315  1318  2 11
   121    159   175   178   158    190   206   209   189   1224  1237  1238  1239   1307  1320  1321  1322   1310  1309  1323  1324  2 11
   122    165   166   180   177    196   197   211   208   1242  1243  1244  1229   1325  1326  1327  1312   1314  1328  1329  1315  2 11
   123    158   178   181   157    189   209   212   188   1238  1247  1248  1249   1321  1330  1331  1332   1324  1323  1333  1334  2 11
   124    166   167   183   180    197   198   214   211   1252  1253  1254  1243   1335  1336  1337  1326   1328  1338  1339  1329  2 11
   125    175   176   179   178    206   207   210   209   1234  1257  1258  1237   1317  1340  1341  1320   1309  1318  1342  1323  2 11
   126    176   177   180   179    207   208   211   210   1236  1244  1260  1257   1319  1327  1343  1340   1318  1315  1329  1342  2 11
   127    157   181   184   156    188   212   215   187   1248  1261  1262  1263   1331  1344  1345  1346   1334  1333  1347  1348  2 11
   128    167   168   186   183    198   199   217   214   1266  1267  1268  1253   1349  1350  1351  1336   1338  1352  1353  1339  2 11
   129    178   179   182   181    209   210   213   212   1258  1271  1272  1247   1341  1354  1355  1330   1323  1342  1356  1333  2 11
   130    180   183   182   179    211   214   213   210   1254  1274  1271  1260   1337  1357  1354  1343   1329  1339  1356  1342  2 11
   131    182   185   184   181    213   216   215   212   1275  1276  1261  1272   1358  1359  1344  1355   1356  1360  1347  1333  2 11
   132    182   183   186   185    213   214   217   216   1274  1268  1278  1275   1357  1351  1361  1358   1356  1339  1353  1360  2 11
   133    193   201   200   192    224   232   231   223   1279  1280  1281  1282   1362  1363  1364  1365   1366  1367  1368  1369  2 2
   134    193   194   202   201    224   225   233   232   1287  1288  1289  1279   1370  1371  1372  1362   1366  1373  1374  1367  2 2
   135    192   200   203   191    223   231   234   222   1281  1292  1293  1294   1364  1375  1376  1377   1369  1368  1378  1379  2 9
   136    194   195   205   202    225   226   236   233   1297  1298  1299  1288   1380  1381  1382  1371   1373  1383  1384  1374  2 9
   137    200   201   204   203    231   232   235   234   1280  1302  1303  1292   1363  1385  1386  1375   1368  1367  1387  1378  2 9
   138    202   205   204   201    233   236   235   232   1299  1305  1302  1289   1382  1388  1385  1372   1374  1384  1387  1367  2 9
   139    191   203   206   190    222   234   237   221   1293  1306  1307  1308   1376  1389  1390  1391   1379  1378  1392  1393  2 11
   140    195   196   208   205    226   227   239   236   1311  1312  1313  1298   1394  1395  1396  1381   1383  1397  1398  1384  2 11
   141    204   207   206   203    235   238   237   234   1316  1317  1306  1303   1399  1400  1389  1386   1387  1401  1392  1378  2 11
   142    204   205   208   207    235   236   239   238   1305  1313  1319  1316   1388  1396  1402  1399   1387  1384  1398  1401  2 11
   143    190   206   209   189    221   237   240   220   1307  1320  1321  1322   1390  1403  1404  1405   1393  1392  1406  1407  2 11
   144    196   197   211   208    227   228   242   239   1325  1326  1327  1312   1408  1409  1410  1395   1397  1411  1412  1398  2 11
   145    189   209   212   188    220   240   243   219   1321  1330  1331  1332   1404  1413  1414  1415   1407  1406  1416  1417  2 11
   146    197   198   214   211    228   229   245   242   1335  1336  1337  1326   1418  1419  1420  1409   1411  1421  1422  1412  2 11
   147    206   207   210   209    237   238   241   240   1317  1340  1341  1320   1400  1423  1424  1403   1392  1401  1425  1406  2 11
   148    207   208   211   210    238   239   242   241   1319  1327  1343  1340   1402  1410  1426  1423   1401  1398  1412  1425  2 11
   149    188   212   215   187    219   243   246   218   1331  1344  1345  1346   1414  1427  1428  1429   1417  1416  1430  1431  2 11
   150    198   199   217   214    229   230   248   245   1349  1350  1351  1336   1432  1433  1434  1419   1421  1435  1436  1422  2 11
   151    209   210   213   212    240   241   244   243   1341  1354  1355  1330   1424  1437  1438  1413   1406  1425  1439  1416  2 11
   152    211   214   213   210    242   245   244   241   1337  1357  1354  1343   1420  1440  1437  1426   1412  1422  1439  1425  2 11
   153    213   216   215   212    244   247   246   243   1358  1359  1344  1355   1441  1442  1427  1438   1439  1443  1430  1416  2 11
   154    213   214   217   216    244   245   248   247   1357  1351  1361  1358   1440  1434  1444  1441   1439  1422  1436  1443  2 11
   155    224   232   231   223    255   263   262   254   1362  1363  1364  1365   1445  1446  1447  1448   1449  1450  1451  1452  2 2
   156    224   225   233   232    255   256   264   263   1370  1371  1372  1362   1453  1454  1455  1445   1449  1456  1457  1450  2 2
   157    223   231   234   222    254   262   265   253   1364  1375  1376  1377   1447  1458  1459  1460   1452  1451  1461  1462  2 9
   158    225   226   236   233    256   257   267   264   1380  1381  1382  1371   1463  1464  1465  1454   1456  1466  1467  1457  2 9
   159    231   232   235   234    262   263   266   265   1363  1385  1386  1375   1446  1468  1469  1458   1451  1450  1470  1461  2 9
   160    233   236   235   232    264   267   266   263   1382  1388  1385  1372   1465  1471  1468  1455   1457  1467  1470  1450  2 9
   161    222   234   237   221    253   265   268   252   1376  1389  1390  1391   1459  1472  1473  1474   1462  1461  1475  1476  2 11
   162    226   227   239   236    257   258   270   267   1394  1395  1396  1381   1477  1478  1479  1464   1466  1480  1481  1467  2 11
   163    235   238   237   234    266   269   268   265   1399  1400  1389  1386   1482  1483  1472  1469   1470  1484  1475  1461  2 11
   164    235   236   239   238    266   267   270   269   1388  1396  1402  1399   1471  1479  1485  1482   1470  1467  1481  1484  2 11
   165    221   237   240   220    252   268   271   251   1390  1403  1404  1405   1473  1486  1487  1488   1476  1475  1489  1490  2 11
   166    227   228   242   239    258   259   273   270   1408  1409  1410  1395   1491  1492  1493  1478   1480  1494  1495  1481  2 11
   167    220   240   243   219    251   271   274   250   1404  1413  1414  1415   1487  1496  1497  1498   1490  1489  1499  1500  2 11
   168    228   229   245   242    259   260   276   273   1418  1419  1420  1409   1501  1502  1503  1492   1494  1504  1505  1495  2 11
   169    237   238   241   240    268   269   272   271   1400  1423  1424  1403   1483  1506  1507  1486   1475  1484  1508  1489  2 11
   170    238   239   242   241    269   270   273   272   1402  1410  1426  1423   1485  1493  1509  1506   1484  1481  1495  1508  2 11
   171    219   243   246   218    250   274   277   249   1414  1427  1428  1429   1497  1510  1511  1512   1500  1499  1513  1514  2 11
   172    229   230   248   245    260   261   279   276   1432  1433  1434  1419   1515  1516  1517  1502   1504  1518  1519  1505  2 11
   173    240   241   244   243    271   272   275   274   1424  1437  1438  1413   1507  1520  1521  1496   1489  1508  1522  1499  2 11
   174    242   245   244   241    273   276   275   272   1420  1440  1437  1426   1503  1523  1520  1509   1495  1505  1522  1508  2 11
   175    244   247   246   243    275   278   277   274   1441  1442  1427  1438   1524  1525  1510  1521   1522  1526  1513  1499  2 11
   176    244   245   248   247    275   276   279   278   1440  1434  1444  1441   1523  1517  1527  1524   1522  1505  1519  1526  2 11
   177    255   263   262   254    286   294   293   285   1445  1446  1447  1448   1528  1529  1530  1531   1532  1533  1534  1535  2 2
   178    255   256   264   263    286   287   295   294   1453  1454  1455  1445   1536  1537  1538  1528   1532  1539  1540  1533  2 2
   179    254   262   265   253    285   293   296   284   1447  1458  1459  1460   1530  1541  1542  1543   1535  1534  1544  1545  2 8
   180    256   257   267   264    287   288   298   295   1463  1464  1465  1454   1546  1547  1548  1537   1539  1549  1550  1540  2 8
   181    262   263   266   265    293   294   297   296   1446  1468  1469  1458   1529  1551  1552  1541   1534  1533  1553  1544  2 8
   182    264   267   266   263    295   298   297   294   1465  1471  1468  1455   1548  1554  1551  1538   1540  1550  1553  1533  2 8
   183    253   265   268   252    284   296   299   283   1459  1472  1473  1474   1542  1555  1556  1557   1545  1544  1558  1559  2 10
   184    257   258   270   267    288   289   301   298   1477  1478  1479  1464   1560  1561  1562  1547   1549  1563  1564  1550  2 10
   185    266   269   268   265    297   300   299   296   1482  1483  1472  1469   1565  1566  1555  1552   1553  1567  1558  1544  2 10
   186    266   267   270   269    297   298   301   300   1471  1479  1485  1482   1554  1562  1568  1565   1553  1550  1564  1567  2 10
   187    252   268   271   251    283   299   302   282   1473  1486  1487  1488   1556  1569  1570  1571   1559  1558  1572  1573  2 10
   188    258   259   273   270    289   290   304   301   1491  1492  1493  1478   1574  1575  1576  1561   1563  1577  1578  1564  2 10
   189    251   271   274   250    282   302   305   281   1487  1496  1497  1498   1570  1579  1580  1581   1573  1572  1582  1583  2 10
   190    259   260   276   273    290   291   307   304   1501  1502  1503  1492   1584  1585  1586  1575   1577  1587  1588  1578  2 10
   191    268   269   272   271    299   300   303   302   1483  1506  1507  1486   1566  1589  1590  1569   1558  1567  1591  1572  2 10
   192    269   270   273   272    300   301   304   303   1485  1493  1509  1506   1568  1576  1592  1589   1567  1564  1578  1591  2 10
   193    250   274   277   249    281   305   308   280   1497  1510  1511  1512   1580  1593  1594  1595   1583  1582  1596  1597  2 10
   194    260   261   279   276    291   292   310   307   1515  1516  1517  1502   1598  1599  1600  1585   1587  1601  1602  1588  2 10
   195    271   272   275   274    302   303   306   305   1507  1520  1521  1496   1590  1603  1604  1579   1572  1591  1605  1582  2 10
   196    273   276   275   272    304   307   306   303   1503  1523  1520  1509   1586  1606  1603  1592   1578  1588  1605  1591  2 10
   197    275   278   277   274    306   309   308   305   1524  1525  1510  1521   1607  1608  1593  1604   1605  1609  1596  1582  2 10
   198    275   276   279   278    306   307   310   309   1523  1517  1527  1524   1606  1600  1610  1607   1605  1588  1602  1609  2 10
   199    286   294   293   285    317   325   324   316   1528  1529  1530  1531   1611  1612  1613  1614   1615  1616  1617  1618  2 2
   200    286   287   295   294    317   318   326   325   1536  1537  1538  1528   1619  1620  1621  1611   1615  1622  1623  1616  2 2
   201    285   293   296   284    316   324   327   315   1530  1541  1542  1543   1613  1624  1625  1626   1618  1617  1627  1628  2 8
   202    287   288   298   295    318   319   329   326   1546  1547  1548  1537   1629  1630  1631  1620   1622  1632  1633  1623  2 8
   203    293   294   297   296    324   325   328   327   1529  1551  1552  1541   1612  1634  1635  1624   1617  1616  1636  1627  2 8
   204    295   298   297   294    326   329   328   325   1548  1554  1551  1538   1631  1637  1634  1621   1623  1633  1636  1616  2 8
   205    284   296   299   283    315   327   330   314   1542  1555  1556  1557   1625  1638  1639  1640   1628  1627  1641  1642  2 10
   206    288   289   301   298    319   320   332   329   1560  1561  1562  1547   1643  1644  1645  1630   1632  1646  1647  1633  2 10
   207    297   300   299   296    328   331   330   327   1565  1566  1555  1552   1648  1649  1638  1635   1636  1650  1641  1627  2 10
   208    297   298   301   300    328   329   332   331   1554  1562  1568  1565   1637  1645  1651  1648   1636  1633  1647  1650  2 10
   209    283   299   302   282    314   330   333   313   1556  1569  1570  1571   1639  1652  1653  1654   1642  1641  1655  1656  2 10
   210    289   290   304   301    320   321   335   332   1574  1575  1576  1561   1657  1658  1659  1644   1646  1660  1661  1647  2 10
   211    282   302   305   281    313   333   336   312   1570  1579  1580  1581   1653  1662  1663  1664   1656  1655  1665  1666  2 10
   212    290   291   307   304    321   322   338   335   1584  1585  1586  1575   1667  1668  1669  1658   1660  1670  1671  1661  2 10
   213    299   300   303   302    330   331   334   333   1566  1589  1590  1569   1649  1672  1673  1652   1641  1650  1674  1655  2 10
   214    300   301   304   303    331   332   335   334   1568  1576  1592  1589   1651  1659  1675  1672   1650  1647  1661  1674  2 10
   215    281   305   308   280    312   336   339   311   1580  1593  1594  1595   1663  1676  1677  1678   1666  1665  1679  1680  2 10
   216    291   292   310   307    322   323   341   338   1598  1599  1600  1585   1681  1682  1683  1668   1670  1684  1685  1671  2 10
   217    302   303   306   305    333   334   337   336   1590  1603  1604  1579   1673  1686  1687  1662   1655  1674  1688  1665  2 10
   218    304   307   306   303    335   338   337   334   1586  1606  1603  1592   1669  1689  1686  1675   1661  1671  1688  1674  2 10
   219    306   309   308   305    337   340   339   336   1607  1608  1593  1604   1690  1691  1676  1687   1688  1692  1679  1665  2 10
   220    306   307   310   309    337   338   341   340   1606  1600  1610  1607   1689  1683  1693  1690   1688  1671  1685  1692  2 10
   221    317   325   324   316    348   356   355   347   1611  1612  1613  1614   1694  1695  1696  1697   1698  1699  1700  1701  2 2
   222    317   318   326   325    348   349   357   356   1619  1620  1621  1611   1702  1703  1704  1694   1698  1705  1706  1699  2 2
   223    316   324   327   315    347   355   358   346   1613  1624  1625  1626   1696  1707  1708  1709   1701  1700  1710  1711  2 8
   224    318   319   329   326    349   350   360   357   1629  1630  1631  1620   1712  1713  1714  1703   1705  1715  1716  1706  2 8
   225    324   325   328   327    355   356   359   358   1612  1634  1635  1624   1695  1717  1718  1707   1700  1699  1719  1710  2 8
   226    326   329   328   325    357   360   359   356   1631  1637  1634  1621   1714  1720  1717  1704   1706  1716  1719  1699  2 8
   227    315   327   330   314    346   358   361   345   1625  1638  1639  1640   1708  1721  1722  1723   1711  1710  1724  1725  2 10
   228    319   320   332   329    350   351   363   360   1643  1644  1645  1630   1726  1727  1728  1713   1715  1729  1730  1716  2 10
   229    328   331   330   327    359   362   361   358   1648  1649  1638  1635   1731  1732  1721  1718   1719  1733  1724  1710  2 10
   230    328   329   332   331    359   360   363   362   1637  1645  1651  1648   1720  1728  1734  1731   1719  1716  1730  1733  2 10
   231    314   330   333   313    345   361   364   344   1639  1652  1653  1654   1722  1735  1736  1737   1725  1724  1738  1739  2 10
   232    320   321   335   332    351   352   366   363   1657  1658  1659  1644   1740  1741  1742  1727   1729  1743  1744  1730  2 10
   233    313   333   336   312    344   364   367   343   1653  1662  1663  1664   1736  1745  1746  1747   1739  1738  1748  1749  2 10
   234    321   322   338   335    352   353   369   366   1667  1668  1669  1658   1750  1751  1752  1741   1743  1753  1754  1744  2 10
   235    330   331   334   333    361   362   365   364   1649  1672  1673  1652   1732  1755  1756  1735   1724  1733  1757  1738  2 10
   236    331   332   335   334    362   363   366   365   1651  1659  1675  1672   1734  1742  1758  1755   1733  1730  1744  1757  2 10
   237    312   336   339   311    343   367   370   342   1663  1676  1677  1678   1746  1759  1760  1761   1749  1748  1762  1763  2 10
   238    322   323   341   338    353   354   372   369   1681  1682  1683  1668   1764  1765  1766  1751   1753  1767  1768  1754  2 10
   239    333   334   337   336    364   365   368   367   1673  1686  1687  1662   1756  1769  1770  1745   1738  1757  1771  1748  2 10
   240    335   338   337   334    366   369   368   365   1669  1689  1686  1675   1752  1772  1769  1758   1744  1754  1771  1757  2 10
   241    337   340   339   336    368   371   370   367   1690  1691  1676  1687   1773  1774  1759  1770   1771  1775  1762  1748  2 10
   242    337   338   341   340    368   369   372   371   1689  1683  1693  1690   1772  1766  1776  1773   1771  1754  1768  1775  2 10
   243    348   356   355   347    379   387   386   378   1694  1695  1696  1697   1777  1778  1779  1780   1781  1782  1783  1784  2 2
   244    348   349   357   356    379   380   388   387   1702  1703  1704  1694   1785  1786  1787  1777   1781  1788  1789  1782  2 2
   245    347   355   358   346    378   386   389   377   1696  1707  1708  1709   1779  1790  1791  1792   1784  1783  1793  1794  2 8
   246    349   350   360   357    380   381   391   388   1712  1713  1714  1703   1795  1796  1797  1786   1788  1798  1799  1789  2 8
   247    355   356   359   358    386   387   390   389   1695  1717  1718  1707   1778  1800  1801  1790   1783  1782  1802  1793  2 8
   248    357   360   359   356    388   391   390   387   1714  1720  1717  1704   1797  1803  1800  1787   1789  1799  1802  1782  2 8
   249    346   358   361   345    377   389   392   376   1708  1721  1722  1723   1791  1804  1805  1806   1794  1793  1807  1808  2 10
   250    350   351   363   360    381   382   394   391   1726  1727  1728  1713   1809  1810  1811  1796   1798  1812  1813  1799  2 10
   251    359   362   361   358    390   393   392   389   1731  1732  1721  1718   1814  1815  1804  1801   1802  1816  1807  1793  2 10
   252    359   360   363   362    390   391   394   393   1720  1728  1734  1731   1803  1811  1817  1814   1802  1799  1813  1816  2 10
   253    345   361   364   344    376   392   395   375   1722  1735  1736  1737   1805  1818  1819  1820   1808  1807  1821  1822  2 10
   254    351   352   366   363    382   383   397   394   1740  1741  1742  1727   1823  1824  1825  1810   1812  1826  1827  1813  2 10
   255    344   364   367   343    375   395   398   374   1736  1745  1746  1747   1819  1828  1829  1830   1822  1821  1831  1832  2 10
   256    352   353   369   366    383   384   400   397   1750  1751  1752  1741   1833  1834  1835  1824   1826  1836  1837  1827  2 10
   257    361   362   365   364    392   393   396   395   1732  1755  1756  1735   1815  1838  1839  1818   1807  1816  1840  1821  2 10
   258    362   363   366   365    393   394   397   396   1734  1742  1758  1755   1817  1825  1841  1838   1816  1813  1827  1840  2 10
   259    343   367   370   342    374   398   401   373   1746  1759  1760  1761   1829  1842  1843  1844   1832  1831  1845  1846  2 10
   260    353   354   372   369    384   385   403   400   1764  1765  1766  1751   1847  1848  1849  1834   1836  1850  1851  1837  2 10
   261    364   365   368   367    395   396   399   398   1756  1769  1770  1745   1839  1852  1853  1828   1821  1840  1854  1831  2 10
   262    366   369   368   365    397   400   399   396   1752  1772  1769  1758   1835  1855  1852  1841   1827  1837  1854  1840  2 10
   263    368   371   370   367    399   402   401   398   1773  1774  1759  1770   1856  1857  1842  1853   1854  1858  1845  1831  2 10
   264    368   369   372   371    399   400   403   402   1772  1766  1776  1773   1855  1849  1859  1856   1854  1837  1851  1858  2 10
   265    379   387   386   378    410   418   417   409   1777  1778  1779  1780   1860  1861  1862  1863   1864  1865  1866  1867  2 2
   266    379   380   388   387    410   411   419   418   1785  1786  1787  1777   1868  1869  1870  1860   1864  1871  1872  1865  2 2
   267    378   386   389   377    409   417   420   408   1779  1790  1791  1792   1862  1873  1874  1875   1867  1866  1876  1877  2 8
   268    380   381   391   388    411   412   422   419   1795  1796  1797  1786   1878  1879  1880  1869   1871  1881  1882  1872  2 8
   269    386   387   390   389    417   418   421   420   1778  1800  1801  1790   1861  1883  1884  1873   1866  1865  1885  1876  2 8
   270    388   391   390   387    419   422   421   418   1797  1803  1800  1787   1880  1886  1883  1870   1872  1882  1885  1865  2 8
   271    377   389   392   376    408   420   423   407   1791  1804  1805  1806   1874  1887  1888  1889   1877  1876  1890  1891  2 10
   272    381   382   394   391    412   413   425   422   1809  1810  1811  1796   1892  1893  1894  1879   1881  1895  1896  1882  2 10
   273    390   393   392   389    421   424   423   420   1814  1815  1804  1801   1897  1898  1887  1884   1885  1899  1890  1876  2 10
   274    390   391   394   393    421   422   425   424   1803  1811  1817  1814   1886  1894  1900  1897   1885  1882  1896  1899  2 10
   275    376   392   395   375    407   423   426   406   1805  1818  1819  1820   1888  1901  1902  1903   1891  1890  1904  1905  2 10
   276    382   383   397   394    413   414   428   425   1823  1824  1825  1810   1906  1907  1908  1893   1895  1909  1910  1896  2 10
   277    375   395   398   374    406   426   429   405   1819  1828  1829  1830   1902  1911  1912  1913   1905  1904  1914  1915  2 10
   278    383   384   400   397    414   415   431   428   1833  1834  1835  1824   1916  1917  1918  1907   1909  1919  1920  1910  2 10
   279    392   393   396   395    423   424   427   426   1815  1838  1839  1818   1898  1921  1922  1901   1890  1899  1923  1904  2 10
   280    393   394   397   396    424   425   428   427   1817  1825  1841  1838   1900  1908  1924  1921   1899  1896  1910  1923  2 10
   281    374   398   401   373    405   429   432   404   1829  1842  1843  1844   1912  1925  1926  1927   1915  1914  1928  1929  2 10
   282    384   385   403   400    415   416   434   431   1847  1848  1849  1834   1930  1931  1932  1917   1919  1933  1934  1920  2 10
   283    395   396   399   398    426   427   430   429   1839  1852  1853  1828   1922  1935  1936  1911   1904  1923  1937  1914  2 10
   284    397   400   399   396    428   431   430   427   1835  1855  1852  1841   1918  1938  1935  1924   1910  1920  1937  1923  2 10
   285    399   402   401   398    430   433   432   429   1856  1857  1842  1853   1939  1940  1925  1936   1937  1941  1928  1914  2 10
   286    399   400   403   402    430   431   434   433   1855  1849  1859  1856   1938  1932  1942  1939   1937  1920  1934  1941  2 10
   287    410   418   417   409    441   449   448   440   1860  1861  1862  1863   1943  1944  1945  1946   1947  1948  1949  1950  2 2
   288    410   411   419   418    441   442   450   449   1868  1869  1870  1860   1951  1952  1953  1943   1947  1954  1955  1948  2 2
   289    409   417   420   408    440   448   451   439   1862  1873  1874  1875   1945  1956  1957  1958   1950  1949  1959  1960  2 8
   290    411   412   422   419    442   443   453   450   1878  1879  1880  1869   1961  1962  1963  1952   1954  1964  1965  1955  2 8
   291    417   418   421   420    448   449   452   451   1861  1883  1884  1873   1944  1966  1967  1956   1949  1948  1968  1959  2 8
   292    419   422   421   418    450   453   452   449   1880  1886  1883  1870   1963  1969  1966  1953   1955  1965  1968  1948  2 8
   293    408   420   423   407    439   451   454   438   1874  1887  1888  1889   1957  1970  1971  1972   1960  1959  1973  1974  2 10
   294    412   413   425   422    443   444   456   453   1892  1893  1894  1879   1975  1976  1977  1962   1964  1978  1979  1965  2 10
   295    421   424   423   420    452   455   454   451   1897  1898  1887  1884   1980  1981  1970  1967   1968  1982  1973  1959  2 10
   296    421   422   425   424    452   453   456   455   1886  1894  1900  1897   1969  1977  1983  1980   1968  1965  1979  1982  2 10
   297    407   423   426   406    438   454   457   437   1888  1901  1902  1903   1971  1984  1985  1986   1974  1973  1987  1988  2 10
   298    413   414   428   425    444   445   459   456   1906  1907  1908  1893   1989  1990  1991  1976   1978  1992  1993  1979  2 10
   299    406   426   429   405    437   457   460   436   1902  1911  1912  1913   1985  1994  1995  1996   1988  1987  1997  1998  2 10
   300    414   415   431   428    445   446   462   459   1916  1917  1918  1907   1999  2000  2001  1990   1992  2002  2003  1993  2 10
   301    423   424   427   426    454   455   458   457   1898  1921  1922  1901   1981  2004  2005  1984   1973  1982  2006  1987  2 10
   302    424   425   428   427    455   456   459   458   1900  1908  1924  1921   1983  1991  2007  2004   1982  1979  1993  2006  2 10
   303    405   429   432   404    436   460   463   435   1912  1925  1926  1927   1995  2008  2009  2010   1998  1997  2011  2012  2 10
   304    415   416   434   431    446   447   465   462   1930  1931  1932  1917   2013  2014  2015  2000   2002  2016  2017  2003  2 10
   305    426   427   430   429    457   458   461   460   1922  1935  1936  1911   2005  2018  2019  1994   1987  2006  2020  1997  2 10
   306    428   431   430   427    459   462   461   458   1918  1938  1935  1924   2001  2021  2018  2007   1993  2003  2020  2006  2 10
   307    430   433   432   429    461   464   463   460   1939  1940  1925  1936   2022  2023  2008  2019   2020  2024  2011  1997  2 10
   308    430   431   434   433    461   462   465   464   1938  1932  1942  1939   2021  2015  2025  2022   2020  2003  2017  2024  2 10
   309    441   449   448   440    472   480   479   471   1943  1944  1945  1946   2026  2027  2028  2029   2030  2031  2032  2033  2 2
   310    441   442   450   449    472   473   481   480   1951  1952  1953  1943   2034  2035  2036  2026   2030  2037  2038  2031  2 2
   311    440   448   451   439    471   479   482   470   1945  1956  1957  1958   2028  2039  2040  2041   2033  2032  2042  2043  2 8
   312    442   443   453   450    473   474   484   481   1961  1962  1963  1952   2044  2045  2046  2035   2037  2047  2048  2038  2 8
   313    448   449   452   451    479   480   483   482   1944  1966  1967  1956   2027  2049  2050  2039   2032  2031  2051  2042  2 8
   314    450   453   452   449    481   484   483   480   1963  1969  1966  1953   2046  2052  2049  2036   2038  2048  2051  2031  2 8
   315    439   451   454   438    470   482   485   469   1957  1970  1971  1972   2040  2053  2054  2055   2043  2042  2056  2057  2 10
   316    443   444   456   453    474   475   487   484   1975  1976  1977  1962   2058  2059  2060  2045   2047  2061  2062  2048  2 10
   317    452   455   454   451    483   486   485   482   1980  1981  1970  1967   2063  2064  2053  2050   2051  2065  2056  2042  2 10
   318    452   453   456   455    483   484   487   486   1969  1977  1983  1980   2052  2060  2066  2063   2051  2048  2062  2065  2 10
   319    438   454   457   437    469   485   488   468   1971  1984  1985  1986   2054  2067  2068  2069   2057  2056  2070  2071  2 10
   320    444   445   459   456    475   476   490   487   1989  1990  1991  1976   2072  2073  2074  2059   2061  2075  2076  2062  2 10
   321    437   457   460   436    468   488   491   467   1985  1994  1995  1996   2068  2077  2078  2079   2071  2070  2080  2081  2 10
   322    445   446   462   459    476   477   493   490   1999  2000  2001  1990   2082  2083  2084  2073   2075  2085  2086  2076  2 10
   323    454   455   458   457    485   486   489   488   1981  2004  2005  1984   2064  2087  2088  2067   2056  2065  2089  2070  2 10
   324    455   456   459   458    486   487   490   489   1983  1991  2007  2004   2066  2074  2090  2087   2065  2062  2076  2089  2 10
   325    436   460   463   435    467   491   494   466   1995  2008  2009  2010   2078  2091  2092  2093   2081  2080  2094  2095  2 10
   326    446   447   465   462    477   478   496   493   2013  2014  2015  2000   2096  2097  2098  2083   2085  2099  2100  2086  2 10
   327    457   458   461   460    488   489   492   491   2005  2018  2019  1994   2088  2101  2102  2077   2070  2089  2103  2080  2 10
   328    459   462   461   458    490   493   492   489   2001  2021  2018  2007   2084  2104  2101  2090   2076  2086  2103  2089  2 10
   329    461   464   463   460    492   495   494   491   2022  2023  2008  2019   2105  2106  2091  2102   2103  2107  2094  2080  2 10
   330    461   462   465   464    492   493   496   495   2021  2015  2025  2022   2104  2098  2108  2105   2103  2086  2100  2107  2 10
   331    472   480   479   471    503   511   510   502   2026  2027  2028  2029   2109  2110  2111  2112   2113  2114  2115  2116  2 2
   332    472   473   481   480    503   504   512   511   2034  2035  2036  2026   2117  2118  2119  2109   2113  2120  2121  2114  2 2
   333    471   479   482   470    502   510   513   501   2028  2039  2040  2041   2111  2122  2123  2124   2116  2115  2125  2126  2 8
   334    473   474   484   481    504   505   515   512   2044  2045  2046  2035   2127  2128  2129  2118   2120  2130  2131  2121  2 8
   335    479   480   483   482    510   511   514   513   2027  2049  2050  2039   2110  2132  2133  2122   2115  2114  2134  2125  2 8
   336    481   484   483   480    512   515   514   511   2046  2052  2049  2036   2129  2135  2132  2119   2121  2131  2134  2114  2 8
   337    470   482   485   469    501   513   516   500   2040  2053  2054  2055   2123  2136  2137  2138   2126  2125  2139  2140  2 10
   338    474   475   487   484    505   506   518   515   2058  2059  2060  2045   2141  2142  2143  2128   2130  2144  2145  2131  2 10
   339    483   486   485   482    514   517   516   513   2063  2064  2053  2050   2146  2147  2136  2133   2134  2148  2139  2125  2 10
   340    483   484   487   486    514   515   518   517   2052  2060  2066  2063   2135  2143  2149  2146   2134  2131  2145  2148  2 10
   341    469   485   488   468    500   516   519   499   2054  2067  2068  2069   2137  2150  2151  2152   2140  2139  2153  2154  2 10
   342    475   476   490   487    506   507   521   518   2072  2073  2074  2059   2155  2156  2157  2142   2144  2158  2159  2145  2 10
   343    468   488   491   467    499   519   522   498   2068  2077  2078  2079   2151  2160  2161  2162   2154  2153  2163  2164  2 10
   344    476   477   493   490    507   508   524   521   2082  2083  2084  2073   2165  2166  2167  2156   2158  2168  2169  2159  2 10
   345    485   486   489   488    516   517   520   519   2064  2087  2088  2067   2147  2170  2171  2150   2139  2148  2172  2153  2 10
   346    486   487   490   489    517   518   521   520   2066  2074  2090  2087   2149  2157  2173  2170   2148  2145  2159  2172  2 10
   347    467   491   494   466    498   522   525   497   2078  2091  2092  2093   2161  2174  2175  2176   2164  2163  2177  2178  2 10
   348    477   478   496   493    508   509   527   524   2096  2097  2098  2083   2179  2180  2181  2166   2168  2182  2183  2169  2 10
   349    488   489   492   491    519   520   523   522   2088  2101  2102  2077   2171  2184  2185  2160   2153  2172  2186  2163  2 10
   350    490   493   492   489    521   524   523   520   2084  2104  2101  2090   2167  2187  2184  2173   2159  2169  2186  2172  2 10
   351    492   495   494   491    523   526   525   522   2105  2106  2091  2102   2188  2189  2174  2185   2186  2190  2177  2163  2 10
   352    492   493   496   495    523   524   527   526   2104  2098  2108  2105   2187  2181  2191  2188   2186  2169  2183  2190  2 10
   353    503   511   510   502    534   542   541   533   2109  2110  2111  2112   2192  2193  2194  2195   2196  2197  2198  2199  2 2
   354    503   504   512   511    534   535   543   542   2117  2118  2119  2109   2200  2201  2202  2192   2196  2203  2204  2197  2 2
   355    502   510   513   501    533   541   544   532   2111  2122  2123  2124   2194  2205  2206  2207   2199  2198  2208  2209  2 9
   356    504   505   515   512    535   536   546   543   2127  2128  2129  2118   2210  2211  2212  2201   2203  2213  2214  2204  2 9
   357    510   511   514   513    541   542   545   544   2110  2132  2133  2122   2193  2215  2216  2205   2198  2197  2217  2208  2 9
   358    512   515   514   511    543   546   545   542   2129  2135  2132  2119   2212  2218  2215  2202   2204  2214  2217  2197  2 9
   359    501   513   516   500    532   544   547   531   2123  2136  2137  2138   2206  2219  2220  2221   2209  2208  2222  2223  2 11
   360    505   506   518   515    536   537   549   546   2141  2142  2143  2128   2224  2225  2226  2211   2213  2227  2228  2214  2 11
   361    514   517   516   513    545   548   547   544   2146  2147  2136  2133   2229  2230  2219  2216   2217  2231  2222  2208  2 11
   362    514   515   518   517    545   546   549   548   2135  2143  2149  2146   2218  2226  2232  2229   2217  2214  2228  2231  2 11
   363    500   516   519   499    531   547   550   530   2137  2150  2151  2152   2220  2233  2234  2235   2223  2222  2236  2237  2 11
   364    506   507   521   518    537   538   552   549   2155  2156  2157  2142   2238  2239  2240  2225   2227  2241  2242  2228  2 11
   365    499   519   522   498    530   550   553   529   2151  2160  2161  2162   2234  2243  2244  2245   2237  2236  2246  2247  2 11
   366    507   508   524   521    538   539   555   552   2165  2166  2167  2156   2248  2249  2250  2239   2241  2251  2252  2242  2 11
   367    516   517   520   519    547   548   551   550   2147  2170  2171  2150   2230  2253  2254  2233   2222  2231  2255  2236  2 11
   368    517   518   521   520    548   549   552   551   2149  2157  2173  2170   2232  2240  2256  2253   2231  2228  2242  2255  2 11
   369    498   522   525   497    529   553   556   528   2161  2174  2175  2176   2244  2257  2258  2259   2247  2246  2260  2261  2 11
   370    508   509   527   524    539   540   558   555   2179  2180  2181  2166   2262  2263  2264  2249   2251  2265  2266  2252  2 11
   371    519   520   523   522    550   551   554   553   2171  2184  2185  2160   2254  2267  2268  2243   2236  2255  2269  2246  2 11
   372    521   524   523   520    552   555   554   551   2167  2187  2184  2173   2250  2270  2267  2256   2242  2252  2269  2255  2 11
   373    523   526   525   522    554   557   556   553   2188  2189  2174  2185   2271  2272  2257  2268   2269  2273  2260  2246  2 11
   374    523   524   527   526    554   555   558   557   2187  2181  2191  2188   2270  2264  2274  2271   2269  2252  2266  2273  2 11
   375    534   542   541   533    565   573   572   564   2192  2193  2194  2195   2275  2276  2277  2278   2279  2280  2281  2282  2 2
   376    534   535   543   542    565   566   574   573   2200  2201  2202  2192   2283  2284  2285  2275   2279  2286  2287  2280  2 2
   377    533   541   544   532    564   572   575   563   2194  2205  2206  2207   2277  2288  2289  2290   2282  2281  2291  2292  2 9
   378    535   536   546   543    566   567   577   574   2210  2211  2212  2201   2293  2294  2295  2284   2286  2296  2297  2287  2 9
   379    541   542   545   544    572   573   576   575   2193  2215  2216  2205   2276  2298  2299  2288   2281  2280  2300  2291  2 9
   380    543   546   545   542    574   577   576   573   2212  2218  2215  2202   2295  2301  2298  2285   2287  2297  2300  2280  2 9
   381    532   544   547   531    563   575   578   562   2206  2219  2220  2221   2289  2302  2303  2304   2292  2291  2305  2306  2 11
   382    536   537   549   546    567   568   580   577   2224  2225  2226  2211   2307  2308  2309  2294   2296  2310  2311  2297  2 11
   383    545   548   547   544    576   579   578   575   2229  2230  2219  2216   2312  2313  2302  2299   2300  2314  2305  2291  2 11
   384    545   546   549   548    576   577   580   579   2218  2226  2232  2229   2301  2309  2315  2312   2300  2297  2311  2314  2 11
   385    531   547   550   530    562   578   581   561   2220  2233  2234  2235   2303  2316  2317  2318   2306  2305  2319  2320  2 11
   386    537   538   552   549    568   569   583   580   2238  2239  2240  2225   2321  2322  2323  2308   2310  2324  2325  2311  2 11
   387    530   550   553   529    561   581   584   560   2234  2243  2244  2245   2317  2326  2327  2328   2320  2319  2329  2330  2 11
   388    538   539   555   552    569   570   586   583   2248  2249  2250  2239   2331  2332  2333  2322   2324  2334  2335  2325  2 11
   389    547   548   551   550    578   579   582   581   2230  2253  2254  2233   2313  2336  2337  2316   2305  2314  2338  2319  2 11
   390    548   549   552   551    579   580   583   582   2232  2240  2256  2253   2315  2323  2339  2336   2314  2311  2325  2338  2 11
   391    529   553   556   528    560   584   587   559   2244  2257  2258  2259   2327  2340  2341  2342   2330  2329  2343  2344  2 11
   392    539   540   558   555    570   571   589   586   2262  2263  2264  2249   2345  2346  2347  2332   2334  2348  2349  2335  2 11
   393    550   551   554   553    581   582   585   584   2254  2267  2268  2243   2337  2350  2351  2326   2319  2338  2352  2329  2 11
   394    552   555   554   551    583   586   585   582   2250  2270  2267  2256   2333  2353  2350  2339   2325  2335  2352  2338  2 11
   395    554   557   556   553    585   588   587   584   2271  2272  2257  2268   2354  2355  2340  2351   2352  2356  2343  2329  2 11
   396    554   555   558   557    585   586   589   588   2270  2264  2274  2271   2353  2347  2357  2354   2352  2335  2349  2356  2 11
   397    565   573   572   564    596   604   603   595   2275  2276  2277  2278   2358  2359  2360  2361   2362  2363  2364  2365  2 2
   398    565   566   574   573    596   597   605   604   2283  2284  2285  2275   2366  2367  2368  2358   2362  2369  2370  2363  2 2
   399    564   572   575   563    595   603   606   594   2277  2288  2289  2290   2360  2371  2372  2373   2365  2364  2374  2375  2 9
   400    566   567   577   574    597   598   608   605   2293  2294  2295  2284   2376  2377  2378  2367   2369  2379  2380  2370  2 9
   401    572   573   576   575    603   604   607   606   2276  2298  2299  2288   2359  2381  2382  2371   2364  2363  2383  2374  2 9
   402    574   577   576   573    605   608   607   604   2295  2301  2298  2285   2378  2384  2381  2368   2370  2380  2383  2363  2 9
   403    563   575   578   562    594   606   609   593   2289  2302  2303  2304   2372  2385  2386  2387   2375  2374  2388  2389  2 11
   404    567   568   580   577    598   599   611   608   2307  2308  2309  2294   2390  2391  2392  2377   2379  2393  2394  2380  2 11
   405    576   579   578   575    607   610   609   606   2312  2313  2302  2299   2395  2396  2385  2382   2383  2397  2388  2374  2 11
   406    576   577   580   579    607   608   611   610   2301  2309  2315  2312   2384  2392  2398  2395   2383  2380  2394  2397  2 11
   407    562   578   581   561    593   609   612   592   2303  2316  2317  2318   2386  2399  2400  2401   2389  2388  2402  2403  2 11
   408    568   569   583   580    599   600   614   611   2321  2322  2323  2308   2404  2405  2406  2391   2393  2407  2408  2394  2 11
   409    561   581   584   560    592   612   615   591   2317  2326  2327  2328   2400  2409  2410  2411   2403  2402  2412  2413  2 11
   410    569   570   586   583    600   601   617   614   2331  2332  2333  2322   2414  2415  2416  2405   2407  2417  2418  2408  2 11
   411    578   579   582   581    609   610   613   612   2313  2336  2337  2316   2396  2419  2420  2399   2388  2397  2421  2402  2 11
   412    579   580   583   582    610   611   614   613   2315  2323  2339  2336   2398  2406  2422  2419   2397  2394  2408  2421  2 11
   413    560   584   587   559    591   615   618   590   2327  2340  2341  2342   2410  2423  2424  2425   2413  2412  2426  2427  2 11
   414    570   571   589   586    601   602   620   617   2345  2346  2347  2332   2428  2429  2430  2415   2417  2431  2432  2418  2 11
   415    581   582   585   584    612   613   616   615   2337  2350  2351  2326   2420  2433  2434  2409   2402  2421  2435  2412  2 11
   416    583   586   585   582    614   617   616   613   2333  2353  2350  2339   2416  2436  2433  2422   2408  2418  2435  2421  2 11
   417    585   588   587   584    616   619   618   615   2354  2355  2340  2351   2437  2438  2423  2434   2435  2439  2426  2412  2 11
   418    585   586   589   588    616   617   620   619   2353  2347  2357  2354   2436  2430  2440  2437   2435  2418  2432  2439  2 11
   419    596   604   603   595    627   635   634   626   2358  2359  2360  2361   2441  2442  2443  2444   2445  2446  2447  2448  2 2
   420    596   597   605   604    627   628   636   635   2366  2367  2368  2358   2449  2450  2451  2441   2445  2452  2453  2446  2 2
   421    595   603   606   594    626   634   637   625   2360  2371  2372  2373   2443  2454  2455  2456   2448  2447  2457  2458  2 9
   422    597   598   608   605    628   629   639   636   2376  2377  2378  2367   2459  2460  2461  2450   2452  2462  2463  2453  2 9
   423    603   604   607   606    634   635   638   637   2359  2381  2382  2371   2442  2464  2465  2454   2447  2446  2466  2457  2 9
   424    605   608   607   604    636   639   638   635   2378  2384  2381  2368   2461  2467  2464  2451   2453  2463  2466  2446  2 9
   425    594   606   609   593    625   637   640   624   2372  2385  2386  2387   2455  2468  2469  2470   2458  2457  2471  2472  2 11
   426    598   599   611   608    629   630   642   639   2390  2391  2392  2377   2473  2474  2475  2460   2462  2476  2477  2463  2 11
   427    607   610   609   606    638   641   640   637   2395  2396  2385  2382   2478  2479  2468  2465   2466  2480  2471  2457  2 11
   428    607   608   611   610    638   639   642   641   2384  2392  2398  2395   2467  2475  2481  2478   2466  2463  2477  2480  2 11
   429    593   609   612   592    624   640   643   623   2386  2399  2400  2401   2469  2482  2483  2484   2472  2471  2485  2486  2 11
   430    599   600   614   611    630   631   645   642   2404  2405  2406  2391   2487  2488  2489  2474   2476  2490  2491  2477  2 11
   431    592   612   615   591    623   643   646   622   2400  2409  2410  2411   2483  2492  2493  2494   2486  2485  2495  2496  2 11
   432    600   601   617   614    631   632   648   645   2414  2415  2416  2405   2497  2498  2499  2488   2490  2500  2501  2491  2 11
   433    609   610   613   612    640   641   644   643   2396  2419  2420  2399   2479  2502  2503  2482   2471  2480  2504  2485  2 11
   434    610   611   614   613    641   642   645   644   2398  2406  2422  2419   2481  2489  2505  2502   2480  2477  2491  2504  2 11
   435    591   615   618   590    622   646   649   621   2410  2423  2424  2425   2493  2506  2507  2508   2496  2495  2509  2510  2 11
   436    601   602   620   617    632   633   651   648   2428  2429  2430  2415   2511  2512  2513  2498   2500  2514  2515  2501  2 11
   437    612   613   616   615    643   644   647   646   2420  2433  2434  2409   2503  2516  2517  2492   2485  2504  2518  2495  2 11
   438    614   617   616   613    645   648   647   644   2416  2436  2433  2422   2499  2519  2516  2505   2491  2501  2518  2504  2 11
   439    616   619   618   615    647   650   649   646   2437  2438  2423  2434   2520  2521  2506  2517   2518  2522  2509  2495  2 11
   440    616   617   620   619    647   648   651   650   2436  2430  2440  2437   2519  2513  2523  2520   2518  2501  2515  2522  2 11
   441    627   635   634   626    658   666   665   657   2441  2442  2443  2444   2524  2525  2526  2527   2528  2529  2530  2531  2 2
   442    627   628   636   635    658   659   667   666   2449  2450  2451  2441   2532  2533  2534  2524   2528  2535  2536  2529  2 2
   443    626   634   637   625    657   665   668   656   2443  2454  2455  2456   2526  2537  2538  2539   2531  2530  2540  2541  2 9
   444    628   629   639   636    659   660   670   667   2459  2460  2461  2450   2542  2543  2544  2533   2535  2545  2546  2536  2 9
   445    634   635   638   637    665   666   669   668   2442  2464  2465  2454   2525  2547  2548  2537   2530  2529  2549  2540  2 9
   446    636   639   638   635    667   670   669   666   2461  2467  2464  2451   2544  2550  2547  2534   2536  2546  2549  2529  2 9
   447    625   637   640   624    656   668   671   655   2455  2468  2469  2470   2538  2551  2552  2553   2541  2540  2554  2555  2 11
   448    629   630   642   639    660   661   673   670   2473  2474  2475  2460   2556  2557  2558  2543   2545  2559  2560  2546  2 11
   449    638   641   640   637    669   672   671   668   2478  2479  2468  2465   2561  2562  2551  2548   2549  2563  2554  2540  2 11
   450    638   639   642   641    669   670   673   672   2467  2475  2481  2478   2550  2558  2564  2561   2549  2546  2560  2563  2 11
   451    624   640   643   623    655   671   674   654   2469  2482  2483  2484   2552  2565  2566  2567   2555  2554  2568  2569  2 11
   452    630   631   645   642    661   662   676   673   2487  2488  2489  2474   2570  2571  2572  2557   2559  2573  2574  2560  2 11
   453    623   643   646   622    654   674   677   653   2483  2492  2493  2494   2566  2575  2576  2577   2569  2568  2578  2579  2 11
   454    631   632   648   645    662   663   679   676   2497  2498  2499  2488   2580  2581  2582  2571   2573  2583  2584  2574  2 11
   455    640   641   644   643    671   672   675   674   2479  2502  2503  2482   2562  2585  2586  2565   2554  2563  2587  2568  2 11
   456    641   642   645   644    672   673   676   675   2481  2489  2505  2502   2564  2572  2588  2585   2563  2560  2574  2587  2 11
   457    622   646   649   621    653   677   680   652   2493  2506  2507  2508   2576  2589  2590  2591   2579  2578  2592  2593  2 11
   458    632   633   651   648    663   664   682   679   2511  2512  2513  2498   2594  2595  2596  2581   2583  2597  2598  2584  2 11
   459    643   644   647   646    674   675   678   677   2503  2516  2517  2492   2586  2599  2600  2575   2568  2587  2601  2578  2 11
   460    645   648   647   644    676   679   678   675   2499  2519  2516  2505   2582  2602  2599  2588   2574  2584  2601  2587  2 11
   461    647   650   649   646    678   681   680   677   2520  2521  2506  2517   2603  2604  2589  2600   2601  2605  2592  2578  2 11
   462    647   648   651   650    678   679   682   681   2519  2513  2523  2520   2602  2596  2606  2603   2601  2584  2598  2605  2 11
   463    658   666   665   657    689   697   696   688   2524  2525  2526  2527   2607  2608  2609  2610   2611  2612  2613  2614  2 2
   464    658   659   667   666    689   690   698   697   2532  2533  2534  2524   2615  2616  2617  2607   2611  2618  2619  2612  2 2
   465    657   665   668   656    688   696   699   687   2526  2537  2538  2539   2609  2620  2621  2622   2614  2613  2623  2624  2 9
   466    659   660   670   667    690   691   701   698   2542  2543  2544  2533   2625  2626  2627  2616   2618  2628  2629  2619  2 9
   467    665   666   669   668    696   697   700   699   2525  2547  2548  2537   2608  2630  2631  2620   2613  2612  2632  2623  2 9
   468    667   670   669   666    698   701   700   697   2544  2550  2547  2534   2627  2633  2630  2617   2619  2629  2632  2612  2 9
   469    656   668   671   655    687   699   702   686   2538  2551  2552  2553   2621  2634  2635  2636   2624  2623  2637  2638  2 11
   470    660   661   673   670    691   692   704   701   2556  2557  2558  2543   2639  2640  2641  2626   2628  2642  2643  2629  2 11
   471    669   672   671   668    700   703   702   699   2561  2562  2551  2548   2644  2645  2634  2631   2632  2646  2637  2623  2 11
   472    669   670   673   672    700   701   704   703   2550  2558  2564  2561   2633  2641  2647  2644   2632  2629  2643  2646  2 11
   473    655   671   674   654    686   702   705   685   2552  2565  2566  2567   2635  2648  2649  2650   2638  2637  2651  2652  2 11
   474    661   662   676   673    692   693   707   704   2570  2571  2572  2557   2653  2654  2655  2640   2642  2656  2657  2643  2 11
   475    654   674   677   653    685   705   708   684   2566  2575  2576  2577   2649  2658  2659  2660   2652  2651  2661  2662  2 11
   476    662   663   679   676    693   694   710   707   2580  2581  2582  2571   2663  2664  2665  2654   2656  2666  2667  2657  2 11
   477    671   672   675   674    702   703   706   705   2562  2585  2586  2565   2645  2668  2669  2648   2637  2646  2670  2651  2 11
   478    672   673   676   675    703   704   707   706   2564  2572  2588  2585   2647  2655  2671  2668   2646  2643  2657  2670  2 11
   479    653   677   680   652    684   708   711   683   2576  2589  2590  2591   2659  2672  2673  2674   2662  2661  2675  2676  2 11
   480    663   664   682   679    694   695   713   710   2594  2595  2596  2581   2677  2678  2679  2664   2666  2680  2681  2667  2 11
   481    674   675   678   677    705   706   709   708   2586  2599  2600  2575   2669  2682  2683  2658   2651  2670  2684  2661  2 11
   482    676   679   678   675    707   710   709   706   2582  2602  2599  2588   2665  2685  2682  2671   2657  2667  2684  2670  2 11
   483    678   681   680   677    709   712   711   708   2603  2604  2589  2600   2686  2687  2672  2683   2684  2688  2675  2661  2 11
   484    678   679   682   681    709   710   713   712   2602  2596  2606  2603   2685  2679  2689  2686   2684  2667  2681  2688  2 11
   485    689   697   696   688    720   728   727   719   2607  2608  2609  2610   2690  2691  2692  2693   2694  2695  2696  2697  2 2
   486    689   690   698   697    720   721   729   728   2615  2616  2617  2607   2698  2699  2700  2690   2694  2701  2702  2695  2 2
   487    688   696   699   687    719   727   730   718   2609  2620  2621  2622   2692  2703  2704  2705   2697  2696  2706  2707  2 9
   488    690   691   701   698    721   722   732   729   2625  2626  2627  2616   2708  2709  2710  2699   2701  2711  2712  2702  2 9
   489    696   697   700   699    727   728   731   730   2608  2630  2631  2620   2691  2713  2714  2703   2696  2695  2715  2706  2 9
   490    698   701   700   697    729   732   731   728   2627  2633  2630  2617   2710  2716  2713  2700   2702  2712  2715  2695  2 9
   491    687   699   702   686    718   730   733   717   2621  2634  2635  2636   2704  2717  2718  2719   2707  2706  2720  2721  2 11
   492    691   692   704   701    722   723   735   732   2639  2640  2641  2626   2722  2723  2724  2709   2711  2725  2726  2712  2 11
   493    700   703   702   699    731   734   733   730   2644  2645  2634  2631   2727  2728  2717  2714   2715  2729  2720  2706  2 11
   494    700   701   704   703    731   732   735   734   2633  2641  2647  2644   2716  2724  2730  2727   2715  2712  2726  2729  2 11
   495    686   702   705   685    717   733   736   716   2635  2648  2649  2650   2718  2731  2732  2733   2721  2720  2734  2735  2 11
   496    692   693   707   704    723   724   738   735   2653  2654  2655  2640   2736  2737  2738  2723   2725  2739  2740  2726  2 11
   497    685   705   708   684    716   736   739   715   2649  2658  2659  2660   2732  2741  2742  2743   2735  2734  2744  2745  2 11
   498    693   694   710   707    724   725   741   738   2663  2664  2665  2654   2746  2747  2748  2737   2739  2749  2750  2740  2 11
   499    702   703   706   705    733   734   737   736   2645  2668  2669  2648   2728  2751  2752  2731   2720  2729  2753  2734  2 11
   500    703   704   707   706    734   735   738   737   2647  2655  2671  2668   2730  2738  2754  2751   2729  2726  2740  2753  2 11
   501    684   708   711   683    715   739   742   714   2659  2672  2673  2674   2742  2755  2756  2757   2745  2744  2758  2759  2 11
   502    694   695   713   710    725   726   744   741   2677  2678  2679  2664   2760  2761  2762  2747   2749  2763  2764  2750  2 11
   503    705   706   709   708    736   737   740   739   2669  2682  2683  2658   2752  2765  2766  2741   2734  2753  2767  2744  2 11
   504    707   710   709   706    738   741   740   737   2665  2685  2682  2671   2748  2768  2765  2754   2740  2750  2767  2753  2 11
   505    709   712   711   708    740   743   742   739   2686  2687  2672  2683   2769  2770  2755  2766   2767  2771  2758  2744  2 11
   506    709   710   713   712    740   741   744   743   2685  2679  2689  2686   2768  2762  2772  2769   2767  2750  2764  2771  2 11
   507    720   728   727   719    751   759   758   750   2690  2691  2692  2693   2773  2774  2775  2776   2777  2778  2779  2780  2 2
   508    720   721   729   728    751   752   760   759   2698  2699  2700  2690   2781  2782  2783  2773   2777  2784  2785  2778  2 2
   509    719   727   730   718    750   758   761   749   2692  2703  2704  2705   2775  2786  2787  2788   2780  2779  2789  2790  2 9
   510    721   722   732   729    752   753   763   760   2708  2709  2710  2699   2791  2792  2793  2782   2784  2794  2795  2785  2 9
   511    727   728   731   730    758   759   762   761   2691  2713  2714  2703   2774  2796  2797  2786   2779  2778  2798  2789  2 9
   512    729   732   731   728    760   763   762   759   2710  2716  2713  2700   2793  2799  2796  2783   2785  2795  2798  2778  2 9
   513    718   730   733   717    749   761   764   748   2704  2717  2718  2719   2787  2800  2801  2802   2790  2789  2803  2804  2 11
   514    722   723   735   732    753   754   766   763   2722  2723  2724  2709   2805  2806  2807  2792   2794  2808  2809  2795  2 11
   515    731   734   733   730    762   765   764   761   2727  2728  2717  2714   2810  2811  2800  2797   2798  2812  2803  2789  2 11
   516    731   732   735   734    762   763   766   765   2716  2724  2730  2727   2799  2807  2813  2810   2798  2795  2809  2812  2 11
   517    717   733   736   716    748   764   767   747   2718  2731  2732  2733   2801  2814  2815  2816   2804  2803  2817  2818  2 11
   518    723   724   738   735    754   755   769   766   2736  2737  2738  2723   2819  2820  2821  2806   2808  2822  2823  2809  2 11
   519    716   736   739   715    747   767   770   746   2732  2741  2742  2743   2815  2824  2825  2826   2818  2817  2827  2828  2 11
   520    724   725   741   738    755   756   772   769   2746  2747  2748  2737   2829  2830  2831  2820   2822  2832  2833  2823  2 11
   521    733   734   737   736    764   765   768   767   2728  2751  2752  2731   2811  2834  2835  2814   2803  2812  2836  2817  2 11
   522    734   735   738   737    765   766   769   768   2730  2738  2754  2751   2813  2821  2837  2834   2812  2809  2823  2836  2 11
   523    715   739   742   714    746   770   773   745   2742  2755  2756  2757   2825  2838  2839  2840   2828  2827  2841  2842  2 11
   524    725   726   744   741    756   757   775   772   2760  2761  2762  2747   2843  2844  2845  2830   2832  2846  2847  2833  2 11
   525    736   737   740   739    767   768   771   770   2752  2765  2766  2741   2835  2848  2849  2824   2817  2836  2850  2827  2 11
   526    738   741   740   737    769   772   771   768   2748  2768  2765  2754   2831  2851  2848  2837   2823  2833  2850  2836  2 11
   527    740   743   742   739    771   774   773   770   2769  2770  2755  2766   2852  2853  2838  2849   2850  2854  2841  2827  2 11
   528    740   741   744   743    771   772   775   774   2768  2762  2772  2769   2851  2845  2855  2852   2850  2833  2847  2854  2 11
   529    751   759   758   750    777   780   779   776   2773  2774  2775  2776   2856  2857  2858  2859   2860  2861  2862  2863  2 3
   530    751   752   760   759    777   778   781   780   2781  2782  2783  2773   2864  2865  2866  2856   2860  2867  2868  2861  2 3
   531    776   777   780   779    782   783   786   785   2859  2856  2857  2858   2869  2870  2871  2872   2873  2874  2875  2876  2 3
   532    777   778   781   780    783   784   787   786   2864  2865  2866  2856   2877  2878  2879  2870   2874  2880  2881  2875  2 3
   533    782   783   786   785    788   789   792   791   2869  2870  2871  2872   2882  2883  2884  2885   2886  2887  2888  2889  2 3
   534    783   784   787   786    789   790   793   792   2877  2878  2879  2870   2890  2891  2892  2883   2887  2893  2894  2888  2 3
   535    788   789   792   791    794   795   798   797   2882  2883  2884  2885   2895  2896  2897  2898   2899  2900  2901  2902  2 3
   536    789   790   793   792    795   796   799   798   2890  2891  2892  2883   2903  2904  2905  2896   2900  2906  2907  2901  2 3
   537    794   795   798   797    800   801   804   803   2895  2896  2897  2898   2908  2909  2910  2911   2912  2913  2914  2915  2 3
   538    795   796   799   798    801   802   805   804   2903  2904  2905  2896   2916  2917  2918  2909   2913  2919  2920  2914  2 3
   539    800   801   804   803    806   807   810   809   2908  2909  2910  2911   2921  2922  2923  2924   2925  2926  2927  2928  2 3
   540    801   802   805   804    807   808   811   810   2916  2917  2918  2909   2929  2930  2931  2922   2926  2932  2933  2927  2 3
