The Northridge (USA) earthquake of January 17, 1994.
Source: PEER Strong Motion Database
Recording station: 090 CDMG STATION 24278
Frequency range: 0.12-23.0 Hz
Time[s] Accel[g]
0.0000	-0.0012
0.0100	-0.0007
0.0200	-0.0003
0.0300	-0.0004
0.0400	-0.0005
0.0500	0.0000
0.0600	0.0006
0.0700	0.0032
0.0800	0.0057
0.0900	0.0059
0.1000	0.0061
0.1100	0.0053
0.1200	0.0045
0.1300	0.0052
0.1400	0.0058
0.1500	0.0056
0.1600	0.0054
0.1700	0.0037
0.1800	0.0021
0.1900	0.0025
0.2000	0.0030
0.2100	0.0038
0.2200	0.0046
0.2300	0.0043
0.2400	0.0040
0.2500	0.0027
0.2600	0.0014
0.2700	-0.0012
0.2800	-0.0037
0.2900	-0.0056
0.3000	-0.0075
0.3100	-0.0082
0.3200	-0.0089
0.3300	-0.0084
0.3400	-0.0079
0.3500	-0.0053
0.3600	-0.0026
0.3700	0.0002
0.3800	0.0030
0.3900	0.0040
0.4000	0.0051
0.4100	0.0037
0.4200	0.0023
0.4300	0.0006
0.4400	-0.0011
0.4500	-0.0010
0.4600	-0.0009
0.4700	-0.0011
0.4800	-0.0012
0.4900	0.0021
0.5000	0.0055
0.5100	0.0099
0.5200	0.0144
0.5300	0.0138
0.5400	0.0132
0.5500	0.0121
0.5600	0.0109
0.5700	0.0106
0.5800	0.0102
0.5900	0.0077
0.6000	0.0052
0.6100	-0.0006
0.6200	-0.0065
0.6300	-0.0108
0.6400	-0.0152
0.6500	-0.0172
0.6600	-0.0192
0.6700	-0.0203
0.6800	-0.0215
0.6900	-0.0187
0.7000	-0.0159
0.7100	-0.0117
0.7200	-0.0074
0.7300	-0.0040
0.7400	-0.0006
0.7500	0.0028
0.7600	0.0063
0.7700	0.0070
0.7800	0.0078
0.7900	0.0074
0.8000	0.0071
0.8100	0.0058
0.8200	0.0045
0.8300	0.0029
0.8400	0.0013
0.8500	-0.0009
0.8600	-0.0030
0.8700	-0.0062
0.8800	-0.0094
0.8900	-0.0080
0.9000	-0.0065
0.9100	0.0009
0.9200	0.0084
0.9300	0.0154
0.9400	0.0223
0.9500	0.0204
0.9600	0.0185
0.9700	0.0168
0.9800	0.0151
0.9900	0.0130
1.0000	0.0110
1.0100	0.0047
1.0200	-0.0017
1.0300	-0.0078
1.0400	-0.0140
1.0500	-0.0172
1.0600	-0.0204
1.0700	-0.0221
1.0800	-0.0239
1.0900	-0.0276
1.1000	-0.0313
1.1100	-0.0308
1.1200	-0.0304
1.1300	-0.0256
1.1400	-0.0209
1.1500	-0.0114
1.1600	-0.0019
1.1700	0.0099
1.1800	0.0216
1.1900	0.0246
1.2000	0.0277
1.2100	0.0236
1.2200	0.0195
1.2300	0.0115
1.2400	0.0036
1.2500	0.0012
1.2600	-0.0012
1.2700	0.0027
1.2800	0.0067
1.2900	0.0121
1.3000	0.0175
1.3100	0.0223
1.3200	0.0271
1.3300	0.0278
1.3400	0.0285
1.3500	0.0227
1.3600	0.0170
1.3700	0.0074
1.3800	-0.0021
1.3900	-0.0028
1.4000	-0.0034
1.4100	0.0055
1.4200	0.0144
1.4300	0.0169
1.4400	0.0195
1.4500	0.0140
1.4600	0.0086
1.4700	0.0005
1.4800	-0.0075
1.4900	-0.0231
1.5000	-0.0388
1.5100	-0.0484
1.5200	-0.0580
1.5300	-0.0576
1.5400	-0.0572
1.5500	-0.0439
1.5600	-0.0307
1.5700	-0.0167
1.5800	-0.0028
1.5900	0.0123
1.6000	0.0274
1.6100	0.0411
1.6200	0.0547
1.6300	0.0580
1.6400	0.0612
1.6500	0.0497
1.6600	0.0382
1.6700	0.0202
1.6800	0.0021
1.6900	-0.0040
1.7000	-0.0102
1.7100	-0.0135
1.7200	-0.0169
1.7300	-0.0171
1.7400	-0.0173
1.7500	-0.0184
1.7600	-0.0195
1.7700	-0.0108
1.7800	-0.0021
1.7900	0.0157
1.8000	0.0336
1.8100	0.0358
1.8200	0.0379
1.8300	0.0267
1.8400	0.0155
1.8500	-0.0031
1.8600	-0.0217
1.8700	-0.0349
1.8800	-0.0482
1.8900	-0.0490
1.9000	-0.0497
1.9100	-0.0462
1.9200	-0.0427
1.9300	-0.0317
1.9400	-0.0207
1.9500	-0.0013
1.9600	0.0182
1.9700	0.0371
1.9800	0.0561
1.9900	0.0604
2.0000	0.0647
2.0100	0.0541
2.0200	0.0435
2.0300	0.0319
2.0400	0.0204
2.0500	0.0064
2.0600	-0.0075
2.0700	-0.0262
2.0800	-0.0449
2.0900	-0.0488
2.1000	-0.0528
2.1100	-0.0409
2.1200	-0.0290
2.1300	-0.0142
2.1400	0.0005
2.1500	0.0133
2.1600	0.0262
2.1700	0.0362
2.1800	0.0462
2.1900	0.0413
2.2000	0.0365
2.2100	0.0157
2.2200	-0.0050
2.2300	-0.0135
2.2400	-0.0220
2.2500	-0.0172
2.2600	-0.0124
2.2700	-0.0065
2.2800	-0.0006
2.2900	-0.0032
2.3000	-0.0058
2.3100	-0.0089
2.3200	-0.0121
2.3300	-0.0113
2.3400	-0.0105
2.3500	-0.0048
2.3600	0.0008
2.3700	0.0007
2.3800	0.0006
2.3900	-0.0149
2.4000	-0.0304
2.4100	-0.0281
2.4200	-0.0258
2.4300	-0.0121
2.4400	0.0016
2.4500	-0.0050
2.4600	-0.0115
2.4700	-0.0287
2.4800	-0.0460
2.4900	-0.0422
2.5000	-0.0384
2.5100	-0.0256
2.5200	-0.0128
2.5300	0.0061
2.5400	0.0250
2.5500	0.0474
2.5600	0.0699
2.5700	0.0772
2.5800	0.0846
2.5900	0.0659
2.6000	0.0473
2.6100	0.0353
2.6200	0.0232
2.6300	0.0209
2.6400	0.0185
2.6500	0.0035
2.6600	-0.0115
2.6700	-0.0225
2.6800	-0.0336
2.6900	-0.0378
2.7000	-0.0420
2.7100	-0.0445
2.7200	-0.0471
2.7300	-0.0396
2.7400	-0.0321
2.7500	-0.0029
2.7600	0.0263
2.7700	0.0504
2.7800	0.0745
2.7900	0.0656
2.8000	0.0568
2.8100	0.0287
2.8200	0.0006
2.8300	-0.0254
2.8400	-0.0514
2.8500	-0.0677
2.8600	-0.0840
2.8700	-0.0939
2.8800	-0.1039
2.8900	-0.0944
2.9000	-0.0848
2.9100	-0.0633
2.9200	-0.0417
2.9300	-0.0236
2.9400	-0.0054
2.9500	0.0102
2.9600	0.0259
2.9700	0.0398
2.9800	0.0537
2.9900	0.0619
3.0000	0.0701
3.0100	0.0595
3.0200	0.0488
3.0300	0.0298
3.0400	0.0109
3.0500	-0.0032
3.0600	-0.0173
3.0700	-0.0152
3.0800	-0.0131
3.0900	0.0061
3.1000	0.0252
3.1100	0.0386
3.1200	0.0520
3.1300	0.0543
3.1400	0.0565
3.1500	0.0531
3.1600	0.0496
3.1700	0.0437
3.1800	0.0378
3.1900	0.0238
3.2000	0.0098
3.2100	-0.0156
3.2200	-0.0409
3.2300	-0.0617
3.2400	-0.0824
3.2500	-0.0801
3.2600	-0.0777
3.2700	-0.0578
3.2800	-0.0378
3.2900	-0.0196
3.3000	-0.0013
3.3100	0.0223
3.3200	0.0459
3.3300	0.0599
3.3400	0.0738
3.3500	0.0642
3.3600	0.0545
3.3700	0.0478
3.3800	0.0412
3.3900	0.0478
3.4000	0.0543
3.4100	0.0573
3.4200	0.0602
3.4300	0.0576
3.4400	0.0549
3.4500	0.0511
3.4600	0.0473
3.4700	0.0382
3.4800	0.0290
3.4900	0.0119
3.5000	-0.0052
3.5100	-0.0214
3.5200	-0.0375
3.5300	-0.0556
3.5400	-0.0738
3.5500	-0.0844
3.5600	-0.0950
3.5700	-0.0946
3.5800	-0.0942
3.5900	-0.0912
3.6000	-0.0881
3.6100	-0.0804
3.6200	-0.0727
3.6300	-0.0596
3.6400	-0.0465
3.6500	-0.0361
3.6600	-0.0256
3.6700	-0.0226
3.6800	-0.0195
3.6900	-0.0177
3.7000	-0.0160
3.7100	0.0045
3.7200	0.0249
3.7300	0.0485
3.7400	0.0722
3.7500	0.0734
3.7600	0.0746
3.7700	0.0579
3.7800	0.0412
3.7900	0.0197
3.8000	-0.0018
3.8100	-0.0089
3.8200	-0.0159
3.8300	-0.0106
3.8400	-0.0053
3.8500	-0.0010
3.8600	0.0033
3.8700	-0.0019
3.8800	-0.0071
3.8900	-0.0151
3.9000	-0.0231
3.9100	-0.0185
3.9200	-0.0140
3.9300	0.0036
3.9400	0.0211
3.9500	0.0290
3.9600	0.0368
3.9700	0.0468
3.9800	0.0568
3.9900	0.0651
4.0000	0.0733
4.0100	0.0548
4.0200	0.0363
4.0300	0.0186
4.0400	0.0010
4.0500	0.0011
4.0600	0.0012
4.0700	0.0056
4.0800	0.0099
4.0900	0.0155
4.1000	0.0211
4.1100	0.0255
4.1200	0.0299
4.1300	0.0174
4.1400	0.0050
4.1500	-0.0234
4.1600	-0.0517
4.1700	-0.0726
4.1800	-0.0935
4.1900	-0.1003
4.2000	-0.1070
4.2100	-0.1028
4.2200	-0.0985
4.2300	-0.0847
4.2400	-0.0710
4.2500	-0.0497
4.2600	-0.0284
4.2700	-0.0112
4.2800	0.0061
4.2900	0.0086
4.3000	0.0111
4.3100	0.0137
4.3200	0.0163
4.3300	0.0226
4.3400	0.0290
4.3500	0.0267
4.3600	0.0243
4.3700	0.0189
4.3800	0.0135
4.3900	0.0126
4.4000	0.0116
4.4100	0.0085
4.4200	0.0054
4.4300	-0.0042
4.4400	-0.0139
4.4500	-0.0238
4.4600	-0.0336
4.4700	-0.0396
4.4800	-0.0455
4.4900	-0.0489
4.5000	-0.0522
4.5100	-0.0554
4.5200	-0.0585
4.5300	-0.0461
4.5400	-0.0336
4.5500	-0.0011
4.5600	0.0314
4.5700	0.0608
4.5800	0.0902
4.5900	0.0985
4.6000	0.1069
4.6100	0.1075
4.6200	0.1080
4.6300	0.1077
4.6400	0.1074
4.6500	0.0886
4.6600	0.0699
4.6700	0.0380
4.6800	0.0062
4.6900	-0.0144
4.7000	-0.0351
4.7100	-0.0398
4.7200	-0.0446
4.7300	-0.0466
4.7400	-0.0486
4.7500	-0.0406
4.7600	-0.0327
4.7700	-0.0232
4.7800	-0.0137
4.7900	-0.0130
4.8000	-0.0124
4.8100	-0.0165
4.8200	-0.0207
4.8300	-0.0228
4.8400	-0.0250
4.8500	-0.0134
4.8600	-0.0018
4.8700	0.0109
4.8800	0.0237
4.8900	0.0252
4.9000	0.0266
4.9100	0.0239
4.9200	0.0211
4.9300	0.0179
4.9400	0.0147
4.9500	0.0111
4.9600	0.0075
4.9700	0.0025
4.9800	-0.0024
4.9900	-0.0025
5.0000	-0.0026
5.0100	-0.0037
5.0200	-0.0049
5.0300	-0.0209
5.0400	-0.0370
5.0500	-0.0445
5.0600	-0.0520
5.0700	-0.0457
5.0800	-0.0395
5.0900	-0.0347
5.1000	-0.0299
5.1100	-0.0302
5.1200	-0.0305
5.1300	-0.0282
5.1400	-0.0260
5.1500	-0.0122
5.1600	0.0016
5.1700	0.0162
5.1800	0.0309
5.1900	0.0403
5.2000	0.0498
5.2100	0.0638
5.2200	0.0778
5.2300	0.1011
5.2400	0.1244
5.2500	0.1353
5.2600	0.1463
5.2700	0.1254
5.2800	0.1044
5.2900	0.0695
5.3000	0.0345
5.3100	0.0051
5.3200	-0.0243
5.3300	-0.0477
5.3400	-0.0712
5.3500	-0.0891
5.3600	-0.1071
5.3700	-0.1137
5.3800	-0.1203
5.3900	-0.1186
5.4000	-0.1170
5.4100	-0.1059
5.4200	-0.0947
5.4300	-0.0822
5.4400	-0.0697
5.4500	-0.0638
5.4600	-0.0580
5.4700	-0.0536
5.4800	-0.0493
5.4900	-0.0490
5.5000	-0.0487
5.5100	-0.0613
5.5200	-0.0738
5.5300	-0.0857
5.5400	-0.0975
5.5500	-0.0974
5.5600	-0.0972
5.5700	-0.0792
5.5800	-0.0612
5.5900	-0.0375
5.6000	-0.0137
5.6100	0.0118
5.6200	0.0372
5.6300	0.0641
5.6400	0.0909
5.6500	0.1021
5.6600	0.1133
5.6700	0.1081
5.6800	0.1028
5.6900	0.0849
5.7000	0.0670
5.7100	0.0571
5.7200	0.0472
5.7300	0.0435
5.7400	0.0399
5.7500	0.0377
5.7600	0.0356
5.7700	0.0290
5.7800	0.0224
5.7900	0.0157
5.8000	0.0091
5.8100	0.0093
5.8200	0.0095
5.8300	0.0143
5.8400	0.0191
5.8500	0.0262
5.8600	0.0333
5.8700	0.0322
5.8800	0.0311
5.8900	0.0147
5.9000	-0.0018
5.9100	-0.0308
5.9200	-0.0598
5.9300	-0.0872
5.9400	-0.1146
5.9500	-0.1384
5.9600	-0.1622
5.9700	-0.1712
5.9800	-0.1801
5.9900	-0.1798
6.0000	-0.1796
6.0100	-0.1736
6.0200	-0.1676
6.0300	-0.1498
6.0400	-0.1319
6.0500	-0.1060
6.0600	-0.0802
6.0700	-0.0421
6.0800	-0.0041
6.0900	0.0272
6.1000	0.0585
6.1100	0.0530
6.1200	0.0474
6.1300	0.0187
6.1400	-0.0100
6.1500	-0.0236
6.1600	-0.0371
6.1700	-0.0388
6.1800	-0.0404
6.1900	-0.0392
6.2000	-0.0380
6.2100	-0.0352
6.2200	-0.0323
6.2300	-0.0287
6.2400	-0.0251
6.2500	-0.0208
6.2600	-0.0165
6.2700	-0.0163
6.2800	-0.0161
6.2900	-0.0136
6.3000	-0.0112
6.3100	-0.0085
6.3200	-0.0059
6.3300	-0.0042
6.3400	-0.0025
6.3500	-0.0076
6.3600	-0.0126
6.3700	-0.0374
6.3800	-0.0622
6.3900	-0.0766
6.4000	-0.0911
6.4100	-0.0866
6.4200	-0.0820
6.4300	-0.0417
6.4400	-0.0014
6.4500	0.0575
6.4600	0.1164
6.4700	0.1758
6.4800	0.2353
6.4900	0.2905
6.5000	0.3456
6.5100	0.3695
6.5200	0.3933
6.5300	0.4027
6.5400	0.4121
6.5500	0.3828
6.5600	0.3535
6.5700	0.2823
6.5800	0.2112
6.5900	0.1389
6.6000	0.0666
6.6100	0.0117
6.6200	-0.0433
6.6300	-0.0891
6.6400	-0.1349
6.6500	-0.1679
6.6600	-0.2010
6.6700	-0.2345
6.6800	-0.2681
6.6900	-0.2888
6.7000	-0.3096
6.7100	-0.3087
6.7200	-0.3079
6.7300	-0.2599
6.7400	-0.2119
6.7500	-0.1534
6.7600	-0.0948
6.7700	0.0124
6.7800	0.1196
6.7900	0.2635
6.8000	0.4074
6.8100	0.3974
6.8200	0.3874
6.8300	0.2939
6.8400	0.2005
6.8500	0.1158
6.8600	0.0310
6.8700	-0.0123
6.8800	-0.0557
6.8900	-0.0655
6.9000	-0.0753
6.9100	-0.0595
6.9200	-0.0436
6.9300	-0.0030
6.9400	0.0377
6.9500	0.0751
6.9600	0.1125
6.9700	0.1229
6.9800	0.1334
6.9900	0.1337
7.0000	0.1341
7.0100	0.1157
7.0200	0.0973
7.0300	0.0572
7.0400	0.0172
7.0500	-0.0249
7.0600	-0.0669
7.0700	-0.0790
7.0800	-0.0912
7.0900	-0.0773
7.1000	-0.0635
7.1100	-0.0485
7.1200	-0.0335
7.1300	-0.0139
7.1400	0.0057
7.1500	0.0356
7.1600	0.0655
7.1700	0.0685
7.1800	0.0715
7.1900	0.0356
7.2000	-0.0002
7.2100	-0.0350
7.2200	-0.0698
7.2300	-0.1052
7.2400	-0.1407
7.2500	-0.1457
7.2600	-0.1506
7.2700	-0.1287
7.2800	-0.1068
7.2900	-0.0655
7.3000	-0.0242
7.3100	0.0554
7.3200	0.1349
7.3300	0.2246
7.3400	0.3143
7.3500	0.3704
7.3600	0.4266
7.3700	0.4415
7.3800	0.4565
7.3900	0.3908
7.4000	0.3251
7.4100	0.2622
7.4200	0.1994
7.4300	0.1751
7.4400	0.1508
7.4500	0.1225
7.4600	0.0942
7.4700	0.0657
7.4800	0.0373
7.4900	0.0107
7.5000	-0.0159
7.5100	-0.0340
7.5200	-0.0520
7.5300	-0.0626
7.5400	-0.0731
7.5500	-0.0800
7.5600	-0.0869
7.5700	-0.0915
7.5800	-0.0961
7.5900	-0.1061
7.6000	-0.1161
7.6100	-0.1316
7.6200	-0.1471
7.6300	-0.1700
7.6400	-0.1929
7.6500	-0.2183
7.6600	-0.2437
7.6700	-0.2659
7.6800	-0.2880
7.6900	-0.3128
7.7000	-0.3376
7.7100	-0.3441
7.7200	-0.3507
7.7300	-0.3524
7.7400	-0.3540
7.7500	-0.3263
7.7600	-0.2986
7.7700	-0.2585
7.7800	-0.2184
7.7900	-0.1769
7.8000	-0.1354
7.8100	-0.0827
7.8200	-0.0301
7.8300	0.0662
7.8400	0.1625
7.8500	0.1645
7.8600	0.1665
7.8700	0.0821
7.8800	-0.0023
7.8900	-0.0570
7.9000	-0.1116
7.9100	-0.1608
7.9200	-0.2100
7.9300	-0.2489
7.9400	-0.2877
7.9500	-0.3109
7.9600	-0.3342
7.9700	-0.3365
7.9800	-0.3388
7.9900	-0.3248
8.0000	-0.3108
8.0100	-0.2881
8.0200	-0.2653
8.0300	-0.2216
8.0400	-0.1779
8.0500	-0.1297
8.0600	-0.0815
8.0700	0.0936
8.0800	0.2687
8.0900	0.4038
8.1000	0.5389
8.1100	0.5416
8.1200	0.5443
8.1300	0.5563
8.1400	0.5683
8.1500	0.5135
8.1600	0.4588
8.1700	0.4095
8.1800	0.3602
8.1900	0.3207
8.2000	0.2812
8.2100	0.2403
8.2200	0.1993
8.2300	0.1396
8.2400	0.0798
8.2500	0.0358
8.2600	-0.0083
8.2700	-0.0457
8.2800	-0.0831
8.2900	-0.1112
8.3000	-0.1394
8.3100	-0.1547
8.3200	-0.1700
8.3300	-0.1687
8.3400	-0.1673
8.3500	-0.1438
8.3600	-0.1204
8.3700	-0.0908
8.3800	-0.0613
8.3900	-0.0252
8.4000	0.0109
8.4100	0.0434
8.4200	0.0759
8.4300	0.0985
8.4400	0.1210
8.4500	0.1368
8.4600	0.1526
8.4700	0.1653
8.4800	0.1780
8.4900	0.1763
8.5000	0.1746
8.5100	0.1646
8.5200	0.1546
8.5300	0.1375
8.5400	0.1203
8.5500	0.1003
8.5600	0.0804
8.5700	0.0499
8.5800	0.0194
8.5900	-0.0136
8.6000	-0.0466
8.6100	-0.0723
8.6200	-0.0979
8.6300	-0.1219
8.6400	-0.1458
8.6500	-0.1546
8.6600	-0.1634
8.6700	-0.1638
8.6800	-0.1641
8.6900	-0.1609
8.7000	-0.1576
8.7100	-0.1445
8.7200	-0.1313
8.7300	-0.1055
8.7400	-0.0796
8.7500	-0.0624
8.7600	-0.0452
8.7700	-0.0457
8.7800	-0.0463
8.7900	-0.0493
8.8000	-0.0523
8.8100	-0.0418
8.8200	-0.0313
8.8300	-0.0158
8.8400	-0.0003
8.8500	0.0064
8.8600	0.0131
8.8700	0.0251
8.8800	0.0371
8.8900	0.0504
8.9000	0.0638
8.9100	0.0825
8.9200	0.1012
8.9300	0.1272
8.9400	0.1531
8.9500	0.1717
8.9600	0.1904
8.9700	0.1956
8.9800	0.2008
8.9900	0.2064
9.0000	0.2120
9.0100	0.2177
9.0200	0.2234
9.0300	0.2152
9.0400	0.2070
9.0500	0.1751
9.0600	0.1431
9.0700	0.1089
9.0800	0.0746
9.0900	0.0483
9.1000	0.0219
9.1100	0.0026
9.1200	-0.0168
9.1300	-0.0331
9.1400	-0.0495
9.1500	-0.0746
9.1600	-0.0997
9.1700	-0.1244
9.1800	-0.1491
9.1900	-0.1714
9.2000	-0.1937
9.2100	-0.2114
9.2200	-0.2292
9.2300	-0.2399
9.2400	-0.2507
9.2500	-0.2579
9.2600	-0.2651
9.2700	-0.2712
9.2800	-0.2773
9.2900	-0.2800
9.3000	-0.2826
9.3100	-0.2831
9.3200	-0.2835
9.3300	-0.2808
9.3400	-0.2781
9.3500	-0.2728
9.3600	-0.2675
9.3700	-0.2514
9.3800	-0.2352
9.3900	-0.1997
9.4000	-0.1643
9.4100	-0.1198
9.4200	-0.0753
9.4300	-0.0102
9.4400	0.0549
9.4500	0.0762
9.4600	0.0975
9.4700	0.0659
9.4800	0.0343
9.4900	0.0192
9.5000	0.0040
9.5100	-0.0024
9.5200	-0.0088
9.5300	0.0094
9.5400	0.0276
9.5500	0.0581
9.5600	0.0885
9.5700	0.1174
9.5800	0.1463
9.5900	0.1533
9.6000	0.1602
9.6100	0.1322
9.6200	0.1042
9.6300	0.0764
9.6400	0.0486
9.6500	0.0294
9.6600	0.0102
9.6700	0.0117
9.6800	0.0133
9.6900	0.0382
9.7000	0.0631
9.7100	0.0873
9.7200	0.1115
9.7300	0.1231
9.7400	0.1347
9.7500	0.1362
9.7600	0.1377
9.7700	0.1361
9.7800	0.1345
9.7900	0.1236
9.8000	0.1126
9.8100	0.0978
9.8200	0.0830
9.8300	0.0787
9.8400	0.0745
9.8500	0.0740
9.8600	0.0734
9.8700	0.0726
9.8800	0.0718
9.8900	0.0782
9.9000	0.0845
9.9100	0.0924
9.9200	0.1003
9.9300	0.1011
9.9400	0.1018
9.9500	0.0887
9.9600	0.0756
9.9700	0.0546
9.9800	0.0337
9.9900	0.0140
10.0000	-0.0058
10.0100	-0.0245
10.0200	-0.0432
10.0300	-0.0496
10.0400	-0.0561
10.0500	-0.0598
10.0600	-0.0634
10.0700	-0.0665
10.0800	-0.0696
10.0900	-0.0743
10.1000	-0.0791
10.1100	-0.0831
10.1200	-0.0871
10.1300	-0.0877
10.1400	-0.0883
10.1500	-0.0833
10.1600	-0.0782
10.1700	-0.0573
10.1800	-0.0363
10.1900	-0.0104
10.2000	0.0155
10.2100	0.0383
10.2200	0.0611
10.2300	0.0739
10.2400	0.0867
10.2500	0.0853
10.2600	0.0838
10.2700	0.0688
10.2800	0.0538
10.2900	0.0314
10.3000	0.0089
10.3100	-0.0098
10.3200	-0.0285
10.3300	-0.0351
10.3400	-0.0417
10.3500	-0.0339
10.3600	-0.0261
10.3700	-0.0093
10.3800	0.0076
10.3900	0.0199
10.4000	0.0323
10.4100	0.0374
10.4200	0.0426
10.4300	0.0458
10.4400	0.0490
10.4500	0.0503
10.4600	0.0517
10.4700	0.0520
10.4800	0.0524
10.4900	0.0516
10.5000	0.0508
10.5100	0.0498
10.5200	0.0488
10.5300	0.0496
10.5400	0.0505
10.5500	0.0559
10.5600	0.0613
10.5700	0.0748
10.5800	0.0883
10.5900	0.0981
10.6000	0.1079
10.6100	0.1108
10.6200	0.1138
10.6300	0.0977
10.6400	0.0816
10.6500	0.0576
10.6600	0.0335
10.6700	0.0126
10.6800	-0.0083
10.6900	-0.0266
10.7000	-0.0448
10.7100	-0.0559
10.7200	-0.0670
10.7300	-0.0758
10.7400	-0.0845
10.7500	-0.0883
10.7600	-0.0921
10.7700	-0.0878
10.7800	-0.0835
10.7900	-0.0607
10.8000	-0.0378
10.8100	-0.0131
10.8200	0.0115
10.8300	0.0338
10.8400	0.0562
10.8500	0.0607
10.8600	0.0653
10.8700	0.0353
10.8800	0.0052
10.8900	-0.0285
10.9000	-0.0622
10.9100	-0.0862
10.9200	-0.1102
10.9300	-0.1279
10.9400	-0.1456
10.9500	-0.1539
10.9600	-0.1622
10.9700	-0.1661
10.9800	-0.1699
10.9900	-0.1672
11.0000	-0.1646
11.0100	-0.1496
11.0200	-0.1345
11.0300	-0.1089
11.0400	-0.0834
11.0500	-0.0550
11.0600	-0.0266
11.0700	0.0002
11.0800	0.0270
11.0900	0.0442
11.1000	0.0614
11.1100	0.0617
11.1200	0.0619
11.1300	0.0506
11.1400	0.0392
11.1500	0.0300
11.1600	0.0207
11.1700	0.0168
11.1800	0.0129
11.1900	0.0029
11.2000	-0.0071
11.2100	-0.0188
11.2200	-0.0305
11.2300	-0.0363
11.2400	-0.0422
11.2500	-0.0451
11.2600	-0.0481
11.2700	-0.0426
11.2800	-0.0370
11.2900	-0.0247
11.3000	-0.0123
11.3100	0.0075
11.3200	0.0273
11.3300	0.0488
11.3400	0.0702
11.3500	0.0769
11.3600	0.0836
11.3700	0.0739
11.3800	0.0641
11.3900	0.0403
11.4000	0.0166
11.4100	-0.0039
11.4200	-0.0244
11.4300	-0.0333
11.4400	-0.0422
11.4500	-0.0443
11.4600	-0.0464
11.4700	-0.0429
11.4800	-0.0393
11.4900	-0.0322
11.5000	-0.0250
11.5100	-0.0180
11.5200	-0.0109
11.5300	-0.0078
11.5400	-0.0048
11.5500	-0.0050
11.5600	-0.0052
11.5700	-0.0074
11.5800	-0.0095
11.5900	-0.0109
11.6000	-0.0123
11.6100	-0.0121
11.6200	-0.0119
11.6300	-0.0065
11.6400	-0.0012
11.6500	0.0097
11.6600	0.0207
11.6700	0.0342
11.6800	0.0477
11.6900	0.0663
11.7000	0.0848
11.7100	0.1032
11.7200	0.1216
11.7300	0.1313
11.7400	0.1409
11.7500	0.1438
11.7600	0.1468
11.7700	0.1461
11.7800	0.1454
11.7900	0.1432
11.8000	0.1410
11.8100	0.1349
11.8200	0.1288
11.8300	0.1150
11.8400	0.1012
11.8500	0.0881
11.8600	0.0750
11.8700	0.0691
11.8800	0.0631
11.8900	0.0568
11.9000	0.0506
11.9100	0.0383
11.9200	0.0260
11.9300	0.0160
11.9400	0.0061
11.9500	-0.0035
11.9600	-0.0131
11.9700	-0.0248
11.9800	-0.0366
11.9900	-0.0444
12.0000	-0.0523
12.0100	-0.0614
12.0200	-0.0705
12.0300	-0.0814
12.0400	-0.0923
12.0500	-0.1019
12.0600	-0.1115
12.0700	-0.1195
12.0800	-0.1275
12.0900	-0.1340
12.1000	-0.1405
12.1100	-0.1452
12.1200	-0.1499
12.1300	-0.1503
12.1400	-0.1507
12.1500	-0.1456
12.1600	-0.1405
12.1700	-0.1300
12.1800	-0.1194
12.1900	-0.1082
12.2000	-0.0969
12.2100	-0.0867
12.2200	-0.0765
12.2300	-0.0705
12.2400	-0.0646
12.2500	-0.0572
12.2600	-0.0498
12.2700	-0.0374
12.2800	-0.0249
12.2900	-0.0127
12.3000	-0.0005
12.3100	0.0076
12.3200	0.0157
12.3300	0.0216
12.3400	0.0274
12.3500	0.0360
12.3600	0.0447
12.3700	0.0600
12.3800	0.0752
12.3900	0.0929
12.4000	0.1105
12.4100	0.1281
12.4200	0.1458
12.4300	0.1563
12.4400	0.1668
12.4500	0.1661
12.4600	0.1654
12.4700	0.1455
12.4800	0.1256
12.4900	0.0897
12.5000	0.0538
12.5100	0.0236
12.5200	-0.0065
12.5300	-0.0287
12.5400	-0.0510
12.5500	-0.0616
12.5600	-0.0723
12.5700	-0.0776
12.5800	-0.0830
12.5900	-0.0764
12.6000	-0.0698
12.6100	-0.0474
12.6200	-0.0249
12.6300	0.0006
12.6400	0.0261
12.6500	0.0431
12.6600	0.0600
12.6700	0.0599
12.6800	0.0598
12.6900	0.0438
12.7000	0.0279
12.7100	0.0044
12.7200	-0.0190
12.7300	-0.0383
12.7400	-0.0575
12.7500	-0.0697
12.7600	-0.0819
12.7700	-0.0862
12.7800	-0.0905
12.7900	-0.0932
12.8000	-0.0958
12.8100	-0.0850
12.8200	-0.0742
12.8300	-0.0553
12.8400	-0.0363
12.8500	-0.0167
12.8600	0.0028
12.8700	0.0187
12.8800	0.0346
12.8900	0.0400
12.9000	0.0453
12.9100	0.0394
12.9200	0.0334
12.9300	0.0227
12.9400	0.0120
12.9500	0.0071
12.9600	0.0023
12.9700	-0.0016
12.9800	-0.0055
12.9900	-0.0073
13.0000	-0.0091
13.0100	-0.0116
13.0200	-0.0141
13.0300	-0.0166
13.0400	-0.0191
13.0500	-0.0219
13.0600	-0.0246
13.0700	-0.0259
13.0800	-0.0273
13.0900	-0.0245
13.1000	-0.0217
13.1100	-0.0180
13.1200	-0.0144
13.1300	-0.0124
13.1400	-0.0103
13.1500	-0.0091
13.1600	-0.0078
13.1700	-0.0070
13.1800	-0.0061
13.1900	-0.0076
13.2000	-0.0091
13.2100	-0.0134
13.2200	-0.0178
13.2300	-0.0229
13.2400	-0.0281
13.2500	-0.0304
13.2600	-0.0327
13.2700	-0.0309
13.2800	-0.0290
13.2900	-0.0198
13.3000	-0.0106
13.3100	0.0040
13.3200	0.0187
13.3300	0.0363
13.3400	0.0540
13.3500	0.0700
13.3600	0.0860
13.3700	0.0925
13.3800	0.0989
13.3900	0.0917
13.4000	0.0845
13.4100	0.0628
13.4200	0.0411
13.4300	0.0189
13.4400	-0.0032
13.4500	-0.0214
13.4600	-0.0396
13.4700	-0.0487
13.4800	-0.0577
13.4900	-0.0601
13.5000	-0.0625
13.5100	-0.0638
13.5200	-0.0651
13.5300	-0.0637
13.5400	-0.0622
13.5500	-0.0609
13.5600	-0.0596
13.5700	-0.0606
13.5800	-0.0616
13.5900	-0.0648
13.6000	-0.0680
13.6100	-0.0704
13.6200	-0.0729
13.6300	-0.0719
13.6400	-0.0710
13.6500	-0.0652
13.6600	-0.0594
13.6700	-0.0498
13.6800	-0.0402
13.6900	-0.0288
13.7000	-0.0173
13.7100	-0.0066
13.7200	0.0041
13.7300	0.0107
13.7400	0.0172
13.7500	0.0232
13.7600	0.0291
13.7700	0.0369
13.7800	0.0446
13.7900	0.0522
13.8000	0.0597
13.8100	0.0659
13.8200	0.0721
13.8300	0.0789
13.8400	0.0856
13.8500	0.0903
13.8600	0.0949
13.8700	0.0972
13.8800	0.0994
13.8900	0.0940
13.9000	0.0887
13.9100	0.0736
13.9200	0.0585
13.9300	0.0506
13.9400	0.0427
13.9500	0.0407
13.9600	0.0386
13.9700	0.0393
13.9800	0.0400
13.9900	0.0454
14.0000	0.0507
14.0100	0.0560
14.0200	0.0613
14.0300	0.0608
14.0400	0.0603
14.0500	0.0489
14.0600	0.0374
14.0700	0.0220
14.0800	0.0065
14.0900	-0.0075
14.1000	-0.0216
14.1100	-0.0320
14.1200	-0.0424
14.1300	-0.0473
14.1400	-0.0522
14.1500	-0.0529
14.1600	-0.0535
14.1700	-0.0487
14.1800	-0.0438
14.1900	-0.0389
14.2000	-0.0339
14.2100	-0.0337
14.2200	-0.0336
14.2300	-0.0386
14.2400	-0.0436
14.2500	-0.0532
14.2600	-0.0628
14.2700	-0.0703
14.2800	-0.0779
14.2900	-0.0808
14.3000	-0.0836
14.3100	-0.0837
14.3200	-0.0838
14.3300	-0.0727
14.3400	-0.0615
14.3500	-0.0397
14.3600	-0.0180
14.3700	0.0073
14.3800	0.0326
14.3900	0.0587
14.4000	0.0847
14.4100	0.1096
14.4200	0.1345
14.4300	0.1487
14.4400	0.1629
14.4500	0.1643
14.4600	0.1658
14.4700	0.1573
14.4800	0.1489
14.4900	0.1337
14.5000	0.1185
14.5100	0.1047
14.5200	0.0909
14.5300	0.0777
14.5400	0.0644
14.5500	0.0528
14.5600	0.0411
14.5700	0.0304
14.5800	0.0197
14.5900	0.0077
14.6000	-0.0043
14.6100	-0.0128
14.6200	-0.0214
14.6300	-0.0247
14.6400	-0.0280
14.6500	-0.0268
14.6600	-0.0256
14.6700	-0.0202
14.6800	-0.0148
14.6900	-0.0084
14.7000	-0.0021
14.7100	0.0004
14.7200	0.0029
14.7300	0.0031
14.7400	0.0033
14.7500	-0.0015
14.7600	-0.0063
14.7700	-0.0162
14.7800	-0.0260
14.7900	-0.0311
14.8000	-0.0363
14.8100	-0.0392
14.8200	-0.0421
14.8300	-0.0430
14.8400	-0.0439
14.8500	-0.0447
14.8600	-0.0455
14.8700	-0.0466
14.8800	-0.0477
14.8900	-0.0477
14.9000	-0.0478
14.9100	-0.0455
14.9200	-0.0433
14.9300	-0.0387
14.9400	-0.0341
14.9500	-0.0302
14.9600	-0.0263
14.9700	-0.0250
14.9800	-0.0238
14.9900	-0.0262
15.0000	-0.0286
15.0100	-0.0325
15.0200	-0.0363
15.0300	-0.0395
15.0400	-0.0426
15.0500	-0.0438
15.0600	-0.0449
15.0700	-0.0424
15.0800	-0.0399
15.0900	-0.0339
15.1000	-0.0279
15.1100	-0.0210
15.1200	-0.0142
15.1300	-0.0100
15.1400	-0.0059
15.1500	-0.0043
15.1600	-0.0028
15.1700	-0.0053
15.1800	-0.0078
15.1900	-0.0121
15.2000	-0.0163
15.2100	-0.0207
15.2200	-0.0252
15.2300	-0.0294
15.2400	-0.0336
15.2500	-0.0385
15.2600	-0.0435
15.2700	-0.0474
15.2800	-0.0513
15.2900	-0.0509
15.3000	-0.0504
15.3100	-0.0443
15.3200	-0.0381
15.3300	-0.0265
15.3400	-0.0148
15.3500	-0.0012
15.3600	0.0124
15.3700	0.0231
15.3800	0.0339
15.3900	0.0375
15.4000	0.0411
15.4100	0.0399
15.4200	0.0387
15.4300	0.0330
15.4400	0.0272
15.4500	0.0194
15.4600	0.0116
15.4700	0.0019
15.4800	-0.0079
15.4900	-0.0170
15.5000	-0.0261
15.5100	-0.0312
15.5200	-0.0364
15.5300	-0.0388
15.5400	-0.0412
15.5500	-0.0426
15.5600	-0.0440
15.5700	-0.0459
15.5800	-0.0478
15.5900	-0.0489
15.6000	-0.0500
15.6100	-0.0500
15.6200	-0.0500
15.6300	-0.0435
15.6400	-0.0370
15.6500	-0.0264
15.6600	-0.0157
15.6700	-0.0090
15.6800	-0.0022
15.6900	0.0025
15.7000	0.0073
15.7100	0.0118
15.7200	0.0162
15.7300	0.0201
15.7400	0.0239
15.7500	0.0269
15.7600	0.0299
15.7700	0.0311
15.7800	0.0322
15.7900	0.0303
15.8000	0.0284
15.8100	0.0233
15.8200	0.0182
15.8300	0.0118
15.8400	0.0053
15.8500	0.0007
15.8600	-0.0039
15.8700	-0.0045
15.8800	-0.0050
15.8900	-0.0030
15.9000	-0.0009
15.9100	0.0016
15.9200	0.0042
15.9300	0.0064
15.9400	0.0086
15.9500	0.0099
15.9600	0.0113
15.9700	0.0109
15.9800	0.0106
15.9900	0.0093
16.0000	0.0081
16.0100	0.0076
16.0200	0.0072
16.0300	0.0097
16.0400	0.0122
16.0500	0.0167
16.0600	0.0212
16.0700	0.0257
16.0800	0.0303
16.0900	0.0322
16.1000	0.0341
16.1100	0.0319
16.1200	0.0297
16.1300	0.0246
16.1400	0.0195
16.1500	0.0132
16.1600	0.0069
16.1700	0.0037
16.1800	0.0004
16.1900	-0.0019
16.2000	-0.0043
16.2100	-0.0063
16.2200	-0.0084
16.2300	-0.0077
16.2400	-0.0070
16.2500	-0.0043
16.2600	-0.0016
16.2700	0.0018
16.2800	0.0053
16.2900	0.0081
16.3000	0.0109
16.3100	0.0131
16.3200	0.0153
16.3300	0.0193
16.3400	0.0232
16.3500	0.0288
16.3600	0.0344
16.3700	0.0373
16.3800	0.0402
16.3900	0.0388
16.4000	0.0374
16.4100	0.0333
16.4200	0.0293
16.4300	0.0231
16.4400	0.0169
16.4500	0.0098
16.4600	0.0026
16.4700	-0.0026
16.4800	-0.0079
16.4900	-0.0100
16.5000	-0.0120
16.5100	-0.0109
16.5200	-0.0099
16.5300	-0.0069
16.5400	-0.0040
16.5500	0.0039
16.5600	0.0118
16.5700	0.0209
16.5800	0.0300
16.5900	0.0359
16.6000	0.0417
16.6100	0.0442
16.6200	0.0466
16.6300	0.0449
16.6400	0.0433
16.6500	0.0402
16.6600	0.0372
16.6700	0.0342
16.6800	0.0313
16.6900	0.0285
16.7000	0.0256
16.7100	0.0232
16.7200	0.0209
16.7300	0.0190
16.7400	0.0172
16.7500	0.0148
16.7600	0.0124
16.7700	0.0097
16.7800	0.0070
16.7900	0.0059
16.8000	0.0049
16.8100	0.0052
16.8200	0.0054
16.8300	0.0062
16.8400	0.0069
16.8500	0.0069
16.8600	0.0068
16.8700	0.0079
16.8800	0.0090
16.8900	0.0112
16.9000	0.0134
16.9100	0.0149
16.9200	0.0164
16.9300	0.0175
16.9400	0.0187
16.9500	0.0174
16.9600	0.0161
16.9700	0.0130
16.9800	0.0100
16.9900	0.0059
17.0000	0.0017
17.0100	-0.0038
17.0200	-0.0094
17.0300	-0.0145
17.0400	-0.0197
17.0500	-0.0240
17.0600	-0.0283
17.0700	-0.0317
17.0800	-0.0351
17.0900	-0.0362
17.1000	-0.0372
17.1100	-0.0358
17.1200	-0.0343
17.1300	-0.0309
17.1400	-0.0274
17.1500	-0.0224
17.1600	-0.0174
17.1700	-0.0123
17.1800	-0.0072
17.1900	-0.0035
17.2000	0.0002
17.2100	0.0012
17.2200	0.0022
17.2300	0.0015
17.2400	0.0009
17.2500	0.0001
17.2600	-0.0007
17.2700	-0.0003
17.2800	0.0001
17.2900	0.0004
17.3000	0.0007
17.3100	-0.0012
17.3200	-0.0030
17.3300	-0.0063
17.3400	-0.0096
17.3500	-0.0141
17.3600	-0.0187
17.3700	-0.0234
17.3800	-0.0280
17.3900	-0.0322
17.4000	-0.0364
17.4100	-0.0400
17.4200	-0.0435
17.4300	-0.0467
17.4400	-0.0498
17.4500	-0.0519
17.4600	-0.0541
17.4700	-0.0534
17.4800	-0.0527
17.4900	-0.0497
17.5000	-0.0467
17.5100	-0.0429
17.5200	-0.0391
17.5300	-0.0353
17.5400	-0.0316
17.5500	-0.0269
17.5600	-0.0223
17.5700	-0.0171
17.5800	-0.0119
17.5900	-0.0074
17.6000	-0.0029
17.6100	0.0003
17.6200	0.0036
17.6300	0.0056
17.6400	0.0077
17.6500	0.0089
17.6600	0.0101
17.6700	0.0106
17.6800	0.0112
17.6900	0.0119
17.7000	0.0126
17.7100	0.0148
17.7200	0.0170
17.7300	0.0226
17.7400	0.0283
17.7500	0.0353
17.7600	0.0424
17.7700	0.0478
17.7800	0.0533
17.7900	0.0560
17.8000	0.0586
17.8100	0.0569
17.8200	0.0552
17.8300	0.0501
17.8400	0.0450
17.8500	0.0395
17.8600	0.0341
17.8700	0.0305
17.8800	0.0269
17.8900	0.0252
17.9000	0.0236
17.9100	0.0222
17.9200	0.0209
17.9300	0.0194
17.9400	0.0178
17.9500	0.0152
17.9600	0.0125
17.9700	0.0080
17.9800	0.0035
17.9900	-0.0012
18.0000	-0.0059
18.0100	-0.0111
18.0200	-0.0163
18.0300	-0.0219
18.0400	-0.0276
18.0500	-0.0313
18.0600	-0.0351
18.0700	-0.0352
18.0800	-0.0353
18.0900	-0.0307
18.1000	-0.0262
18.1100	-0.0197
18.1200	-0.0133
18.1300	-0.0071
18.1400	-0.0009
18.1500	0.0033
18.1600	0.0075
18.1700	0.0066
18.1800	0.0058
18.1900	0.0015
18.2000	-0.0028
18.2100	-0.0070
18.2200	-0.0113
18.2300	-0.0139
18.2400	-0.0165
18.2500	-0.0156
18.2600	-0.0147
18.2700	-0.0101
18.2800	-0.0054
18.2900	0.0014
18.3000	0.0082
18.3100	0.0131
18.3200	0.0180
18.3300	0.0199
18.3400	0.0218
18.3500	0.0215
18.3600	0.0211
18.3700	0.0194
18.3800	0.0176
18.3900	0.0164
18.4000	0.0151
18.4100	0.0147
18.4200	0.0143
18.4300	0.0154
18.4400	0.0165
18.4500	0.0187
18.4600	0.0208
18.4700	0.0224
18.4800	0.0241
18.4900	0.0241
18.5000	0.0242
18.5100	0.0222
18.5200	0.0202
18.5300	0.0153
18.5400	0.0105
18.5500	0.0038
18.5600	-0.0028
18.5700	-0.0086
18.5800	-0.0145
18.5900	-0.0169
18.6000	-0.0192
18.6100	-0.0193
18.6200	-0.0194
18.6300	-0.0190
18.6400	-0.0187
18.6500	-0.0170
18.6600	-0.0154
18.6700	-0.0132
18.6800	-0.0110
18.6900	-0.0083
18.7000	-0.0056
18.7100	-0.0028
18.7200	0.0000
18.7300	0.0021
18.7400	0.0041
18.7500	0.0047
18.7600	0.0053
18.7700	0.0039
18.7800	0.0025
18.7900	0.0003
18.8000	-0.0020
18.8100	-0.0045
18.8200	-0.0070
18.8300	-0.0073
18.8400	-0.0075
18.8500	-0.0048
18.8600	-0.0021
18.8700	0.0019
18.8800	0.0060
18.8900	0.0102
18.9000	0.0145
18.9100	0.0187
18.9200	0.0230
18.9300	0.0255
18.9400	0.0281
18.9500	0.0270
18.9600	0.0260
18.9700	0.0215
18.9800	0.0171
18.9900	0.0105
19.0000	0.0040
19.0100	-0.0040
19.0200	-0.0120
19.0300	-0.0200
19.0400	-0.0280
19.0500	-0.0333
19.0600	-0.0386
19.0700	-0.0403
19.0800	-0.0420
19.0900	-0.0392
19.1000	-0.0363
19.1100	-0.0313
19.1200	-0.0263
19.1300	-0.0213
19.1400	-0.0163
19.1500	-0.0141
19.1600	-0.0120
19.1700	-0.0143
19.1800	-0.0166
19.1900	-0.0202
19.2000	-0.0238
19.2100	-0.0257
19.2200	-0.0276
19.2300	-0.0276
19.2400	-0.0276
19.2500	-0.0266
19.2600	-0.0256
19.2700	-0.0253
19.2800	-0.0251
19.2900	-0.0253
19.3000	-0.0256
19.3100	-0.0242
19.3200	-0.0228
19.3300	-0.0178
19.3400	-0.0128
19.3500	-0.0047
19.3600	0.0035
19.3700	0.0124
19.3800	0.0213
19.3900	0.0277
19.4000	0.0341
19.4100	0.0380
19.4200	0.0418
19.4300	0.0412
19.4400	0.0406
19.4500	0.0360
19.4600	0.0315
19.4700	0.0259
19.4800	0.0204
19.4900	0.0161
19.5000	0.0117
19.5100	0.0095
19.5200	0.0073
19.5300	0.0093
19.5400	0.0114
19.5500	0.0151
19.5600	0.0188
19.5700	0.0208
19.5800	0.0229
19.5900	0.0233
19.6000	0.0237
19.6100	0.0216
19.6200	0.0194
19.6300	0.0164
19.6400	0.0134
19.6500	0.0096
19.6600	0.0058
19.6700	0.0021
19.6800	-0.0016
19.6900	-0.0050
19.7000	-0.0084
19.7100	-0.0102
19.7200	-0.0119
19.7300	-0.0122
19.7400	-0.0125
19.7500	-0.0109
19.7600	-0.0093
19.7700	-0.0063
19.7800	-0.0034
19.7900	-0.0002
19.8000	0.0029
19.8100	0.0035
19.8200	0.0040
19.8300	0.0002
19.8400	-0.0037
19.8500	-0.0112
19.8600	-0.0186
19.8700	-0.0283
19.8800	-0.0379
19.8900	-0.0450
19.9000	-0.0522
19.9100	-0.0573
19.9200	-0.0623
19.9300	-0.0650
19.9400	-0.0677
19.9500	-0.0677
19.9600	-0.0677
19.9700	-0.0631
19.9800	-0.0584
19.9900	-0.0490
20.0000	-0.0395
20.0100	-0.0320
20.0200	-0.0246
20.0300	-0.0207
20.0400	-0.0168
20.0500	-0.0150
20.0600	-0.0132
20.0700	-0.0126
20.0800	-0.0120
20.0900	-0.0125
20.1000	-0.0129
20.1100	-0.0123
20.1200	-0.0117
20.1300	-0.0080
20.1400	-0.0042
20.1500	0.0007
20.1600	0.0056
20.1700	0.0101
20.1800	0.0146
20.1900	0.0176
20.2000	0.0206
20.2100	0.0209
20.2200	0.0212
20.2300	0.0198
20.2400	0.0184
20.2500	0.0155
20.2600	0.0126
20.2700	0.0103
20.2800	0.0079
20.2900	0.0082
20.3000	0.0085
20.3100	0.0125
20.3200	0.0165
20.3300	0.0228
20.3400	0.0292
20.3500	0.0343
20.3600	0.0394
20.3700	0.0441
20.3800	0.0488
20.3900	0.0525
20.4000	0.0561
20.4100	0.0599
20.4200	0.0636
20.4300	0.0666
20.4400	0.0696
20.4500	0.0705
20.4600	0.0715
20.4700	0.0697
20.4800	0.0679
20.4900	0.0637
20.5000	0.0594
20.5100	0.0524
20.5200	0.0454
20.5300	0.0371
20.5400	0.0288
20.5500	0.0212
20.5600	0.0137
20.5700	0.0065
20.5800	-0.0006
20.5900	-0.0058
20.6000	-0.0110
20.6100	-0.0147
20.6200	-0.0185
20.6300	-0.0213
20.6400	-0.0241
20.6500	-0.0259
20.6600	-0.0277
20.6700	-0.0282
20.6800	-0.0287
20.6900	-0.0285
20.7000	-0.0282
20.7100	-0.0268
20.7200	-0.0255
20.7300	-0.0234
20.7400	-0.0213
20.7500	-0.0183
20.7600	-0.0153
20.7700	-0.0105
20.7800	-0.0058
20.7900	0.0008
20.8000	0.0074
20.8100	0.0132
20.8200	0.0191
20.8300	0.0228
20.8400	0.0266
20.8500	0.0273
20.8600	0.0280
20.8700	0.0256
20.8800	0.0232
20.8900	0.0193
20.9000	0.0155
20.9100	0.0116
20.9200	0.0077
20.9300	0.0044
20.9400	0.0011
20.9500	-0.0018
20.9600	-0.0047
20.9700	-0.0076
20.9800	-0.0105
20.9900	-0.0134
21.0000	-0.0163
21.0100	-0.0176
21.0200	-0.0188
21.0300	-0.0175
21.0400	-0.0162
21.0500	-0.0120
21.0600	-0.0078
21.0700	-0.0034
21.0800	0.0010
21.0900	0.0050
21.1000	0.0089
21.1100	0.0117
21.1200	0.0144
21.1300	0.0150
21.1400	0.0156
21.1500	0.0147
21.1600	0.0138
21.1700	0.0118
21.1800	0.0098
21.1900	0.0072
21.2000	0.0045
21.2100	0.0033
21.2200	0.0022
21.2300	0.0016
21.2400	0.0011
21.2500	-0.0001
21.2600	-0.0013
21.2700	-0.0031
21.2800	-0.0048
21.2900	-0.0064
21.3000	-0.0080
21.3100	-0.0093
21.3200	-0.0106
21.3300	-0.0102
21.3400	-0.0099
21.3500	-0.0092
21.3600	-0.0086
21.3700	-0.0085
21.3800	-0.0084
21.3900	-0.0091
21.4000	-0.0098
21.4100	-0.0125
21.4200	-0.0152
21.4300	-0.0181
21.4400	-0.0210
21.4500	-0.0239
21.4600	-0.0268
21.4700	-0.0294
21.4800	-0.0320
21.4900	-0.0344
21.5000	-0.0368
21.5100	-0.0388
21.5200	-0.0407
21.5300	-0.0425
21.5400	-0.0442
21.5500	-0.0456
21.5600	-0.0470
21.5700	-0.0484
21.5800	-0.0499
21.5900	-0.0490
21.6000	-0.0481
21.6100	-0.0444
21.6200	-0.0407
21.6300	-0.0356
21.6400	-0.0306
21.6500	-0.0256
21.6600	-0.0207
21.6700	-0.0166
21.6800	-0.0125
21.6900	-0.0088
21.7000	-0.0052
21.7100	-0.0032
21.7200	-0.0013
21.7300	-0.0009
21.7400	-0.0005
21.7500	-0.0019
21.7600	-0.0032
21.7700	-0.0045
21.7800	-0.0058
21.7900	-0.0058
21.8000	-0.0059
21.8100	-0.0055
21.8200	-0.0052
21.8300	-0.0032
21.8400	-0.0013
21.8500	0.0019
21.8600	0.0050
21.8700	0.0090
21.8800	0.0129
21.8900	0.0165
21.9000	0.0202
21.9100	0.0222
21.9200	0.0242
21.9300	0.0232
21.9400	0.0222
21.9500	0.0182
21.9600	0.0141
21.9700	0.0095
21.9800	0.0048
21.9900	0.0017
22.0000	-0.0013
22.0100	-0.0028
22.0200	-0.0043
22.0300	-0.0051
22.0400	-0.0058
22.0500	-0.0063
22.0600	-0.0068
22.0700	-0.0078
22.0800	-0.0087
22.0900	-0.0105
22.1000	-0.0123
22.1100	-0.0146
22.1200	-0.0169
22.1300	-0.0180
22.1400	-0.0191
22.1500	-0.0186
22.1600	-0.0182
22.1700	-0.0154
22.1800	-0.0127
22.1900	-0.0073
22.2000	-0.0020
22.2100	0.0056
22.2200	0.0132
22.2300	0.0201
22.2400	0.0270
22.2500	0.0314
22.2600	0.0358
22.2700	0.0373
22.2800	0.0388
22.2900	0.0367
22.3000	0.0347
22.3100	0.0299
22.3200	0.0251
22.3300	0.0214
22.3400	0.0176
22.3500	0.0180
22.3600	0.0184
22.3700	0.0229
22.3800	0.0273
22.3900	0.0328
22.4000	0.0383
22.4100	0.0410
22.4200	0.0437
22.4300	0.0436
22.4400	0.0434
22.4500	0.0410
22.4600	0.0387
22.4700	0.0368
22.4800	0.0349
22.4900	0.0331
22.5000	0.0313
22.5100	0.0289
22.5200	0.0265
22.5300	0.0239
22.5400	0.0213
22.5500	0.0181
22.5600	0.0148
22.5700	0.0115
22.5800	0.0082
22.5900	0.0047
22.6000	0.0013
22.6100	-0.0007
22.6200	-0.0028
22.6300	-0.0033
22.6400	-0.0038
22.6500	-0.0040
22.6600	-0.0043
22.6700	-0.0052
22.6800	-0.0061
22.6900	-0.0082
22.7000	-0.0103
22.7100	-0.0123
22.7200	-0.0143
22.7300	-0.0158
22.7400	-0.0174
22.7500	-0.0174
22.7600	-0.0173
22.7700	-0.0148
22.7800	-0.0123
22.7900	-0.0089
22.8000	-0.0056
22.8100	-0.0026
22.8200	0.0004
22.8300	0.0017
22.8400	0.0030
22.8500	0.0026
22.8600	0.0023
22.8700	0.0005
22.8800	-0.0012
22.8900	-0.0029
22.9000	-0.0047
22.9100	-0.0064
22.9200	-0.0081
22.9300	-0.0093
22.9400	-0.0104
22.9500	-0.0123
22.9600	-0.0142
22.9700	-0.0174
22.9800	-0.0206
22.9900	-0.0235
23.0000	-0.0264
23.0100	-0.0285
23.0200	-0.0305
23.0300	-0.0315
23.0400	-0.0325
23.0500	-0.0321
23.0600	-0.0318
23.0700	-0.0307
23.0800	-0.0296
23.0900	-0.0284
23.1000	-0.0272
23.1100	-0.0255
23.1200	-0.0238
23.1300	-0.0217
23.1400	-0.0196
23.1500	-0.0161
23.1600	-0.0126
23.1700	-0.0081
23.1800	-0.0035
23.1900	0.0017
23.2000	0.0068
23.2100	0.0129
23.2200	0.0191
23.2300	0.0249
23.2400	0.0308
23.2500	0.0345
23.2600	0.0382
23.2700	0.0405
23.2800	0.0427
23.2900	0.0421
23.3000	0.0416
23.3100	0.0394
23.3200	0.0373
23.3300	0.0341
23.3400	0.0310
23.3500	0.0271
23.3600	0.0232
23.3700	0.0186
23.3800	0.0140
23.3900	0.0097
23.4000	0.0053
23.4100	0.0025
23.4200	-0.0004
23.4300	-0.0005
23.4400	-0.0006
23.4500	0.0022
23.4600	0.0049
23.4700	0.0073
23.4800	0.0097
23.4900	0.0114
23.5000	0.0132
23.5100	0.0123
23.5200	0.0115
23.5300	0.0095
23.5400	0.0074
23.5500	0.0049
23.5600	0.0024
23.5700	-0.0011
23.5800	-0.0046
23.5900	-0.0075
23.6000	-0.0104
23.6100	-0.0134
23.6200	-0.0164
23.6300	-0.0192
23.6400	-0.0221
23.6500	-0.0256
23.6600	-0.0292
23.6700	-0.0321
23.6800	-0.0350
23.6900	-0.0367
23.7000	-0.0383
23.7100	-0.0384
23.7200	-0.0384
23.7300	-0.0359
23.7400	-0.0333
23.7500	-0.0298
23.7600	-0.0263
23.7700	-0.0214
23.7800	-0.0166
23.7900	-0.0126
23.8000	-0.0087
23.8100	-0.0071
23.8200	-0.0054
23.8300	-0.0062
23.8400	-0.0070
23.8500	-0.0082
23.8600	-0.0094
23.8700	-0.0101
23.8800	-0.0107
23.8900	-0.0096
23.9000	-0.0085
23.9100	-0.0051
23.9200	-0.0018
23.9300	0.0011
23.9400	0.0041
23.9500	0.0061
23.9600	0.0081
23.9700	0.0072
23.9800	0.0064
23.9900	0.0043
24.0000	0.0021
24.0100	-0.0000
24.0200	-0.0022
24.0300	-0.0017
24.0400	-0.0013
24.0500	0.0035
24.0600	0.0083
24.0700	0.0141
24.0800	0.0198
24.0900	0.0236
24.1000	0.0275
24.1100	0.0302
24.1200	0.0328
24.1300	0.0339
24.1400	0.0349
24.1500	0.0342
24.1600	0.0335
24.1700	0.0315
24.1800	0.0295
24.1900	0.0283
24.2000	0.0271
24.2100	0.0271
24.2200	0.0271
24.2300	0.0271
24.2400	0.0272
24.2500	0.0252
24.2600	0.0233
24.2700	0.0192
24.2800	0.0151
24.2900	0.0101
24.3000	0.0051
24.3100	0.0009
24.3200	-0.0033
24.3300	-0.0056
24.3400	-0.0078
24.3500	-0.0086
24.3600	-0.0094
24.3700	-0.0087
24.3800	-0.0081
24.3900	-0.0080
24.4000	-0.0079
24.4100	-0.0090
24.4200	-0.0102
24.4300	-0.0119
24.4400	-0.0136
24.4500	-0.0152
24.4600	-0.0169
24.4700	-0.0180
24.4800	-0.0191
24.4900	-0.0182
24.5000	-0.0172
24.5100	-0.0151
24.5200	-0.0130
24.5300	-0.0104
24.5400	-0.0078
24.5500	-0.0059
24.5600	-0.0040
24.5700	-0.0038
24.5800	-0.0036
24.5900	-0.0044
24.6000	-0.0051
24.6100	-0.0052
24.6200	-0.0053
24.6300	-0.0052
24.6400	-0.0052
24.6500	-0.0057
24.6600	-0.0062
24.6700	-0.0063
24.6800	-0.0065
24.6900	-0.0074
24.7000	-0.0084
24.7100	-0.0097
24.7200	-0.0110
24.7300	-0.0112
24.7400	-0.0113
24.7500	-0.0110
24.7600	-0.0108
24.7700	-0.0097
24.7800	-0.0087
24.7900	-0.0066
24.8000	-0.0046
24.8100	-0.0024
24.8200	-0.0001
24.8300	0.0018
24.8400	0.0037
24.8500	0.0047
24.8600	0.0058
24.8700	0.0058
24.8800	0.0058
24.8900	0.0046
24.9000	0.0035
24.9100	0.0015
24.9200	-0.0004
24.9300	-0.0021
24.9400	-0.0039
24.9500	-0.0041
24.9600	-0.0043
24.9700	-0.0037
24.9800	-0.0030
24.9900	-0.0009
25.0000	0.0013
25.0100	0.0044
25.0200	0.0074
25.0300	0.0092
25.0400	0.0109
25.0500	0.0128
25.0600	0.0146
25.0700	0.0155
25.0800	0.0163
25.0900	0.0163
25.1000	0.0163
25.1100	0.0157
25.1200	0.0150
25.1300	0.0144
25.1400	0.0138
25.1500	0.0130
25.1600	0.0121
25.1700	0.0107
25.1800	0.0092
25.1900	0.0084
25.2000	0.0077
25.2100	0.0065
25.2200	0.0053
25.2300	0.0043
25.2400	0.0033
25.2500	0.0031
25.2600	0.0029
25.2700	0.0028
25.2800	0.0027
25.2900	0.0028
25.3000	0.0030
25.3100	0.0024
25.3200	0.0018
25.3300	0.0000
25.3400	-0.0018
25.3500	-0.0044
25.3600	-0.0071
25.3700	-0.0093
25.3800	-0.0114
25.3900	-0.0123
25.4000	-0.0132
25.4100	-0.0132
25.4200	-0.0133
25.4300	-0.0127
25.4400	-0.0122
25.4500	-0.0114
25.4600	-0.0107
25.4700	-0.0097
25.4800	-0.0086
25.4900	-0.0078
25.5000	-0.0070
25.5100	-0.0073
25.5200	-0.0076
25.5300	-0.0074
25.5400	-0.0071
25.5500	-0.0062
25.5600	-0.0053
25.5700	-0.0049
25.5800	-0.0046
25.5900	-0.0036
25.6000	-0.0025
25.6100	-0.0021
25.6200	-0.0017
25.6300	-0.0030
25.6400	-0.0043
25.6500	-0.0069
25.6600	-0.0095
25.6700	-0.0123
25.6800	-0.0150
25.6900	-0.0174
25.7000	-0.0198
25.7100	-0.0211
25.7200	-0.0224
25.7300	-0.0223
25.7400	-0.0223
25.7500	-0.0209
25.7600	-0.0195
25.7700	-0.0175
25.7800	-0.0155
25.7900	-0.0146
25.8000	-0.0136
25.8100	-0.0134
25.8200	-0.0132
25.8300	-0.0131
25.8400	-0.0130
25.8500	-0.0117
25.8600	-0.0104
25.8700	-0.0082
25.8800	-0.0060
25.8900	-0.0045
25.9000	-0.0030
25.9100	-0.0025
25.9200	-0.0020
25.9300	-0.0024
25.9400	-0.0027
25.9500	-0.0031
25.9600	-0.0036
25.9700	-0.0026
25.9800	-0.0016
25.9900	0.0010
26.0000	0.0035
26.0100	0.0073
26.0200	0.0111
26.0300	0.0147
26.0400	0.0183
26.0500	0.0216
26.0600	0.0250
26.0700	0.0265
26.0800	0.0279
26.0900	0.0263
26.1000	0.0246
26.1100	0.0216
26.1200	0.0186
26.1300	0.0157
26.1400	0.0128
26.1500	0.0106
26.1600	0.0084
26.1700	0.0071
26.1800	0.0057
26.1900	0.0047
26.2000	0.0037
26.2100	0.0019
26.2200	0.0001
26.2300	-0.0020
26.2400	-0.0040
26.2500	-0.0063
26.2600	-0.0086
26.2700	-0.0099
26.2800	-0.0112
26.2900	-0.0116
26.3000	-0.0120
26.3100	-0.0108
26.3200	-0.0095
26.3300	-0.0064
26.3400	-0.0033
26.3500	-0.0008
26.3600	0.0018
26.3700	0.0037
26.3800	0.0056
26.3900	0.0065
26.4000	0.0074
26.4100	0.0081
26.4200	0.0089
26.4300	0.0096
26.4400	0.0104
26.4500	0.0103
26.4600	0.0101
26.4700	0.0094
26.4800	0.0087
26.4900	0.0069
26.5000	0.0051
26.5100	0.0038
26.5200	0.0025
26.5300	0.0018
26.5400	0.0011
26.5500	0.0005
26.5600	-0.0001
26.5700	0.0001
26.5800	0.0002
26.5900	0.0003
26.6000	0.0004
26.6100	-0.0007
26.6200	-0.0017
26.6300	-0.0037
26.6400	-0.0056
26.6500	-0.0074
26.6600	-0.0093
26.6700	-0.0107
26.6800	-0.0122
26.6900	-0.0125
26.7000	-0.0129
26.7100	-0.0123
26.7200	-0.0117
26.7300	-0.0108
26.7400	-0.0099
26.7500	-0.0091
26.7600	-0.0082
26.7700	-0.0064
26.7800	-0.0045
26.7900	-0.0018
26.8000	0.0009
26.8100	0.0032
26.8200	0.0054
26.8300	0.0079
26.8400	0.0104
26.8500	0.0121
26.8600	0.0138
26.8700	0.0150
26.8800	0.0163
26.8900	0.0169
26.9000	0.0175
26.9100	0.0173
26.9200	0.0172
26.9300	0.0177
26.9400	0.0182
26.9500	0.0182
26.9600	0.0182
26.9700	0.0181
26.9800	0.0181
26.9900	0.0181
27.0000	0.0181
27.0100	0.0180
27.0200	0.0179
27.0300	0.0178
27.0400	0.0177
27.0500	0.0169
27.0600	0.0162
27.0700	0.0147
27.0800	0.0133
27.0900	0.0124
27.1000	0.0115
27.1100	0.0107
27.1200	0.0100
27.1300	0.0105
27.1400	0.0111
27.1500	0.0113
27.1600	0.0115
27.1700	0.0099
27.1800	0.0083
27.1900	0.0057
27.2000	0.0032
27.2100	0.0007
27.2200	-0.0019
27.2300	-0.0034
27.2400	-0.0049
27.2500	-0.0047
27.2600	-0.0045
27.2700	-0.0031
27.2800	-0.0017
27.2900	-0.0012
27.3000	-0.0007
27.3100	-0.0017
27.3200	-0.0027
27.3300	-0.0042
27.3400	-0.0057
27.3500	-0.0074
27.3600	-0.0092
27.3700	-0.0109
27.3800	-0.0126
27.3900	-0.0136
27.4000	-0.0146
27.4100	-0.0164
27.4200	-0.0182
27.4300	-0.0192
27.4400	-0.0203
27.4500	-0.0208
27.4600	-0.0212
27.4700	-0.0203
27.4800	-0.0193
27.4900	-0.0183
27.5000	-0.0173
27.5100	-0.0177
27.5200	-0.0181
27.5300	-0.0188
27.5400	-0.0195
27.5500	-0.0200
27.5600	-0.0204
27.5700	-0.0203
27.5800	-0.0201
27.5900	-0.0191
27.6000	-0.0180
27.6100	-0.0160
27.6200	-0.0140
27.6300	-0.0121
27.6400	-0.0103
27.6500	-0.0077
27.6600	-0.0052
27.6700	-0.0029
27.6800	-0.0006
27.6900	0.0010
27.7000	0.0026
27.7100	0.0033
27.7200	0.0040
27.7300	0.0051
27.7400	0.0063
27.7500	0.0068
27.7600	0.0074
27.7700	0.0084
27.7800	0.0093
27.7900	0.0098
27.8000	0.0103
27.8100	0.0104
27.8200	0.0106
27.8300	0.0117
27.8400	0.0129
27.8500	0.0141
27.8600	0.0153
27.8700	0.0169
27.8800	0.0185
27.8900	0.0199
27.9000	0.0212
27.9100	0.0214
27.9200	0.0216
27.9300	0.0205
27.9400	0.0195
27.9500	0.0168
27.9600	0.0142
27.9700	0.0109
27.9800	0.0075
27.9900	0.0053
28.0000	0.0032
28.0100	0.0005
28.0200	-0.0021
28.0300	-0.0033
28.0400	-0.0045
28.0500	-0.0040
28.0600	-0.0036
28.0700	-0.0023
28.0800	-0.0009
28.0900	-0.0009
28.1000	-0.0008
28.1100	-0.0015
28.1200	-0.0023
28.1300	-0.0042
28.1400	-0.0062
28.1500	-0.0089
28.1600	-0.0117
28.1700	-0.0141
28.1800	-0.0166
28.1900	-0.0187
28.2000	-0.0208
28.2100	-0.0215
28.2200	-0.0222
28.2300	-0.0215
28.2400	-0.0208
28.2500	-0.0187
28.2600	-0.0166
28.2700	-0.0150
28.2800	-0.0134
28.2900	-0.0123
28.3000	-0.0112
28.3100	-0.0108
28.3200	-0.0104
28.3300	-0.0096
28.3400	-0.0089
28.3500	-0.0080
28.3600	-0.0071
28.3700	-0.0073
28.3800	-0.0074
28.3900	-0.0077
28.4000	-0.0080
28.4100	-0.0073
28.4200	-0.0065
28.4300	-0.0050
28.4400	-0.0036
28.4500	-0.0006
28.4600	0.0024
28.4700	0.0062
28.4800	0.0100
28.4900	0.0139
28.5000	0.0178
28.5100	0.0206
28.5200	0.0235
28.5300	0.0247
28.5400	0.0260
28.5500	0.0268
28.5600	0.0275
28.5700	0.0267
28.5800	0.0258
28.5900	0.0244
28.6000	0.0230
28.6100	0.0206
28.6200	0.0181
28.6300	0.0142
28.6400	0.0104
28.6500	0.0069
28.6600	0.0034
28.6700	0.0003
28.6800	-0.0027
28.6900	-0.0050
28.7000	-0.0072
28.7100	-0.0081
28.7200	-0.0089
28.7300	-0.0075
28.7400	-0.0061
28.7500	-0.0027
28.7600	0.0007
28.7700	0.0044
28.7800	0.0082
28.7900	0.0118
28.8000	0.0154
28.8100	0.0184
28.8200	0.0213
28.8300	0.0222
28.8400	0.0232
28.8500	0.0218
28.8600	0.0205
28.8700	0.0182
28.8800	0.0158
28.8900	0.0135
28.9000	0.0111
28.9100	0.0094
28.9200	0.0077
28.9300	0.0066
28.9400	0.0056
28.9500	0.0051
28.9600	0.0045
28.9700	0.0036
28.9800	0.0027
28.9900	0.0019
29.0000	0.0010
29.0100	-0.0004
29.0200	-0.0018
29.0300	-0.0040
29.0400	-0.0062
29.0500	-0.0070
29.0600	-0.0078
29.0700	-0.0071
29.0800	-0.0064
29.0900	-0.0052
29.1000	-0.0040
29.1100	-0.0040
29.1200	-0.0040
29.1300	-0.0038
29.1400	-0.0037
29.1500	-0.0041
29.1600	-0.0046
29.1700	-0.0059
29.1800	-0.0072
29.1900	-0.0084
29.2000	-0.0096
29.2100	-0.0116
29.2200	-0.0137
29.2300	-0.0150
29.2400	-0.0164
29.2500	-0.0168
29.2600	-0.0172
29.2700	-0.0166
29.2800	-0.0159
29.2900	-0.0150
29.3000	-0.0141
29.3100	-0.0138
29.3200	-0.0135
29.3300	-0.0133
29.3400	-0.0130
29.3500	-0.0124
29.3600	-0.0118
29.3700	-0.0113
29.3800	-0.0109
29.3900	-0.0098
29.4000	-0.0087
29.4100	-0.0071
29.4200	-0.0056
29.4300	-0.0050
29.4400	-0.0044
29.4500	-0.0043
29.4600	-0.0043
29.4700	-0.0043
29.4800	-0.0043
29.4900	-0.0038
29.5000	-0.0033
29.5100	-0.0035
29.5200	-0.0038
29.5300	-0.0032
29.5400	-0.0026
29.5500	-0.0018
29.5600	-0.0010
29.5700	-0.0002
29.5800	0.0005
29.5900	0.0011
29.6000	0.0018
29.6100	0.0013
29.6200	0.0009
29.6300	0.0011
29.6400	0.0013
29.6500	0.0011
29.6600	0.0008
29.6700	0.0001
29.6800	-0.0006
29.6900	-0.0009
29.7000	-0.0012
29.7100	-0.0012
29.7200	-0.0013
29.7300	0.0009
29.7400	0.0031
29.7500	0.0053
29.7600	0.0075
29.7700	0.0089
29.7800	0.0103
29.7900	0.0109
29.8000	0.0115
29.8100	0.0106
29.8200	0.0098
29.8300	0.0074
29.8400	0.0050
29.8500	0.0022
29.8600	-0.0005
29.8700	-0.0017
29.8800	-0.0030
29.8900	-0.0036
29.9000	-0.0043
29.9100	-0.0040
29.9200	-0.0036
29.9300	-0.0024
29.9400	-0.0012
29.9500	0.0000
29.9600	0.0012
29.9700	0.0011
29.9800	0.0010
29.9900	0.0011
30.0000	0.0013
30.0100	0.0003
30.0200	-0.0006
30.0300	-0.0018
30.0400	-0.0029
30.0500	-0.0034
30.0600	-0.0038
30.0700	-0.0047
30.0800	-0.0056
30.0900	-0.0066
30.1000	-0.0076
30.1100	-0.0083
30.1200	-0.0090
30.1300	-0.0073
30.1400	-0.0057
30.1500	-0.0046
30.1600	-0.0035
30.1700	-0.0023
30.1800	-0.0011
30.1900	0.0003
30.2000	0.0017
30.2100	0.0019
30.2200	0.0020
30.2300	0.0011
30.2400	0.0002
30.2500	-0.0019
30.2600	-0.0040
30.2700	-0.0049
30.2800	-0.0059
30.2900	-0.0067
30.3000	-0.0074
30.3100	-0.0071
30.3200	-0.0067
30.3300	-0.0053
30.3400	-0.0039
30.3500	-0.0023
30.3600	-0.0007
30.3700	0.0008
30.3800	0.0023
30.3900	0.0032
30.4000	0.0040
30.4100	0.0044
30.4200	0.0048
30.4300	0.0040
30.4400	0.0032
30.4500	0.0023
30.4600	0.0014
30.4700	-0.0003
30.4800	-0.0021
30.4900	-0.0036
30.5000	-0.0051
30.5100	-0.0068
30.5200	-0.0085
30.5300	-0.0101
30.5400	-0.0116
30.5500	-0.0121
30.5600	-0.0126
30.5700	-0.0137
30.5800	-0.0148
30.5900	-0.0143
30.6000	-0.0138
30.6100	-0.0129
30.6200	-0.0119
30.6300	-0.0109
30.6400	-0.0098
30.6500	-0.0079
30.6600	-0.0060
30.6700	-0.0043
30.6800	-0.0026
30.6900	-0.0008
30.7000	0.0009
30.7100	0.0025
30.7200	0.0042
30.7300	0.0063
30.7400	0.0084
30.7500	0.0104
30.7600	0.0124
30.7700	0.0132
30.7800	0.0140
30.7900	0.0142
30.8000	0.0145
30.8100	0.0142
30.8200	0.0140
30.8300	0.0132
30.8400	0.0125
30.8500	0.0128
30.8600	0.0131
30.8700	0.0136
30.8800	0.0142
30.8900	0.0153
30.9000	0.0165
30.9100	0.0165
30.9200	0.0165
30.9300	0.0158
30.9400	0.0150
30.9500	0.0141
30.9600	0.0133
30.9700	0.0117
30.9800	0.0101
30.9900	0.0096
31.0000	0.0092
31.0100	0.0083
31.0200	0.0075
31.0300	0.0072
31.0400	0.0069
31.0500	0.0068
31.0600	0.0067
31.0700	0.0064
31.0800	0.0061
31.0900	0.0048
31.1000	0.0034
31.1100	0.0020
31.1200	0.0006
31.1300	-0.0002
31.1400	-0.0009
31.1500	-0.0014
31.1600	-0.0018
31.1700	-0.0015
31.1800	-0.0012
31.1900	-0.0012
31.2000	-0.0012
31.2100	-0.0009
31.2200	-0.0006
31.2300	-0.0006
31.2400	-0.0005
31.2500	-0.0012
31.2600	-0.0018
31.2700	-0.0023
31.2800	-0.0028
31.2900	-0.0032
31.3000	-0.0036
31.3100	-0.0043
31.3200	-0.0049
31.3300	-0.0051
31.3400	-0.0053
31.3500	-0.0056
31.3600	-0.0059
31.3700	-0.0061
31.3800	-0.0064
31.3900	-0.0062
31.4000	-0.0060
31.4100	-0.0052
31.4200	-0.0044
31.4300	-0.0027
31.4400	-0.0010
31.4500	0.0001
31.4600	0.0011
31.4700	0.0030
31.4800	0.0048
31.4900	0.0060
31.5000	0.0072
31.5100	0.0069
31.5200	0.0067
31.5300	0.0058
31.5400	0.0049
31.5500	0.0033
31.5600	0.0017
31.5700	0.0011
31.5800	0.0004
31.5900	0.0007
31.6000	0.0010
31.6100	0.0024
31.6200	0.0037
31.6300	0.0054
31.6400	0.0070
31.6500	0.0079
31.6600	0.0088
31.6700	0.0085
31.6800	0.0083
31.6900	0.0079
31.7000	0.0074
31.7100	0.0074
31.7200	0.0074
31.7300	0.0084
31.7400	0.0093
31.7500	0.0088
31.7600	0.0084
31.7700	0.0077
31.7800	0.0071
31.7900	0.0061
31.8000	0.0051
31.8100	0.0034
31.8200	0.0018
31.8300	0.0013
31.8400	0.0008
31.8500	-0.0003
31.8600	-0.0013
31.8700	-0.0013
31.8800	-0.0013
31.8900	-0.0021
31.9000	-0.0029
31.9100	-0.0039
31.9200	-0.0048
31.9300	-0.0048
31.9400	-0.0049
31.9500	-0.0041
31.9600	-0.0033
31.9700	-0.0025
31.9800	-0.0016
31.9900	-0.0000
32.0000	0.0016
32.0100	0.0019
32.0200	0.0022
32.0300	0.0023
32.0400	0.0024
32.0500	0.0017
32.0600	0.0010
32.0700	0.0002
32.0800	-0.0005
32.0900	-0.0009
32.1000	-0.0012
32.1100	-0.0019
32.1200	-0.0026
32.1300	-0.0023
32.1400	-0.0020
32.1500	-0.0018
32.1600	-0.0016
32.1700	-0.0015
32.1800	-0.0015
32.1900	-0.0017
32.2000	-0.0019
32.2100	-0.0028
32.2200	-0.0037
32.2300	-0.0055
32.2400	-0.0073
32.2500	-0.0063
32.2600	-0.0053
32.2700	-0.0051
32.2800	-0.0048
32.2900	-0.0043
32.3000	-0.0038
32.3100	-0.0038
32.3200	-0.0037
32.3300	-0.0033
32.3400	-0.0029
32.3500	-0.0033
32.3600	-0.0036
32.3700	-0.0048
32.3800	-0.0059
32.3900	-0.0072
32.4000	-0.0084
32.4100	-0.0104
32.4200	-0.0123
32.4300	-0.0139
32.4400	-0.0155
32.4500	-0.0170
32.4600	-0.0185
32.4700	-0.0187
32.4800	-0.0188
32.4900	-0.0183
32.5000	-0.0177
32.5100	-0.0166
32.5200	-0.0156
32.5300	-0.0150
32.5400	-0.0144
32.5500	-0.0151
32.5600	-0.0158
32.5700	-0.0172
32.5800	-0.0187
32.5900	-0.0192
32.6000	-0.0198
32.6100	-0.0207
32.6200	-0.0217
32.6300	-0.0207
32.6400	-0.0197
32.6500	-0.0173
32.6600	-0.0148
32.6700	-0.0126
32.6800	-0.0104
32.6900	-0.0080
32.7000	-0.0055
32.7100	-0.0036
32.7200	-0.0016
32.7300	0.0009
32.7400	0.0035
32.7500	0.0049
32.7600	0.0063
32.7700	0.0075
32.7800	0.0087
32.7900	0.0104
32.8000	0.0121
32.8100	0.0133
32.8200	0.0145
32.8300	0.0155
32.8400	0.0165
32.8500	0.0175
32.8600	0.0186
32.8700	0.0192
32.8800	0.0198
32.8900	0.0198
32.9000	0.0199
32.9100	0.0196
32.9200	0.0194
32.9300	0.0191
32.9400	0.0188
32.9500	0.0181
32.9600	0.0174
32.9700	0.0174
32.9800	0.0173
32.9900	0.0167
33.0000	0.0160
33.0100	0.0148
33.0200	0.0136
33.0300	0.0123
33.0400	0.0110
33.0500	0.0097
33.0600	0.0084
33.0700	0.0075
33.0800	0.0065
33.0900	0.0056
33.1000	0.0047
33.1100	0.0037
33.1200	0.0028
33.1300	0.0024
33.1400	0.0020
33.1500	0.0014
33.1600	0.0008
33.1700	-0.0004
33.1800	-0.0015
33.1900	-0.0016
33.2000	-0.0018
33.2100	-0.0025
33.2200	-0.0032
33.2300	-0.0034
33.2400	-0.0036
33.2500	-0.0046
33.2600	-0.0056
33.2700	-0.0060
33.2800	-0.0064
33.2900	-0.0064
33.3000	-0.0064
33.3100	-0.0058
33.3200	-0.0052
33.3300	-0.0042
33.3400	-0.0032
33.3500	-0.0023
33.3600	-0.0014
33.3700	-0.0012
33.3800	-0.0010
33.3900	-0.0012
33.4000	-0.0013
33.4100	-0.0013
33.4200	-0.0013
33.4300	-0.0014
33.4400	-0.0015
33.4500	-0.0013
33.4600	-0.0011
33.4700	-0.0007
33.4800	-0.0004
33.4900	0.0005
33.5000	0.0015
33.5100	0.0021
33.5200	0.0027
33.5300	0.0029
33.5400	0.0030
33.5500	0.0025
33.5600	0.0021
33.5700	0.0018
33.5800	0.0015
33.5900	0.0004
33.6000	-0.0006
33.6100	-0.0013
33.6200	-0.0021
33.6300	-0.0032
33.6400	-0.0042
33.6500	-0.0046
33.6600	-0.0050
33.6700	-0.0046
33.6800	-0.0043
33.6900	-0.0035
33.7000	-0.0027
33.7100	-0.0015
33.7200	-0.0003
33.7300	0.0009
33.7400	0.0020
33.7500	0.0025
33.7600	0.0031
33.7700	0.0024
33.7800	0.0018
33.7900	0.0010
33.8000	0.0002
33.8100	-0.0007
33.8200	-0.0016
33.8300	-0.0023
33.8400	-0.0030
33.8500	-0.0031
33.8600	-0.0033
33.8700	-0.0034
33.8800	-0.0035
33.8900	-0.0035
33.9000	-0.0036
33.9100	-0.0036
33.9200	-0.0035
33.9300	-0.0029
33.9400	-0.0022
33.9500	-0.0016
33.9600	-0.0009
33.9700	-0.0010
33.9800	-0.0011
33.9900	-0.0009
34.0000	-0.0007
34.0100	-0.0008
34.0200	-0.0009
34.0300	-0.0005
34.0400	-0.0002
34.0500	0.0007
34.0600	0.0016
34.0700	0.0020
34.0800	0.0023
34.0900	0.0029
34.1000	0.0035
34.1100	0.0027
34.1200	0.0018
34.1300	0.0019
34.1400	0.0019
34.1500	0.0031
34.1600	0.0042
34.1700	0.0042
34.1800	0.0041
34.1900	0.0057
34.2000	0.0072
34.2100	0.0081
34.2200	0.0090
34.2300	0.0098
34.2400	0.0105
34.2500	0.0114
34.2600	0.0124
34.2700	0.0123
34.2800	0.0122
34.2900	0.0117
34.3000	0.0113
34.3100	0.0101
34.3200	0.0089
34.3300	0.0079
34.3400	0.0068
34.3500	0.0054
34.3600	0.0040
34.3700	0.0031
34.3800	0.0023
34.3900	0.0016
34.4000	0.0009
34.4100	0.0001
34.4200	-0.0006
34.4300	-0.0012
34.4400	-0.0019
34.4500	-0.0025
34.4600	-0.0031
34.4700	-0.0029
34.4800	-0.0026
34.4900	-0.0022
34.5000	-0.0017
34.5100	-0.0009
34.5200	-0.0000
34.5300	-0.0002
34.5400	-0.0003
34.5500	-0.0005
34.5600	-0.0007
34.5700	-0.0021
34.5800	-0.0036
34.5900	-0.0053
34.6000	-0.0070
34.6100	-0.0081
34.6200	-0.0092
34.6300	-0.0104
34.6400	-0.0117
34.6500	-0.0116
34.6600	-0.0116
34.6700	-0.0113
34.6800	-0.0111
34.6900	-0.0112
34.7000	-0.0113
34.7100	-0.0111
34.7200	-0.0110
34.7300	-0.0109
34.7400	-0.0109
34.7500	-0.0102
34.7600	-0.0096
34.7700	-0.0093
34.7800	-0.0090
34.7900	-0.0078
34.8000	-0.0066
34.8100	-0.0053
34.8200	-0.0039
34.8300	-0.0031
34.8400	-0.0022
34.8500	-0.0024
34.8600	-0.0026
34.8700	-0.0031
34.8800	-0.0036
34.8900	-0.0037
34.9000	-0.0038
34.9100	-0.0044
34.9200	-0.0050
34.9300	-0.0045
34.9400	-0.0040
34.9500	-0.0034
34.9600	-0.0028
34.9700	-0.0022
34.9800	-0.0017
34.9900	-0.0006
35.0000	0.0005
35.0100	0.0013
35.0200	0.0021
35.0300	0.0023
35.0400	0.0024
35.0500	0.0028
35.0600	0.0033
35.0700	0.0032
35.0800	0.0031
35.0900	0.0030
35.1000	0.0030
35.1100	0.0026
35.1200	0.0021
35.1300	0.0031
35.1400	0.0041
35.1500	0.0046
35.1600	0.0051
35.1700	0.0043
35.1800	0.0035
35.1900	0.0021
35.2000	0.0007
35.2100	-0.0005
35.2200	-0.0017
35.2300	-0.0025
35.2400	-0.0033
35.2500	-0.0039
35.2600	-0.0045
35.2700	-0.0041
35.2800	-0.0037
35.2900	-0.0037
35.3000	-0.0038
35.3100	-0.0037
35.3200	-0.0036
35.3300	-0.0027
35.3400	-0.0017
35.3500	-0.0015
35.3600	-0.0013
35.3700	-0.0024
35.3800	-0.0034
35.3900	-0.0032
35.4000	-0.0030
35.4100	-0.0038
35.4200	-0.0045
35.4300	-0.0043
35.4400	-0.0042
35.4500	-0.0030
35.4600	-0.0017
35.4700	0.0003
35.4800	0.0024
35.4900	0.0052
35.5000	0.0080
35.5100	0.0099
35.5200	0.0118
35.5300	0.0135
35.5400	0.0153
35.5500	0.0153
35.5600	0.0153
35.5700	0.0143
35.5800	0.0134
35.5900	0.0120
35.6000	0.0106
35.6100	0.0095
35.6200	0.0084
35.6300	0.0081
35.6400	0.0079
35.6500	0.0075
35.6600	0.0070
35.6700	0.0069
35.6800	0.0068
35.6900	0.0060
35.7000	0.0052
35.7100	0.0045
35.7200	0.0038
35.7300	0.0027
35.7400	0.0016
35.7500	-0.0005
35.7600	-0.0025
35.7700	-0.0039
35.7800	-0.0053
35.7900	-0.0061
35.8000	-0.0068
35.8100	-0.0070
35.8200	-0.0072
35.8300	-0.0065
35.8400	-0.0059
35.8500	-0.0050
35.8600	-0.0041
35.8700	-0.0037
35.8800	-0.0034
35.8900	-0.0034
35.9000	-0.0034
35.9100	-0.0034
35.9200	-0.0034
35.9300	-0.0036
35.9400	-0.0037
35.9500	-0.0036
35.9600	-0.0035
35.9700	-0.0026
35.9800	-0.0016
35.9900	-0.0012
36.0000	-0.0008
36.0100	-0.0012
36.0200	-0.0015
36.0300	-0.0017
36.0400	-0.0020
36.0500	-0.0017
36.0600	-0.0014
36.0700	-0.0008
36.0800	-0.0002
36.0900	0.0006
36.1000	0.0013
36.1100	0.0023
36.1200	0.0033
36.1300	0.0048
36.1400	0.0063
36.1500	0.0067
36.1600	0.0072
36.1700	0.0080
36.1800	0.0088
36.1900	0.0094
36.2000	0.0100
36.2100	0.0107
36.2200	0.0113
36.2300	0.0121
36.2400	0.0129
36.2500	0.0131
36.2600	0.0134
36.2700	0.0129
36.2800	0.0123
36.2900	0.0108
36.3000	0.0093
36.3100	0.0080
36.3200	0.0067
36.3300	0.0057
36.3400	0.0047
36.3500	0.0039
36.3600	0.0032
36.3700	0.0017
36.3800	0.0003
36.3900	-0.0000
36.4000	-0.0003
36.4100	-0.0008
36.4200	-0.0013
36.4300	-0.0018
36.4400	-0.0024
36.4500	-0.0023
36.4600	-0.0023
36.4700	-0.0027
36.4800	-0.0030
36.4900	-0.0029
36.5000	-0.0028
36.5100	-0.0029
36.5200	-0.0031
36.5300	-0.0035
36.5400	-0.0040
36.5500	-0.0047
36.5600	-0.0054
36.5700	-0.0065
36.5800	-0.0076
36.5900	-0.0079
36.6000	-0.0082
36.6100	-0.0073
36.6200	-0.0063
36.6300	-0.0049
36.6400	-0.0035
36.6500	-0.0020
36.6600	-0.0004
36.6700	0.0005
36.6800	0.0015
36.6900	0.0015
36.7000	0.0015
36.7100	0.0010
36.7200	0.0006
36.7300	-0.0001
36.7400	-0.0008
36.7500	-0.0011
36.7600	-0.0013
36.7700	-0.0014
36.7800	-0.0015
36.7900	-0.0008
36.8000	-0.0001
36.8100	0.0005
36.8200	0.0012
36.8300	0.0009
36.8400	0.0005
36.8500	0.0002
36.8600	-0.0002
36.8700	-0.0012
36.8800	-0.0022
36.8900	-0.0031
36.9000	-0.0040
36.9100	-0.0049
36.9200	-0.0058
36.9300	-0.0066
36.9400	-0.0073
36.9500	-0.0077
36.9600	-0.0080
36.9700	-0.0083
36.9800	-0.0085
36.9900	-0.0078
37.0000	-0.0071
37.0100	-0.0067
37.0200	-0.0063
37.0300	-0.0058
37.0400	-0.0053
37.0500	-0.0053
37.0600	-0.0052
37.0700	-0.0053
37.0800	-0.0054
37.0900	-0.0056
37.1000	-0.0058
37.1100	-0.0062
37.1200	-0.0067
37.1300	-0.0062
37.1400	-0.0057
37.1500	-0.0051
37.1600	-0.0045
37.1700	-0.0039
37.1800	-0.0034
37.1900	-0.0028
37.2000	-0.0022
37.2100	-0.0013
37.2200	-0.0004
37.2300	0.0000
37.2400	0.0004
37.2500	0.0005
37.2600	0.0007
37.2700	0.0004
37.2800	0.0000
37.2900	-0.0007
37.3000	-0.0014
37.3100	-0.0018
37.3200	-0.0022
37.3300	-0.0023
37.3400	-0.0024
37.3500	-0.0022
37.3600	-0.0021
37.3700	-0.0020
37.3800	-0.0019
37.3900	-0.0014
37.4000	-0.0009
37.4100	0.0001
37.4200	0.0011
37.4300	0.0017
37.4400	0.0023
37.4500	0.0030
37.4600	0.0037
37.4700	0.0035
37.4800	0.0033
37.4900	0.0028
37.5000	0.0022
37.5100	0.0016
37.5200	0.0009
37.5300	0.0007
37.5400	0.0005
37.5500	0.0006
37.5600	0.0006
37.5700	0.0005
37.5800	0.0003
37.5900	0.0003
37.6000	0.0003
37.6100	-0.0003
37.6200	-0.0010
37.6300	-0.0008
37.6400	-0.0007
37.6500	-0.0003
37.6600	0.0001
37.6700	0.0009
37.6800	0.0017
37.6900	0.0020
37.7000	0.0022
37.7100	0.0026
37.7200	0.0030
37.7300	0.0033
37.7400	0.0036
37.7500	0.0037
37.7600	0.0037
37.7700	0.0038
37.7800	0.0040
37.7900	0.0038
37.8000	0.0035
37.8100	0.0030
37.8200	0.0025
37.8300	0.0016
37.8400	0.0008
37.8500	0.0002
37.8600	-0.0004
37.8700	-0.0008
37.8800	-0.0012
37.8900	-0.0013
37.9000	-0.0014
37.9100	-0.0011
37.9200	-0.0007
37.9300	-0.0000
37.9400	0.0007
37.9500	0.0017
37.9600	0.0028
37.9700	0.0035
37.9800	0.0042
37.9900	0.0045
38.0000	0.0049
38.0100	0.0047
38.0200	0.0045
38.0300	0.0040
38.0400	0.0035
38.0500	0.0032
38.0600	0.0030
38.0700	0.0028
38.0800	0.0027
38.0900	0.0023
38.1000	0.0019
38.1100	0.0013
38.1200	0.0007
38.1300	0.0005
38.1400	0.0003
38.1500	0.0001
38.1600	-0.0002
38.1700	-0.0002
38.1800	-0.0002
38.1900	-0.0001
38.2000	-0.0000
38.2100	-0.0000
38.2200	-0.0001
38.2300	-0.0004
38.2400	-0.0007
38.2500	-0.0011
38.2600	-0.0015
38.2700	-0.0019
38.2800	-0.0023
38.2900	-0.0025
38.3000	-0.0028
38.3100	-0.0027
38.3200	-0.0025
38.3300	-0.0020
38.3400	-0.0014
38.3500	-0.0009
38.3600	-0.0003
38.3700	-0.0001
38.3800	0.0001
38.3900	0.0003
38.4000	0.0006
38.4100	0.0007
38.4200	0.0007
38.4300	0.0007
38.4400	0.0007
38.4500	0.0007
38.4600	0.0008
38.4700	0.0008
38.4800	0.0008
38.4900	0.0008
38.5000	0.0007
38.5100	0.0006
38.5200	0.0005
38.5300	0.0005
38.5400	0.0005
38.5500	0.0005
38.5600	0.0004
38.5700	0.0002
38.5800	0.0000
38.5900	-0.0003
38.6000	-0.0007
38.6100	-0.0007
38.6200	-0.0008
38.6300	-0.0009
38.6400	-0.0010
38.6500	-0.0009
38.6600	-0.0009
38.6700	-0.0008
38.6800	-0.0008
38.6900	-0.0008
38.7000	-0.0008
38.7100	-0.0007
38.7200	-0.0007
38.7300	-0.0007
38.7400	-0.0007
38.7500	-0.0007
38.7600	-0.0008
38.7700	-0.0010
38.7800	-0.0012
38.7900	-0.0013
38.8000	-0.0013
38.8100	-0.0013
38.8200	-0.0014
38.8300	-0.0013
38.8400	-0.0012
38.8500	-0.0011
38.8600	-0.0010
38.8700	-0.0008
38.8800	-0.0006
38.8900	-0.0006
38.9000	-0.0005
38.9100	-0.0006
38.9200	-0.0006
38.9300	-0.0005
38.9400	-0.0004
38.9500	-0.0004
38.9600	-0.0003
38.9700	-0.0002
38.9800	-0.0000
38.9900	0.0001
39.0000	0.0002
39.0100	0.0002
39.0200	0.0002
39.0300	0.0002
39.0400	0.0002
39.0500	0.0002
39.0600	0.0002
39.0700	0.0001
39.0800	0.0001
39.0900	0.0002
39.1000	0.0002
39.1100	0.0003
39.1200	0.0004
39.1300	0.0005
39.1400	0.0007
39.1500	0.0008
39.1600	0.0009
39.1700	0.0010
39.1800	0.0010
39.1900	0.0011
39.2000	0.0012
39.2100	0.0012
39.2200	0.0012
39.2300	0.0011
39.2400	0.0011
39.2500	0.0010
39.2600	0.0010
39.2700	0.0009
39.2800	0.0008
39.2900	0.0007
39.3000	0.0006
39.3100	0.0005
39.3200	0.0004
39.3300	0.0004
39.3400	0.0004
39.3500	0.0003
39.3600	0.0003
39.3700	0.0003
39.3800	0.0002
39.3900	0.0002
39.4000	0.0002
39.4100	0.0002
39.4200	0.0003
39.4300	0.0003
39.4400	0.0003
39.4500	0.0003
39.4600	0.0003
39.4700	0.0002
39.4800	0.0002
39.4900	0.0002
39.5000	0.0002
39.5100	0.0001
39.5200	0.0001
39.5300	0.0001
39.5400	0.0001
39.5500	0.0000
39.5600	0.0000
39.5700	0.0000
39.5800	0.0000
39.5900	-0.0000
39.6000	-0.0000
39.6100	-0.0000
39.6200	-0.0001
39.6300	-0.0001
39.6400	-0.0001
39.6500	-0.0001
39.6600	-0.0001
39.6700	-0.0001
39.6800	-0.0001
39.6900	-0.0001
39.7000	-0.0001
39.7100	-0.0001
39.7200	-0.0001
39.7300	-0.0001
39.7400	-0.0001
39.7500	-0.0001
39.7600	-0.0001
39.7700	-0.0001
39.7800	-0.0001
39.7900	-0.0001
39.8000	-0.0001
39.8100	-0.0001
39.8200	-0.0001
39.8300	-0.0001
39.8400	-0.0001
39.8500	-0.0001
39.8600	-0.0001
39.8700	-0.0001
39.8800	-0.0001