0
-0.0064
-0.00603
0.00053
0.00774
0.00689
0.00688
0.00671
0.00647
0.00627
0.00615
0.00613
0.0062
0.00628
0.00631
0.00628
0.00623
0.0062
0.00619
0.00618
0.00617
0.00615
0.00612
0.00608
0.00606
0.00605
0.00607
0.0061
0.00613
0.00618
0.00622
0.00625
0.00624
0.00622
0.00621
0.00622
0.00622
0.00622
0.00619
0.00612
0.00601
0.00592
0.00593
0.00608
0.00632
0.00656
0.00677
0.00695
0.00698
0.0067
0.00616
0.00551
0.0049
0.00434
0.00394
0.00402
0.00475
0.00586
0.00666
0.00663
0.006
0.00549
0.00554
0.00611
0.00691
0.00761
0.00814
0.00848
0.00846
0.00784
0.00689
0.00623
0.00622
0.00662
0.00699
0.00711
0.00699
0.00658
0.00581
0.00476
0.00362
0.00248
0.00126
-0.00009
-0.0013
-0.00201
-0.00224
-0.00248
-0.00332
-0.00491
-0.00695
-0.00887
-0.00994
-0.00964
-0.00834
-0.00689
-0.00585
-0.00517
-0.00448
-0.00359
-0.00295
-0.00337
-0.00497
-0.00725
-0.00987
-0.01255
-0.01491
-0.01691
-0.01886
-0.02102
-0.02296
-0.02376
-0.02322
-0.02205
-0.02062
-0.01858
-0.01587
-0.01349
-0.01236
-0.01116
-0.00638
0.00382
0.01751
0.03103
0.03983
0.04042
0.03432
0.02681
0.02171
0.01914
0.01697
0.01328
0.00795
0.00212
-0.00326
-0.00797
-0.01245
-0.01714
-0.02221
-0.02786
-0.03444
-0.04201
-0.05013
-0.05829
-0.06629
-0.07433
-0.08258
-0.08908
-0.08967
-0.08294
-0.0724
-0.06237
-0.05502
-0.05162
-0.05277
-0.05652
-0.05931
-0.05908
-0.05654
-0.05398
-0.05395
-0.05798
-0.06511
-0.07286
-0.07914
-0.07636
-0.04992
0.0043
0.07263
0.13368
0.1667
0.16566
0.14679
0.13185
0.12976
0.13557
0.13996
0.13808
0.13236
0.12836
0.12865
0.13183
0.13538
0.13798
0.13956
0.13906
0.13397
0.12381
0.11137
0.0996
0.08931
0.0796
0.06921
0.05701
0.04216
0.02509
0.00727
-0.01011
-0.02691
-0.0436
-0.06068
-0.07835
-0.09652
-0.11498
-0.1335
-0.15194
-0.1703
-0.1887
-0.20733
-0.22619
-0.24429
-0.25962
-0.27162
-0.28215
-0.2934
-0.30539
-0.31288
-0.30817
-0.29023
-0.26236
-0.22152
-0.14547
-0.00573
0.165
0.27121
0.26598
0.19632
0.13432
0.11315
0.12097
0.12897
0.11847
0.08931
0.05282
0.02108
-0.00035
-0.01421
-0.02693
-0.04286
-0.06234
-0.08322
-0.10337
-0.12203
-0.13974
-0.15897
-0.17261
-0.13644
-0.00287
0.18169
0.29561
0.28188
0.19392
0.1148
0.08366
0.08767
0.09361
0.07925
0.04321
-0.00089
-0.02502
0.00277
0.0847
0.1789
0.22987
0.21904
0.17627
0.14148
0.13129
0.13743
0.14314
0.13812
0.1228
0.10368
0.08667
0.07375
0.06353
0.05346
0.04204
0.02933
0.01613
0.00317
-0.00944
-0.02029
-0.02297
-0.01121
0.012
0.03736
0.05868
0.07612
0.09012
0.09581
0.08965
0.07614
0.06281
0.05317
0.04593
0.03799
0.02716
0.01341
-0.00168
-0.01637
-0.02996
-0.04287
-0.05609
-0.0664
-0.06093
-0.02883
0.01853
0.05085
0.04885
0.02223
-0.00603
-0.02205
-0.02695
-0.02961
-0.03733
-0.05156
-0.06928
-0.08664
-0.10172
-0.11493
-0.12838
-0.13949
-0.12745
-0.07491
-0.01174
0.0122
-0.01241
-0.05595
-0.08855
-0.10166
-0.10453
-0.11
-0.12433
-0.14584
-0.17039
-0.18918
-0.16101
-0.03876
0.12765
0.21753
0.18794
0.0998
0.02864
0.00356
0.00774
0.01017
-0.00835
-0.04197
-0.04875
0.01588
0.12434
0.19435
0.1881
0.13794
0.09337
0.07762
0.0831
0.09025
0.08588
0.06918
0.04717
0.027
0.01134
0.00614
0.02253
0.05299
0.07084
0.06365
0.04245
0.02355
0.01434
0.01215
0.01044
0.00429
-0.00718
-0.02155
-0.03571
-0.04819
-0.05853
-0.06272
-0.05481
-0.03579
-0.01344
0.00617
0.02106
0.02769
0.02159
0.00553
-0.01208
-0.02575
-0.03586
-0.04608
-0.05964
-0.07681
-0.09557
-0.11385
-0.13083
-0.14702
-0.1635
-0.17227
-0.15296
-0.09652
-0.02454
0.02358
0.02497
-0.00634
-0.03938
-0.05356
-0.04272
-0.01257
0.0196
0.03349
0.02262
-0.00125
-0.02212
-0.03303
-0.03703
-0.04081
-0.0487
-0.06089
-0.07519
-0.08947
-0.1026
-0.11465
-0.12632
-0.13837
-0.1511
-0.16459
-0.17858
-0.19091
-0.19786
-0.19829
-0.19568
-0.1941
-0.19344
-0.18885
-0.17683
-0.14842
-0.07449
0.04454
0.13741
0.14434
0.08598
0.02044
-0.01366
-0.00491
0.03996
0.09883
0.14852
0.18182
0.20715
0.23036
0.24186
0.23187
0.20668
0.18019
0.15972
0.14375
0.12732
0.10671
0.08111
0.05159
0.02017
-0.01086
-0.04034
-0.06881
-0.09751
-0.12712
-0.15795
-0.1781
-0.15572
-0.07548
0.02202
0.07056
0.04808
-0.01011
-0.05855
-0.079
-0.08153
-0.08516
-0.10113
-0.12872
-0.16038
-0.18941
-0.21383
-0.23659
-0.25391
-0.22988
-0.12022
0.04978
0.18182
0.20624
0.14796
0.08028
0.05042
0.0574
0.07353
0.07603
0.07159
0.09083
0.14605
0.20575
0.22788
0.20685
0.17033
0.14467
0.13645
0.13663
0.13353
0.12199
0.10406
0.08474
0.06771
0.05332
0.04295
0.04482
0.0663
0.1014
0.13197
0.142
0.13198
0.1159
0.10624
0.10411
0.10112
0.09015
0.07163
0.05044
0.03066
0.01212
-0.00004
0.02408
0.09793
0.1685
0.18021
0.14014
0.09002
0.05989
0.05204
0.05173
0.04466
0.02639
0.00122
-0.0241
-0.04573
-0.06405
-0.08027
-0.08979
-0.08446
-0.06469
-0.04008
-0.01856
-0.00267
0.004
-0.00279
-0.01966
-0.03772
-0.05143
-0.0615
-0.0715
-0.08405
-0.09935
-0.11574
-0.13157
-0.14628
-0.16029
-0.17453
-0.1861
-0.18383
-0.15835
-0.11588
-0.07182
-0.03673
-0.01636
-0.01415
-0.02537
-0.03865
-0.04625
-0.04858
-0.04847
-0.04398
-0.0318
-0.01384
0.0049
0.01938
0.02464
0.02025
0.01283
0.01029
0.01494
0.02298
0.02886
0.0287
0.02244
0.01389
0.00644
-0.00029
-0.0088
-0.02014
-0.03314
-0.04636
-0.05635
-0.0557
-0.04087
-0.01795
0.00454
0.02404
0.03932
0.04295
0.03055
0.00912
-0.01136
-0.02545
-0.0288
-0.0181
0.0021
0.01946
0.0226
0.01093
-0.00602
-0.01889
-0.02521
-0.02826
-0.03243
-0.03998
-0.04791
-0.04672
-0.03113
-0.0091
0.00835
0.01707
0.01704
0.01037
0.00167
-0.00512
-0.00906
-0.00965
-0.00572
0.0018
0.00927
0.01264
0.01043
0.00504
0.00022
-0.00231
-0.00325
-0.00424
-0.00596
-0.00587
0.00003
0.01202
0.02643
0.03946
0.04694
0.04437
0.03318
0.02185
0.01712
0.01841
0.02087
0.02067
0.01743
0.01265
0.00594
-0.00482
-0.01603
-0.01768
-0.00578
0.0113
0.02057
0.01693
0.00713
0.00102
0.00237
0.00828
0.01387
0.01615
0.01422
0.00903
0.00288
-0.00231
-0.00668
-0.01166
-0.01808
-0.02549
-0.03376
-0.04474
-0.06003
-0.07737
-0.08664
-0.07493
-0.04206
-0.00142
0.0308
0.04173
0.03052
0.01015
-0.00541
-0.01202
-0.01387
-0.01384
-0.00891
0.0029
0.0184
0.0335
0.04632
0.05391
0.05173
0.04025
0.02575
0.01368
0.00489
-0.00247
-0.00995
-0.01812
-0.02704
-0.03619
-0.04216
-0.0387
-0.02404
-0.00385
0.01503
0.02721
0.02836
0.01957
0.00916
0.00568
0.01069
0.01871
0.02262
0.01903
0.01025
0.0011
-0.00543
-0.0094
-0.01257
-0.0166
-0.02199
-0.02696
-0.0276
-0.02185
-0.01216
-0.00237
0.00366
0.00133
-0.01055
-0.02723
-0.0429
-0.05395
-0.05606
-0.04621
-0.02835
-0.011
-0.00093
0.00105
-0.00014
0.00037
0.00153
-0.00012
-0.0035
-0.006
-0.00843
-0.01305
-0.02018
-0.02832
-0.03607
-0.04303
-0.04968
-0.05536
-0.05723
-0.05383
-0.04739
-0.04115
-0.03783
-0.04066
-0.05093
-0.0657
-0.07834
-0.07765
-0.05913
-0.03672
-0.02625
-0.02617
-0.02284
-0.00824
0.01167
0.02609
0.03148
0.03215
0.03348
0.03711
0.04139
0.04454
0.04621
0.04661
0.0459
0.04524
0.04432
0.03833
0.02201
-0.00339
-0.02398
-0.02308
-0.00045
0.0294
0.05335
0.06511
0.06198
0.04791
0.03392
0.02852
0.03119
0.03578
0.03743
0.03535
0.03149
0.02809
0.02621
0.02558
0.02531
0.02522
0.02614
0.02832
0.03109
0.03333
0.03312
0.02908
0.02226
0.01499
0.00816
0.00087
-0.00749
-0.01676
-0.02611
-0.03338
-0.03653
-0.03632
-0.0354
-0.03567
-0.03704
-0.0381
-0.03778
-0.03628
-0.03445
-0.03281
-0.03069
-0.02694
-0.02156
-0.01664
-0.01516
-0.01787
-0.02265
-0.02715
-0.03012
-0.01534
0.03737
0.10701
0.15226
0.16124
0.14774
0.13016
0.12048
0.11989
0.12214
0.12065
0.11297
0.10079
0.08755
0.0758
0.06614
0.05747
0.04851
0.03874
0.0283
0.01769
0.00781
0.00151
0.00202
0.00837
0.0161
0.02102
0.01948
0.0101
-0.00382
-0.01684
-0.02378
-0.02107
-0.01144
-0.00519
-0.01219
-0.03194
-0.05542
-0.07497
-0.08929
-0.10179
-0.11649
-0.13494
-0.15673
-0.1753
-0.15978
-0.07427
0.05253
0.13473
0.12837
0.06803
0.0116
-0.01119
0.00051
0.03845
0.08441
0.11056
0.10341
0.07601
0.05081
0.04193
0.05126
0.06751
0.07152
0.05339
0.02082
-0.01233
-0.04016
-0.066
-0.0945
-0.12756
-0.16057
-0.17359
-0.14452
-0.08378
-0.03291
-0.02175
-0.04177
-0.06105
-0.05602
-0.02764
0.00752
0.03523
0.05242
0.06444
0.07764
0.09358
0.10906
0.1207
0.12461
0.11541
0.0935
0.06653
0.04191
0.02146
0.00258
-0.01767
-0.04132
-0.0701
-0.10421
-0.14159
-0.16523
-0.13716
-0.05011
0.03737
0.06593
0.03796
-0.00412
-0.02667
-0.02473
-0.01267
-0.00633
-0.01397
-0.03619
-0.06644
-0.08704
-0.07483
-0.02475
0.04011
0.0832
0.08129
0.0451
0.00652
-0.01087
-0.00616
0.00568
0.01052
0.00391
-0.01162
-0.03123
-0.04951
-0.06213
-0.06875
-0.07316
-0.07867
-0.08285
-0.07987
-0.06865
-0.05317
-0.0363
-0.01866
-0.00414
0.00059
-0.00173
0.00203
0.01942
0.04366
0.05817
0.05087
0.02617
-0.00166
-0.02278
-0.03725
-0.04867
-0.05025
-0.03152
-0.00175
0.01796
0.01864
0.0069
-0.00387
-0.00327
0.00911
0.02569
0.03891
0.04574
0.04566
0.03949
0.03061
0.02276
0.0173
0.01215
0.00292
-0.01219
-0.03083
-0.04955
-0.06664
-0.08255
-0.09873
-0.11261
-0.1142
-0.09648
-0.06484
-0.02973
0.00293
0.03052
0.0462
0.04273
0.02519
0.01185
0.02102
0.05487
0.09599
0.1188
0.10936
0.07735
0.04378
0.02143
0.00921
-0.0001
-0.01063
-0.02248
-0.03503
-0.04724
-0.05458
-0.0506
-0.03512
-0.01553
0.00003
0.00793
0.01058
0.01328
0.01909
0.02612
0.0295
0.02743
0.02463
0.02764
0.03776
0.05077
0.06228
0.07124
0.07835
0.08129
0.07566
0.06179
0.0452
0.03061
0.01867
0.00717
-0.00442
-0.01133
-0.00945
-0.00219
0.00377
0.00552
0.00442
0.0056
0.01628
0.0327
0.03866
0.02685
0.00558
-0.01404
-0.02733
-0.03667
-0.04612
-0.05742
-0.06897
-0.07405
-0.06505
-0.04321
-0.0173
0.00543
0.02383
0.03918
0.04786
0.0451
0.03383
0.02144
0.01226
0.00586
-0.00049
-0.00892
-0.01963
-0.03171
-0.04092
-0.0383
-0.01925
0.00933
0.03501
0.0501
0.05664
0.06127
0.06599
0.06787
0.06559
0.06105
0.05638
0.05209
0.0474
0.04204
0.03666
0.03159
0.02693
0.02511
0.03052
0.0436
0.05848
0.06898
0.07476
0.08204
0.09562
0.10919
0.11157
0.10117
0.08584
0.07306
0.06503
0.06013
0.056
0.05104
0.04465
0.03738
0.03013
0.02274
0.01398
0.00344
-0.00796
-0.01914
-0.02968
-0.03994
-0.0501
-0.05965
-0.06812
-0.07581
-0.08343
-0.09139
-0.09951
-0.10701
-0.11239
-0.11528
-0.11708
-0.11926
-0.12236
-0.12587
-0.12944
-0.13445
-0.14311
-0.15551
-0.16935
-0.18263
-0.19525
-0.20474
-0.19845
-0.16338
-0.10593
-0.04873
-0.00888
0.0151
0.03499
0.05446
0.06635
0.06667
0.06099
0.05954
0.06979
0.09012
0.11249
0.12975
0.13651
0.13078
0.11786
0.10573
0.09823
0.09408
0.08964
0.08325
0.078
0.07822
0.08352
0.08928
0.09202
0.09168
0.08988
0.08851
0.08852
0.08946
0.09064
0.09157
0.09199
0.09143
0.08634
0.07072
0.0431
0.00975
-0.01804
-0.0301
-0.02687
-0.0206
-0.02396
-0.03876
-0.05364
-0.05334
-0.03637
-0.01925
-0.01793
-0.03229
-0.05144
-0.06561
-0.06934
-0.06168
-0.04783
-0.03507
-0.02664
-0.021
-0.01716
-0.01854
-0.02763
-0.04114
-0.05117
-0.04937
-0.03658
-0.02474
-0.0236
-0.03159
-0.03911
-0.03652
-0.02308
-0.00784
0.00078
0.00227
0.00262
0.00747
0.01433
0.01645
0.01224
0.00524
-0.00082
-0.00488
-0.00704
-0.00546
0.00175
0.01298
0.02481
0.03468
0.03937
0.03531
0.02342
0.00928
-0.00305
-0.01424
-0.02622
-0.0373
-0.04401
-0.046
-0.04578
-0.0457
-0.04636
-0.04701
-0.04698
-0.04584
-0.0408
-0.02934
-0.0169
-0.01222
-0.01661
-0.02503
-0.03292
-0.03874
-0.04328
-0.04793
-0.05259
-0.05584
-0.05711
-0.05823
-0.063
-0.07236
-0.08148
-0.08595
-0.08777
-0.08913
-0.08241
-0.05889
-0.02492
0.00255
0.01451
0.01656
0.01881
0.02581
0.03607
0.04568
0.05069
0.04892
0.04167
0.03281
0.02619
0.02339
0.02104
0.01017
-0.0143
-0.03885
-0.03962
-0.0102
0.03192
0.06019
0.05756
0.03018
-0.00154
-0.02301
-0.03389
-0.04011
-0.03849
-0.01906
0.01739
0.05922
0.0929
0.1031
0.08226
0.04305
0.00939
-0.00432
-0.00253
0.00253
0.00647
0.01187
0.0195
0.02748
0.03411
0.03757
0.03651
0.03253
0.02919
0.02845
0.029
0.02739
0.02129
0.01241
0.00532
0.00268
0.00174
-0.00291
-0.01265
-0.02353
-0.03144
-0.03723
-0.0481
-0.07117
-0.09952
-0.11026
-0.08784
-0.04188
0.00619
0.04379
0.07186
0.09284
0.10162
0.09569
0.08257
0.07138
0.06487
0.06024
0.05379
0.04396
0.03167
0.01916
0.00862
0.00098
-0.00472
-0.01111
-0.02187
-0.03726
-0.04534
-0.02812
0.01308
0.05226
0.06676
0.05889
0.04756
0.04765
0.05766
0.06471
0.06006
0.04612
0.02822
0.00542
-0.02396
-0.05325
-0.07403
-0.08647
-0.09704
-0.11131
-0.12957
-0.14392
-0.14415
-0.12991
-0.10867
-0.08375
-0.05492
-0.02698
-0.00635
0.00783
0.01889
0.02364
0.01787
0.00451
-0.00987
-0.02167
-0.03148
-0.04173
-0.05112
-0.05105
-0.03496
-0.01031
0.00837
0.0167
0.01946
0.01841
0.0134
0.0067
0.00077
-0.00221
0.00042
0.00859
0.01833
0.02534
0.02865
0.03099
0.03634
0.04633
0.05922
0.07182
0.0787
0.07302
0.05476
0.03336
0.01891
0.01329
0.01116
0.00692
-0.00028
-0.00725
-0.01132
-0.01273
-0.01344
-0.01643
-0.02477
-0.03697
-0.04224
-0.02803
0.0051
0.04439
0.07384
0.07942
0.06045
0.03204
0.01002
-0.00073
-0.00558
-0.01242
-0.02467
-0.03723
-0.0401
-0.02963
-0.01206
0.00459
0.01727
0.02529
0.02489
0.01333
-0.00517
-0.02318
-0.03669
-0.04688
-0.05737
-0.06957
-0.07812
-0.07451
-0.0582
-0.037
-0.01717
0.00029
0.01413
0.02165
0.02388
0.02453
0.02474
0.02344
0.02014
0.01532
0.00924
0.00105
-0.01025
-0.02058
-0.02115
-0.00909
0.00921
0.02591
0.03833
0.04722
0.05081
0.046
0.0346
0.0221
0.01202
0.00413
-0.00382
-0.01119
-0.01207
-0.00273
0.00985
0.01311
0.00261
-0.0149
-0.03061
-0.04106
-0.04816
-0.05443
-0.05842
-0.05691
-0.05058
-0.043
-0.03665
-0.03333
-0.03565
-0.04409
-0.05526
-0.06549
-0.07299
-0.07345
-0.06027
-0.03389
-0.0033
0.02206
0.03848
0.04951
0.06024
0.06818
0.06575
0.05216
0.03466
0.02072
0.0126
0.0074
0.00104
-0.0059
-0.00678
0.00258
0.01859
0.03508
0.04838
0.05541
0.05293
0.04235
0.02971
0.01968
0.01262
0.00623
-0.00172
-0.01052
-0.0155
-0.01286
-0.0044
0.00509
0.0121
0.01581
0.01865
0.02465
0.03394
0.03953
0.03439
0.02005
0.00357
-0.00975
-0.01897
-0.0265
-0.03498
-0.04439
-0.05277
-0.05924
-0.0637
-0.06348
-0.05536
-0.04101
-0.02368
-0.00164
0.02879
0.0635
0.08714
0.08632
0.06568
0.04181
0.02632
0.01948
0.01478
0.00638
-0.00719
-0.02379
-0.03798
-0.04082
-0.02888
-0.01315
-0.00863
-0.0182
-0.033
-0.04223
-0.04074
-0.03165
-0.02203
-0.01689
-0.01691
-0.01949
-0.02149
-0.02086
-0.01635
-0.00765
0.00346
0.01411
0.02288
0.03056
0.03671
0.0374
0.03045
0.01923
0.00852
0.00023
-0.00675
-0.01301
-0.01405
-0.00419
0.01363
0.02877
0.03433
0.03279
0.03086
0.03197
0.03359
0.03154
0.02592
0.02066
0.01848
0.01873
0.01928
0.01876
0.01618
0.00974
0.00141
-0.00191
0.00309
0.01277
0.02101
0.0218
0.01258
-0.00293
-0.01906
-0.03368
-0.0478
-0.0628
-0.07835
-0.0911
-0.09652
-0.09316
-0.08493
-0.07715
-0.0703
-0.06056
-0.04576
-0.02821
-0.01244
-0.00126
0.00646
0.01326
0.01834
0.01865
0.01402
0.0075
0.00179
-0.00258
-0.00656
-0.01119
-0.01677
-0.02121
-0.02011
-0.01164
0.00092
0.01302
0.0227
0.03084
0.03918
0.04866
0.05912
0.06851
0.0722
0.06733
0.0568
0.04599
0.03782
0.03177
0.02579
0.01838
0.00944
0.00167
0.0003
0.0075
0.01944
0.03088
0.0395
0.04476
0.04543
0.0417
0.03645
0.03227
0.02998
0.03034
0.0343
0.04089
0.04776
0.05271
0.05384
0.05088
0.04605
0.04204
0.03933
0.03667
0.03362
0.03067
0.02802
0.02544
0.02251
0.01872
0.01419
0.00815
-0.005
-0.03032
-0.06074
-0.08198
-0.0892
-0.08866
-0.08598
-0.08181
-0.07701
-0.0741
-0.07112
-0.06005
-0.03808
-0.01467
-0.00056
0.00374
0.00467
0.00605
0.00665
0.00492
0.00137
-0.00285
-0.00669
-0.00923
-0.01037
-0.01101
-0.01231
-0.01544
-0.02035
-0.02374
-0.02152
-0.01377
-0.00424
0.00404
0.00992
0.01107
0.00529
-0.00418
-0.01136
-0.01429
-0.01496
-0.01427
-0.01056
-0.00323
0.00582
0.01455
0.02142
0.02329
0.01734
0.00568
-0.00655
-0.01605
-0.02067
-0.01733
-0.0061
0.00813
0.02058
0.0301
0.03585
0.03469
0.02586
0.01372
0.00401
-0.00022
0.00001
0.00148
0.00148
-0.0006
-0.0036
-0.00614
-0.00756
-0.00807
-0.00842
-0.00947
-0.01149
-0.01406
-0.0167
-0.01909
-0.02113
-0.02298
-0.02481
-0.02673
-0.02879
-0.03091
-0.033
-0.03507
-0.0371
-0.03923
-0.04215
-0.04625
-0.04904
-0.04656
-0.03842
-0.02817
-0.01917
-0.01219
-0.006
0.00125
0.00919
0.01335
0.00996
0.00071
-0.00911
-0.01259
-0.00406
0.01487
0.03657
0.05483
0.06639
0.06903
0.06414
0.05732
0.0519
0.04511
0.03292
0.01554
-0.00387
-0.02258
-0.03603
-0.03713
-0.0245
-0.00577
0.00915
0.0144
0.0115
0.00704
0.00687
0.01343
0.02515
0.03797
0.04875
0.05439
0.04988
0.03416
0.01324
-0.00458
-0.01357
-0.01389
-0.01076
-0.00945
-0.01166
-0.01621
-0.02149
-0.02636
-0.03034
-0.03371
-0.03714
-0.04012
-0.03859
-0.02833
-0.01091
0.00811
0.0243
0.03423
0.03566
0.03094
0.02555
0.02312
0.02428
0.02784
0.03184
0.03441
0.03368
0.02838
0.0196
0.00949
-0.00097
-0.01162
-0.02247
-0.03369
-0.04333
-0.04657
-0.04128
-0.03129
-0.02187
-0.0151
-0.00976
-0.00375
0.00371
0.01162
0.01865
0.02463
0.02986
0.03229
0.02815
0.01715
0.00323
-0.00986
-0.02112
-0.03162
-0.04296
-0.05481
-0.0615
-0.05605
-0.03963
-0.02015
-0.00471
0.00356
0.00642
0.00851
0.01331
0.02096
0.02916
0.03497
0.03711
0.03687
0.03648
0.03722
0.03894
0.04093
0.04319
0.04646
0.0501
0.05136
0.04856
0.04361
0.03989
0.03892
0.03951
0.03885
0.03413
0.02506
0.01438
0.00532
-0.00094
-0.00461
-0.00513
-0.00214
0.00272
0.00731
0.01082
0.0138
0.01595
0.01411
