Prepared by DECODS 2.22-WIN
    27     1     1     0   0  0     0     0     0     0 0 0 0     0     0     0     0      386.4 
     1   1 1 1 1 1 1  -5.000000E-01 -5.000000E-01  0.000000E+00   0          0. 0 0
     2   0 1 1 1 1 1   0.000000E+00 -5.000000E-01  0.000000E+00   0          0.
     3   0 1 1 1 1 1   5.000000E-01 -5.000000E-01  0.000000E+00   0          0.
     4   1 0 1 1 1 1  -5.000000E-01  0.000000E+00  0.000000E+00   0          0.
     5   0 0 1 1 1 1   0.000000E+00  0.000000E+00  0.000000E+00   0          0.
     6   0 0 1 1 1 1   5.000000E-01  0.000000E+00  0.000000E+00   0          0.
     7   1 0 1 1 1 1  -5.000000E-01  5.000000E-01  0.000000E+00   0          0.
     8   0 0 1 1 1 1   0.000000E+00  5.000000E-01  0.000000E+00   0          0.
     9   0 0 1 1 1 1   5.000000E-01  5.000000E-01  0.000000E+00   0          0.
    10   0 0 0 1 1 1  -5.000000E-01 -5.000000E-01  5.000000E-01   0          0.
    11   0 0 0 1 1 1   0.000000E+00 -5.000000E-01  5.000000E-01   0          0.
    12   0 0 0 1 1 1   5.000000E-01 -5.000000E-01  5.000000E-01   0          0.
    13   0 0 0 1 1 1  -5.000000E-01  0.000000E+00  5.000000E-01   0          0.
    14   0 0 0 1 1 1   0.000000E+00  0.000000E+00  5.000000E-01   0          0.
    15   0 0 0 1 1 1   5.000000E-01  0.000000E+00  5.000000E-01   0          0.
    16   0 0 0 1 1 1  -5.000000E-01  5.000000E-01  5.000000E-01   0          0.
    17   0 0 0 1 1 1   0.000000E+00  5.000000E-01  5.000000E-01   0          0.
    18   0 0 0 1 1 1   5.000000E-01  5.000000E-01  5.000000E-01   0          0.
    19   0 0 0 1 1 1  -5.000000E-01 -5.000000E-01  1.000000E+00   0          0.
    20   0 0 0 1 1 1   0.000000E+00 -5.000000E-01  1.000000E+00   0          0.
    21   0 0 0 1 1 1   5.000000E-01 -5.000000E-01  1.000000E+00   0          0.
    22   0 0 0 1 1 1  -5.000000E-01  0.000000E+00  1.000000E+00   0          0.
    23   0 0 0 1 1 1   0.000000E+00  0.000000E+00  1.000000E+00   0          0.
    24   0 0 0 1 1 1   5.000000E-01  0.000000E+00  1.000000E+00   0          0.
    25   0 0 0 1 1 1  -5.000000E-01  5.000000E-01  1.000000E+00   0          0.
    26   0 0 0 1 1 1   0.000000E+00  5.000000E-01  1.000000E+00   0          0.
    27   0 0 0 1 1 1   5.000000E-01  5.000000E-01  1.000000E+00   0          0.
     5      8     11      0      0 
    1        0.        0.        0.        0.        0.
    2        0.        0.        0.        0.        0.
    3        0.        0.        0.        0.        0.
    4        0.        0.        0.        0.        0.
    5        0.        0.        0.        0.        0.
    6        0.        0.        0.        0.        0.
    7        0.        0.        0.        0.        0.
    8        0.        0.        0.        0.        0.
    9        0.        0.        0.        0.        0.
   10        0.        0.        0.        0.        0.
   11    3.E+07       0.3    0.2836   6.5E-06        0.
        1.        0.        0.        0.
        0.        0.        0.        1.
        0.        0.        0.        0.
        0.        0.        0.        0.
        0.       -1.        0.        0.
    1    1    2    5    4   10   11   14   13  2  11 0    0   0   0   0 0 1         1.
    2    2    3    6    5   11   12   15   14  2  11 0    0   0   0   0 0 1         1.
    3    4    5    8    7   13   14   17   16  2  11 0    0   0   0   0 0 1         1.
    4    5    6    9    8   14   15   18   17  2  11 0    0   0   0   0 0 1         1.
    5   10   11   14   13   19   20   23   22  2  11 0    0   0   0   0 0 1         1.
    6   11   12   15   14   20   21   24   23  2  11 0    0   0   0   0 0 1         1.
    7   13   14   17   16   22   23   26   25  2  11 0    0   0   0   0 0 1         1.
    8   14   15   18   17   23   24   27   26  2  11 0    0   0   0   0 0 1         1.
    0    0
        1.        0.        0.        0.

