0.0005 0.0173198 0 -0.00852972 0 2.06079e-05 0
0.001 0.0346396 0 -0.0170594 0 4.12157e-05 0
0.0015 0.0519593 0 -0.0255892 0 6.18236e-05 0
0.002 0.0692791 0 -0.0341189 0 8.24314e-05 0
0.0025 0.0865989 0 -0.0426486 0 0.000103039 0
0.003 0.103919 0 -0.0511783 0 0.000123647 0
0.0035 0.121238 0 -0.059708 0 0.000144255 0
0.004 0.138558 0 -0.0682377 0 0.000164863 0
0.0045 0.155878 0 -0.0767675 0 0.000185471 0
0.005 0.173198 0 -0.0852972 0 0.000206079 0
0.0055 0.190518 0 -0.0938269 0 0.000226686 0
0.006 0.207837 0 -0.102357 0 0.000247294 0
0.0065 0.225157 0 -0.110886 0 0.000267902 0
0.007 0.242477 0 -0.119416 0 0.00028851 0
0.0075 0.259797 0 -0.127946 0 0.000309118 0
0.008 0.277116 0 -0.136475 0 0.000329726 0
0.0085 0.294436 0 -0.145005 0 0.000350334 0
0.009 0.311756 0 -0.153535 0 0.000370941 0
0.0095 0.329076 0 -0.162065 0 0.000391549 0
0.01 0.346396 0 -0.170594 0 0.000412157 0
0.0105 0.363715 0 -0.179124 0 0.000432765 0
0.011 0.381035 0 -0.187654 0 0.000453373 0
0.0115 0.398355 0 -0.196184 0 0.000473981 0
0.012 0.415675 0 -0.204713 0 0.000494589 0
0.0125 0.432994 0 -0.213243 0 0.000515197 0
0.013 0.450314 0 -0.221773 0 0.000535804 0
0.0135 0.467634 0 -0.230302 0 0.000556412 0
0.014 0.484954 0 -0.238832 0 0.00057702 0
0.0145 0.502274 0 -0.247362 0 0.000597628 0
0.015 0.519593 0 -0.255892 0 0.000618236 0
0.0155 0.536913 0 -0.264421 0 0.000638844 0
0.016 0.554233 0 -0.272951 0 0.000659452 0
0.0165 0.571553 0 -0.281481 0 0.000680059 0
0.017 0.588872 0 -0.29001 0 0.000700667 0
0.0175 0.606192 0 -0.29854 0 0.000721275 0
0.018 0.623512 0 -0.30707 0 0.000741883 0
0.0185 0.640832 0 -0.3156 0 0.000762491 0
0.019 0.658152 0 -0.324129 0 0.000783099 0
0.0195 0.675471 0 -0.332659 0 0.000803707 0
0.02 0.692791 0 -0.341189 0 0.000824314 0
0.0205 0.710111 0 -0.349718 0 0.000844922 0
0.021 0.727431 0 -0.358248 0 0.00086553 0
0.0215 0.74475 0 -0.366778 0 0.000886138 0
0.022 0.76207 0 -0.375308 0 0.000906746 0
0.0225 0.77939 0 -0.383837 0 0.000927354 0
0.023 0.79671 0 -0.392367 0 0.000947962 0
0.0235 0.81403 0 -0.400897 0 0.000968569 0
0.024 0.831349 0 -0.409426 0 0.000989177 0
0.0245 0.848669 0 -0.417956 0 0.00100979 0
0.025 0.865989 0 -0.426486 0 0.00103039 0
0.0255 0.883309 0 -0.435016 0 0.001051 0
0.026 0.900628 0 -0.443545 0 0.00107161 0
0.0265 0.917948 0 -0.452075 0 0.00109222 0
0.027 0.935268 0 -0.460605 0 0.00111282 0
0.0275 0.952588 0 -0.469135 0 0.00113343 0
0.028 0.969907 0 -0.477664 0 0.00115404 0
0.0285 0.987227 0 -0.486194 0 0.00117465 0
0.029 1.00455 0 -0.494724 0 0.00119526 0
0.0295 1.02187 0 -0.503253 0 0.00121586 0
0.03 1.03919 0 -0.511783 0 0.00123647 0
0.0305 1.05651 0 -0.520313 0 0.00125708 0
0.031 1.07383 0 -0.528843 0 0.00127769 0
0.0315 1.09115 0 -0.537372 0 0.0012983 0
0.032 1.10847 0 -0.545902 0 0.0013189 0
0.0325 1.12579 0 -0.554432 0 0.00133951 0
0.033 1.14311 0 -0.562961 0 0.00136012 0
0.0335 1.16043 0 -0.571491 0 0.00138073 0
0.034 1.17774 0 -0.580021 0 0.00140133 0
0.0345 1.19506 0 -0.588551 0 0.00142194 0
0.035 1.21238 0 -0.59708 0 0.00144255 0
0.0355 1.2297 0 -0.60561 0 0.00146316 0
0.036 1.24702 0 -0.61414 0 0.00148377 0
0.0365 1.26434 0 -0.622669 0 0.00150437 0
0.037 1.28166 0 -0.631199 0 0.00152498 0
0.0375 1.29898 0 -0.639729 0 0.00154559 0
0.038 1.3163 0 -0.648259 0 0.0015662 0
0.0385 1.33362 0 -0.656788 0 0.00158681 0
0.039 1.35094 0 -0.665318 0 0.00160741 0
0.0395 1.36826 0 -0.673848 0 0.00162802 0
0.04 1.38558 0 -0.682377 0 0.00164863 0
0.0405 1.4029 0 -0.690907 0 0.00166924 0
0.041 1.42022 0 -0.699437 0 0.00168984 0
0.0415 1.43754 0 -0.707967 0 0.00171045 0
0.042 1.45486 0 -0.716496 0 0.00173106 0
0.0425 1.47218 0 -0.725026 0 0.00175167 0
0.043 1.4895 0 -0.733556 0 0.00177228 0
0.0435 1.50682 0 -0.742086 0 0.00179288 0
0.044 1.52414 0 -0.750615 0 0.00181349 0
0.0445 1.54146 0 -0.759145 0 0.0018341 0
0.045 1.55878 0 -0.767675 0 0.00185471 0
0.0455 1.5761 0 -0.776204 0 0.00187532 0
0.046 1.59342 0 -0.784734 0 0.00189592 0
0.0465 1.61074 0 -0.793264 0 0.00191653 0
0.047 1.62806 0 -0.801794 0 0.00193714 0
0.0475 1.64538 0 -0.810323 0 0.00195775 0
0.048 1.6627 0 -0.818853 0 0.00197835 0
0.0485 1.68002 0 -0.827383 0 0.00199896 0
0.049 1.69734 0 -0.835912 0 0.00201957 0
0.0495 1.71466 0 -0.844442 0 0.00204018 0
0.05 1.73198 0 -0.852972 0 0.00206079 0
0.0505 1.7493 0 -0.861502 0 0.00208139 0
0.051 1.76662 0 -0.870031 0 0.002102 0
0.0515 1.78394 0 -0.878561 0 0.00212261 0
0.052 1.80126 0 -0.887091 0 0.00214322 0
0.0525 1.81858 0 -0.89562 0 0.00216383 0
0.053 1.8359 0 -0.90415 0 0.00218443 0
0.0535 1.85322 0 -0.91268 0 0.00220504 0
0.054 1.87054 0 -0.92121 0 0.00222565 0
0.0545 1.88786 0 -0.929739 0 0.00224626 0
0.055 1.90518 0 -0.938269 0 0.00226686 0
0.0555 1.9225 0 -0.946799 0 0.00228747 0
0.056 1.93981 0 -0.955328 0 0.00230808 0
0.0565 1.95713 0 -0.963858 0 0.00232869 0
0.057 1.97445 0 -0.972388 0 0.0023493 0
0.0575 1.99177 0 -0.980918 0 0.0023699 0
0.058 2.00909 0 -0.989447 0 0.00239051 0
0.0585 2.02641 0 -0.997977 0 0.00241112 0
0.059 2.04373 0 -1.00651 0 0.00243173 0
0.0595 2.06105 0 -1.01504 0 0.00245234 0
0.06 2.07837 0 -1.02357 0 0.00247294 0
0.0605 2.09569 0 -1.0321 0 0.00249355 0
0.061 2.11301 0 -1.04063 0 0.00251416 0
0.0615 2.13033 0 -1.04916 0 0.00253477 0
0.062 2.14765 0 -1.05769 0 0.00255537 0
0.0625 2.16497 0 -1.06621 0 0.00257598 0
0.063 2.18229 0 -1.07474 0 0.00259659 0
0.0635 2.19961 0 -1.08327 0 0.0026172 0
0.064 2.21693 0 -1.0918 0 0.00263781 0
0.0645 2.23425 0 -1.10033 0 0.00265841 0
0.065 2.25157 0 -1.10886 0 0.00267902 0
0.0655 2.26889 0 -1.11739 0 0.00269963 0
0.066 2.28621 0 -1.12592 0 0.00272024 0
0.0665 2.30353 0 -1.13445 0 0.00274085 0
0.067 2.32085 0 -1.14298 0 0.00276145 0
0.0675 2.33817 0 -1.15151 0 0.00278206 0
0.068 2.35549 0 -1.16004 0 0.00280267 0
0.0685 2.37281 0 -1.16857 0 0.00282328 0
0.069 2.39013 0 -1.1771 0 0.00284388 0
0.0695 2.40745 0 -1.18563 0 0.00286449 0
0.07 2.42477 0 -1.19416 0 0.0028851 0
0.0705 2.44209 0 -1.20269 0 0.00290571 0
0.071 2.45941 0 -1.21122 0 0.00292632 0
0.0715 2.47673 0 -1.21975 0 0.00294692 0
0.072 2.49405 0 -1.22828 0 0.00296753 0
0.0725 2.51137 0 -1.23681 0 0.00298814 0
0.073 2.52869 0 -1.24534 0 0.00300875 0
0.0735 2.54601 0 -1.25387 0 0.00302936 0
0.074 2.56333 0 -1.2624 0 0.00304996 0
0.0745 2.58065 0 -1.27093 0 0.00307057 0
0.075 2.59797 0 -1.27946 0 0.00309118 0
0.0755 2.61529 0 -1.28799 0 0.00311179 0
0.076 2.63261 0 -1.29652 0 0.00313239 0
0.0765 2.64993 0 -1.30505 0 0.003153 0
0.077 2.66725 0 -1.31358 0 0.00317361 0
0.0775 2.68457 0 -1.32211 0 0.00319422 0
0.078 2.70189 0 -1.33064 0 0.00321483 0
0.0785 2.7192 0 -1.33917 0 0.00323543 0
0.079 2.73652 0 -1.3477 0 0.00325604 0
0.0795 2.75384 0 -1.35623 0 0.00327665 0
0.08 2.77116 0 -1.36475 0 0.00329726 0
0.0805 2.78848 0 -1.37328 0 0.00331787 0
0.081 2.8058 0 -1.38181 0 0.00333847 0
0.0815 2.82312 0 -1.39034 0 0.00335908 0
0.082 2.84044 0 -1.39887 0 0.00337969 0
0.0825 2.85776 0 -1.4074 0 0.0034003 0
0.083 2.87508 0 -1.41593 0 0.0034209 0
0.0835 2.8924 0 -1.42446 0 0.00344151 0
0.084 2.90972 0 -1.43299 0 0.00346212 0
0.0845 2.92704 0 -1.44152 0 0.00348273 0
0.085 2.94436 0 -1.45005 0 0.00350334 0
0.0855 2.96168 0 -1.45858 0 0.00352394 0
0.086 2.979 0 -1.46711 0 0.00354455 0
0.0865 2.99632 0 -1.47564 0 0.00356516 0
0.087 3.01364 0 -1.48417 0 0.00358577 0
0.0875 3.03096 0 -1.4927 0 0.00360638 0
0.088 3.04828 0 -1.50123 0 0.00362698 0
0.0885 3.0656 0 -1.50976 0 0.00364759 0
0.089 3.08292 0 -1.51829 0 0.0036682 0
0.0895 3.10024 0 -1.52682 0 0.00368881 0
0.09 3.11756 0 -1.53535 0 0.00370941 0
0.0905 3.13488 0 -1.54388 0 0.00373002 0
0.091 3.1522 0 -1.55241 0 0.00375063 0
0.0915 3.16952 0 -1.56094 0 0.00377124 0
0.092 3.18684 0 -1.56947 0 0.00379185 0
0.0925 3.20416 0 -1.578 0 0.00381245 0
0.093 3.22148 0 -1.58653 0 0.00383306 0
0.0935 3.2388 0 -1.59506 0 0.00385367 0
0.094 3.25612 0 -1.60359 0 0.00387428 0
0.0945 3.27344 0 -1.61212 0 0.00389489 0
0.095 3.29076 0 -1.62065 0 0.00391549 0
0.0955 3.30808 0 -1.62918 0 0.0039361 0
0.096 3.3254 0 -1.63771 0 0.00395671 0
0.0965 3.34272 0 -1.64624 0 0.00397732 0
0.097 3.36004 0 -1.65477 0 0.00399792 0
0.0975 3.37736 0 -1.6633 0 0.00401853 0
0.098 3.39468 0 -1.67182 0 0.00403914 0
0.0985 3.412 0 -1.68035 0 0.00405975 0
0.099 3.42932 0 -1.68888 0 0.00408036 0
0.0995 3.44664 0 -1.69741 0 0.00410096 0
0.1 3.46396 0 -1.70594 0 0.00412157 0
0.1005 3.48128 0 -1.71447 0 0.00414218 0
0.101 3.49859 0 -1.723 0 0.00416279 0
0.1015 3.51591 0 -1.73153 0 0.0041834 0
0.102 3.53323 0 -1.74006 0 0.004204 0
0.1025 3.55055 0 -1.74859 0 0.00422461 0
0.103 3.56787 0 -1.75712 0 0.00424522 0
0.1035 3.58519 0 -1.76565 0 0.00426583 0
0.104 3.60251 0 -1.77418 0 0.00428643 0
0.1045 3.61983 0 -1.78271 0 0.00430704 0
0.105 3.63715 0 -1.79124 0 0.00432765 0
0.1055 3.65447 0 -1.79977 0 0.00434826 0
0.106 3.67179 0 -1.8083 0 0.00436887 0
0.1065 3.68911 0 -1.81683 0 0.00438947 0
0.107 3.70643 0 -1.82536 0 0.00441008 0
0.1075 3.72375 0 -1.83389 0 0.00443069 0
0.108 3.74107 0 -1.84242 0 0.0044513 0
0.1085 3.75839 0 -1.85095 0 0.00447191 0
0.109 3.77571 0 -1.85948 0 0.00449251 0
0.1095 3.79303 0 -1.86801 0 0.00451312 0
0.11 3.81035 0 -1.87654 0 0.00453373 0
0.1105 3.82767 0 -1.88507 0 0.00455434 0
0.111 3.84499 0 -1.8936 0 0.00457494 0
0.1115 3.86231 0 -1.90213 0 0.00459555 0
0.112 3.87963 0 -1.91066 0 0.00461616 0
0.1125 3.89695 0 -1.91919 0 0.00463677 0
0.113 3.91427 0 -1.92772 0 0.00465738 0
0.1135 3.93159 0 -1.93625 0 0.00467798 0
0.114 3.94891 0 -1.94478 0 0.00469859 0
0.1145 3.96623 0 -1.95331 0 0.0047192 0
0.115 3.98355 0 -1.96184 0 0.00473981 0
0.1155 4.00087 0 -1.97036 0 0.00476042 0
0.116 4.01819 0 -1.97889 0 0.00478102 0
0.1165 4.03551 0 -1.98742 0 0.00480163 0
0.117 4.05283 0 -1.99595 0 0.00482224 0
0.1175 4.07015 0 -2.00448 0 0.00484285 0
0.118 4.08747 0 -2.01301 0 0.00486345 0
0.1185 4.10479 0 -2.02154 0 0.00488406 0
0.119 4.12211 0 -2.03007 0 0.00490467 0
0.1195 4.13943 0 -2.0386 0 0.00492528 0
0.12 4.15675 0 -2.04713 0 0.00494589 0
0.1205 4.17407 0 -2.05566 0 0.00496649 0
0.121 4.19139 0 -2.06419 0 0.0049871 0
0.1215 4.20871 0 -2.07272 0 0.00500771 0
0.122 4.22603 0 -2.08125 0 0.00502832 0
0.1225 4.24335 0 -2.08978 0 0.00504893 0
0.123 4.26067 0 -2.09831 0 0.00506953 0
0.1235 4.27798 0 -2.10684 0 0.00509014 0
0.124 4.2953 0 -2.11537 0 0.00511075 0
0.1245 4.31262 0 -2.1239 0 0.00513136 0
0.125 4.32994 0 -2.13243 0 0.00515197 0
0.1255 4.34726 0 -2.14096 0 0.00517257 0
0.126 4.36458 0 -2.14949 0 0.00519318 0
0.1265 4.3819 0 -2.15802 0 0.00521379 0
0.127 4.39922 0 -2.16655 0 0.0052344 0
0.1275 4.41654 0 -2.17508 0 0.005255 0
0.128 4.43386 0 -2.18361 0 0.00527561 0
0.1285 4.45118 0 -2.19214 0 0.00529622 0
0.129 4.4685 0 -2.20067 0 0.00531683 0
0.1295 4.48582 0 -2.2092 0 0.00533744 0
0.13 4.50314 0 -2.21773 0 0.00535804 0
0.1305 4.52046 0 -2.22626 0 0.00537865 0
0.131 4.53778 0 -2.23479 0 0.00539926 0
0.1315 4.5551 0 -2.24332 0 0.00541987 0
0.132 4.57242 0 -2.25185 0 0.00544048 0
0.1325 4.58974 0 -2.26038 0 0.00546108 0
0.133 4.60706 0 -2.26891 0 0.00548169 0
0.1335 4.62438 0 -2.27743 0 0.0055023 0
0.134 4.6417 0 -2.28596 0 0.00552291 0
0.1345 4.65902 0 -2.29449 0 0.00554351 0
0.135 4.67634 0 -2.30302 0 0.00556412 0
0.1355 4.69366 0 -2.31155 0 0.00558473 0
0.136 4.71098 0 -2.32008 0 0.00560534 0
0.1365 4.7283 0 -2.32861 0 0.00562595 0
0.137 4.74562 0 -2.33714 0 0.00564655 0
0.1375 4.76294 0 -2.34567 0 0.00566716 0
0.138 4.78026 0 -2.3542 0 0.00568777 0
0.1385 4.79758 0 -2.36273 0 0.00570838 0
0.139 4.8149 0 -2.37126 0 0.00572899 0
0.1395 4.83222 0 -2.37979 0 0.00574959 0
0.14 4.84954 0 -2.38832 0 0.0057702 0
0.1405 4.86686 0 -2.39685 0 0.00579081 0
0.141 4.88418 0 -2.40538 0 0.00581142 0
0.1415 4.9015 0 -2.41391 0 0.00583202 0
0.142 4.91882 0 -2.42244 0 0.00585263 0
0.1425 4.93614 0 -2.43097 0 0.00587324 0
0.143 4.95346 0 -2.4395 0 0.00589385 0
0.1435 4.97078 0 -2.44803 0 0.00591446 0
0.144 4.9881 0 -2.45656 0 0.00593506 0
0.1445 5.00542 0 -2.46509 0 0.00595567 0
0.145 5.02274 0 -2.47362 0 0.00597628 0
0.1455 5.04006 0 -2.48215 0 0.00599689 0
0.146 5.05737 0 -2.49068 0 0.0060175 0
0.1465 5.07469 0 -2.49921 0 0.0060381 0
0.147 5.09201 0 -2.50774 0 0.00605871 0
0.1475 5.10933 0 -2.51627 0 0.00607932 0
0.148 5.12665 0 -2.5248 0 0.00609993 0
0.1485 5.14397 0 -2.53333 0 0.00612053 0
0.149 5.16129 0 -2.54186 0 0.00614114 0
0.1495 5.17861 0 -2.55039 0 0.00616175 0
0.15 5.19593 0 -2.55892 0 0.00618236 0
0.1505 5.21325 0 -2.56745 0 0.00620297 0
0.151 5.23057 0 -2.57597 0 0.00622357 0
0.1515 5.24789 0 -2.5845 0 0.00624418 0
0.152 5.26521 0 -2.59303 0 0.00626479 0
0.1525 5.28253 0 -2.60156 0 0.0062854 0
0.153 5.29985 0 -2.61009 0 0.00630601 0
0.1535 5.31717 0 -2.61862 0 0.00632661 0
0.154 5.33449 0 -2.62715 0 0.00634722 0
0.1545 5.35181 0 -2.63568 0 0.00636783 0
0.155 5.36913 0 -2.64421 0 0.00638844 0
0.1555 5.38645 0 -2.65274 0 0.00640904 0
0.156 5.40377 0 -2.66127 0 0.00642965 0
0.1565 5.42109 0 -2.6698 0 0.00645026 0
0.157 5.43841 0 -2.67833 0 0.00647087 0
0.1575 5.45573 0 -2.68686 0 0.00649148 0
0.158 5.47305 0 -2.69539 0 0.00651208 0
0.1585 5.49037 0 -2.70392 0 0.00653269 0
0.159 5.50769 0 -2.71245 0 0.0065533 0
0.1595 5.52501 0 -2.72098 0 0.00657391 0
0.16 5.54233 0 -2.72951 0 0.00659452 0
0.1605 5.55965 0 -2.73804 0 0.00661512 0
0.161 5.57697 0 -2.74657 0 0.00663573 0
0.1615 5.59429 0 -2.7551 0 0.00665634 0
0.162 5.61161 0 -2.76363 0 0.00667695 0
0.1625 5.62893 0 -2.77216 0 0.00669755 0
0.163 5.64625 0 -2.78069 0 0.00671816 0
0.1635 5.66357 0 -2.78922 0 0.00673877 0
0.164 5.68089 0 -2.79775 0 0.00675938 0
0.1645 5.69821 0 -2.80628 0 0.00677999 0
0.165 5.71553 0 -2.81481 0 0.00680059 0
0.1655 5.73285 0 -2.82334 0 0.0068212 0
0.166 5.75017 0 -2.83187 0 0.00684181 0
0.1665 5.76749 0 -2.8404 0 0.00686242 0
0.167 5.78481 0 -2.84893 0 0.00688303 0
0.1675 5.80213 0 -2.85746 0 0.00690363 0
0.168 5.81944 0 -2.86599 0 0.00692424 0
0.1685 5.83676 0 -2.87452 0 0.00694485 0
0.169 5.85408 0 -2.88304 0 0.00696546 0
0.1695 5.8714 0 -2.89157 0 0.00698606 0
0.17 5.88872 0 -2.9001 0 0.00700667 0
0.1705 5.90604 0 -2.90863 0 0.00702728 0
0.171 5.92336 0 -2.91716 0 0.00704789 0
0.1715 5.94068 0 -2.92569 0 0.0070685 0
0.172 5.958 0 -2.93422 0 0.0070891 0
0.1725 5.97532 0 -2.94275 0 0.00710971 0
0.173 5.99264 0 -2.95128 0 0.00713032 0
0.1735 6.00996 0 -2.95981 0 0.00715093 0
0.174 6.02728 0 -2.96834 0 0.00717154 0
0.1745 6.0446 0 -2.97687 0 0.00719214 0
0.175 6.06192 0 -2.9854 0 0.00721275 0
0.1755 6.07924 0 -2.99393 0 0.00723336 0
0.176 6.09656 0 -3.00246 0 0.00725397 0
0.1765 6.11388 0 -3.01099 0 0.00727457 0
0.177 6.1312 0 -3.01952 0 0.00729518 0
0.1775 6.14852 0 -3.02805 0 0.00731579 0
0.178 6.16584 0 -3.03658 0 0.0073364 0
0.1785 6.18316 0 -3.04511 0 0.00735701 0
0.179 6.20048 0 -3.05364 0 0.00737761 0
0.1795 6.2178 0 -3.06217 0 0.00739822 0
0.18 6.23512 0 -3.0707 0 0.00741883 0
0.1805 6.25244 0 -3.07923 0 0.00743944 0
0.181 6.26976 0 -3.08776 0 0.00746005 0
0.1815 6.28708 0 -3.09629 0 0.00748065 0
0.182 6.3044 0 -3.10482 0 0.00750126 0
0.1825 6.32172 0 -3.11335 0 0.00752187 0
0.183 6.33904 0 -3.12188 0 0.00754248 0
0.1835 6.35636 0 -3.13041 0 0.00756308 0
0.184 6.37368 0 -3.13894 0 0.00758369 0
0.1845 6.391 0 -3.14747 0 0.0076043 0
0.185 6.40832 0 -3.156 0 0.00762491 0
0.1855 6.42564 0 -3.16453 0 0.00764552 0
0.186 6.44296 0 -3.17306 0 0.00766612 0
0.1865 6.46028 0 -3.18158 0 0.00768673 0
0.187 6.4776 0 -3.19011 0 0.00770734 0
0.1875 6.49492 0 -3.19864 0 0.00772795 0
0.188 6.51224 0 -3.20717 0 0.00774856 0
0.1885 6.52956 0 -3.2157 0 0.00776916 0
0.189 6.54688 0 -3.22423 0 0.00778977 0
0.1895 6.5642 0 -3.23276 0 0.00781038 0
0.19 6.58152 0 -3.24129 0 0.00783099 0
0.1905 6.59883 0 -3.24982 0 0.00785159 0
0.191 6.61615 0 -3.25835 0 0.0078722 0
0.1915 6.63347 0 -3.26688 0 0.00789281 0
0.192 6.65079 0 -3.27541 0 0.00791342 0
0.1925 6.66811 0 -3.28394 0 0.00793403 0
0.193 6.68543 0 -3.29247 0 0.00795463 0
0.1935 6.70275 0 -3.301 0 0.00797524 0
0.194 6.72007 0 -3.30953 0 0.00799585 0
0.1945 6.73739 0 -3.31806 0 0.00801646 0
0.195 6.75471 0 -3.32659 0 0.00803707 0
0.1955 6.77203 0 -3.33512 0 0.00805767 0
0.196 6.78935 0 -3.34365 0 0.00807828 0
0.1965 6.80667 0 -3.35218 0 0.00809889 0
0.197 6.82399 0 -3.36071 0 0.0081195 0
0.1975 6.84131 0 -3.36924 0 0.0081401 0
0.198 6.85863 0 -3.37777 0 0.00816071 0
0.1985 6.87595 0 -3.3863 0 0.00818132 0
0.199 6.89327 0 -3.39483 0 0.00820193 0
0.1995 6.91059 0 -3.40336 0 0.00822254 0
0.2 6.92791 0 -3.41189 0 0.00824314 0
0.2005 6.94523 0 -3.42042 0 0.00826375 0
0.201 6.96255 0 -3.42895 0 0.00828436 0
0.2015 6.97987 0 -3.43748 0 0.00830497 0
0.202 6.99719 0 -3.44601 0 0.00832558 0
0.2025 7.01451 0 -3.45454 0 0.00834618 0
0.203 7.03183 0 -3.46307 0 0.00836679 0
0.2035 7.04915 0 -3.4716 0 0.0083874 0
0.204 7.06647 0 -3.48013 0 0.00840801 0
0.2045 7.08379 0 -3.48865 0 0.00842861 0
0.205 7.10111 0 -3.49718 0 0.00844922 0
0.2055 7.11843 0 -3.50571 0 0.00846983 0
0.206 7.13575 0 -3.51424 0 0.00849044 0
0.2065 7.15307 0 -3.52277 0 0.00851105 0
0.207 7.17039 0 -3.5313 0 0.00853165 0
0.2075 7.18771 0 -3.53983 0 0.00855226 0
0.208 7.20503 0 -3.54836 0 0.00857287 0
0.2085 7.22235 0 -3.55689 0 0.00859348 0
0.209 7.23967 0 -3.56542 0 0.00861409 0
0.2095 7.25699 0 -3.57395 0 0.00863469 0
0.21 7.27431 0 -3.58248 0 0.0086553 0
0.2105 7.29163 0 -3.59101 0 0.00867591 0
0.211 7.30895 0 -3.59954 0 0.00869652 0
0.2115 7.32627 0 -3.60807 0 0.00871712 0
0.212 7.34359 0 -3.6166 0 0.00873773 0
0.2125 7.36091 0 -3.62513 0 0.00875834 0
0.213 7.37822 0 -3.63366 0 0.00877895 0
0.2135 7.39554 0 -3.64219 0 0.00879956 0
0.214 7.41286 0 -3.65072 0 0.00882016 0
0.2145 7.43018 0 -3.65925 0 0.00884077 0
0.215 7.4475 0 -3.66778 0 0.00886138 0
0.2155 7.46482 0 -3.67631 0 0.00888199 0
0.216 7.48214 0 -3.68484 0 0.0089026 0
0.2165 7.49946 0 -3.69337 0 0.0089232 0
0.217 7.51678 0 -3.7019 0 0.00894381 0
0.2175 7.5341 0 -3.71043 0 0.00896442 0
0.218 7.55142 0 -3.71896 0 0.00898503 0
0.2185 7.56874 0 -3.72749 0 0.00900563 0
0.219 7.58606 0 -3.73602 0 0.00902624 0
0.2195 7.60338 0 -3.74455 0 0.00904685 0
0.22 7.6207 0 -3.75308 0 0.00906746 0
0.2205 7.63802 0 -3.76161 0 0.00908807 0
0.221 7.65534 0 -3.77014 0 0.00910867 0
0.2215 7.67266 0 -3.77867 0 0.00912928 0
0.222 7.68998 0 -3.78719 0 0.00914989 0
0.2225 7.7073 0 -3.79572 0 0.0091705 0
0.223 7.72462 0 -3.80425 0 0.00919111 0
0.2235 7.74194 0 -3.81278 0 0.00921171 0
0.224 7.75926 0 -3.82131 0 0.00923232 0
0.2245 7.77658 0 -3.82984 0 0.00925293 0
0.225 7.7939 0 -3.83837 0 0.00927354 0
0.2255 7.81122 0 -3.8469 0 0.00929414 0
0.226 7.82854 0 -3.85543 0 0.00931475 0
0.2265 7.84586 0 -3.86396 0 0.00933536 0
0.227 7.86318 0 -3.87249 0 0.00935597 0
0.2275 7.8805 0 -3.88102 0 0.00937658 0
0.228 7.89782 0 -3.88955 0 0.00939718 0
0.2285 7.91514 0 -3.89808 0 0.00941779 0
0.229 7.93246 0 -3.90661 0 0.0094384 0
0.2295 7.94978 0 -3.91514 0 0.00945901 0
0.23 7.9671 0 -3.92367 0 0.00947962 0
0.2305 7.98442 0 -3.9322 0 0.00950022 0
0.231 8.00174 0 -3.94073 0 0.00952083 0
0.2315 8.01906 0 -3.94926 0 0.00954144 0
0.232 8.03638 0 -3.95779 0 0.00956205 0
0.2325 8.0537 0 -3.96632 0 0.00958265 0
0.233 8.07102 0 -3.97485 0 0.00960326 0
0.2335 8.08834 0 -3.98338 0 0.00962387 0
0.234 8.10566 0 -3.99191 0 0.00964448 0
0.2345 8.12298 0 -4.00044 0 0.00966509 0
0.235 8.1403 0 -4.00897 0 0.00968569 0
0.2355 8.15761 0 -4.0175 0 0.0097063 0
0.236 8.17493 0 -4.02603 0 0.00972691 0
0.2365 8.19225 0 -4.03456 0 0.00974752 0
0.237 8.20957 0 -4.04309 0 0.00976813 0
0.2375 8.22689 0 -4.05162 0 0.00978873 0
0.238 8.24421 0 -4.06015 0 0.00980934 0
0.2385 8.26153 0 -4.06868 0 0.00982995 0
0.239 8.27885 0 -4.07721 0 0.00985056 0
0.2395 8.29617 0 -4.08574 0 0.00987117 0
0.24 8.31349 0 -4.09426 0 0.00989177 0
0.2405 8.33081 0 -4.10279 0 0.00991238 0
0.241 8.34813 0 -4.11132 0 0.00993299 0
0.2415 8.36545 0 -4.11985 0 0.0099536 0
0.242 8.38277 0 -4.12838 0 0.0099742 0
0.2425 8.40009 0 -4.13691 0 0.00999481 0
0.243 8.41741 0 -4.14544 0 0.0100154 0
0.2435 8.43473 0 -4.15397 0 0.010036 0
0.244 8.45205 0 -4.1625 0 0.0100566 0
0.2445 8.46937 0 -4.17103 0 0.0100772 0
0.245 8.48669 0 -4.17956 0 0.0100979 0
0.2455 8.50401 0 -4.18809 0 0.0101185 0
0.246 8.52133 0 -4.19662 0 0.0101391 0
0.2465 8.53865 0 -4.20515 0 0.0101597 0
0.247 8.55597 0 -4.21368 0 0.0101803 0
0.2475 8.57329 0 -4.22221 0 0.0102009 0
0.248 8.59061 0 -4.23074 0 0.0102215 0
0.2485 8.60793 0 -4.23927 0 0.0102421 0
0.249 8.62525 0 -4.2478 0 0.0102627 0
0.2495 8.64257 0 -4.25633 0 0.0102833 0
0.25 8.65989 0 -4.26486 0 0.0103039 0
0.2505 8.67721 0 -4.27339 0 0.0103245 0
0.251 8.69453 0 -4.28192 0 0.0103451 0
0.2515 8.71185 0 -4.29045 0 0.0103658 0
0.252 8.72917 0 -4.29898 0 0.0103864 0
0.2525 8.74649 0 -4.30751 0 0.010407 0
0.253 8.76381 0 -4.31604 0 0.0104276 0
0.2535 8.78113 0 -4.32457 0 0.0104482 0
0.254 8.79845 0 -4.3331 0 0.0104688 0
0.2545 8.81577 0 -4.34163 0 0.0104894 0
0.255 8.83309 0 -4.35016 0 0.01051 0
0.2555 8.85041 0 -4.35869 0 0.0105306 0
0.256 8.86773 0 -4.36722 0 0.0105512 0
0.2565 8.88505 0 -4.37575 0 0.0105718 0
0.257 8.90237 0 -4.38428 0 0.0105924 0
0.2575 8.91969 0 -4.3928 0 0.010613 0
0.258 8.937 0 -4.40133 0 0.0106337 0
0.2585 8.95432 0 -4.40986 0 0.0106543 0
0.259 8.97164 0 -4.41839 0 0.0106749 0
0.2595 8.98896 0 -4.42692 0 0.0106955 0
0.26 9.00628 0 -4.43545 0 0.0107161 0
0.2605 9.0236 0 -4.44398 0 0.0107367 0
0.261 9.04092 0 -4.45251 0 0.0107573 0
0.2615 9.05824 0 -4.46104 0 0.0107779 0
0.262 9.07556 0 -4.46957 0 0.0107985 0
0.2625 9.09288 0 -4.4781 0 0.0108191 0
0.263 9.1102 0 -4.48663 0 0.0108397 0
0.2635 9.12752 0 -4.49516 0 0.0108603 0
0.264 9.14484 0 -4.50369 0 0.010881 0
0.2645 9.16216 0 -4.51222 0 0.0109016 0
0.265 9.17948 0 -4.52075 0 0.0109222 0
0.2655 9.1968 0 -4.52928 0 0.0109428 0
0.266 9.21412 0 -4.53781 0 0.0109634 0
0.2665 9.23144 0 -4.54634 0 0.010984 0
0.267 9.24876 0 -4.55487 0 0.0110046 0
0.2675 9.26608 0 -4.5634 0 0.0110252 0
0.268 9.2834 0 -4.57193 0 0.0110458 0
0.2685 9.30072 0 -4.58046 0 0.0110664 0
0.269 9.31804 0 -4.58899 0 0.011087 0
0.2695 9.33536 0 -4.59752 0 0.0111076 0
0.27 9.35268 0 -4.60605 0 0.0111282 0
0.2705 9.37 0 -4.61458 0 0.0111489 0
0.271 9.38732 0 -4.62311 0 0.0111695 0
0.2715 9.40464 0 -4.63164 0 0.0111901 0
0.272 9.42196 0 -4.64017 0 0.0112107 0
0.2725 9.43928 0 -4.6487 0 0.0112313 0
0.273 9.4566 0 -4.65723 0 0.0112519 0
0.2735 9.47392 0 -4.66576 0 0.0112725 0
0.274 9.49124 0 -4.67429 0 0.0112931 0
0.2745 9.50856 0 -4.68282 0 0.0113137 0
0.275 9.52588 0 -4.69135 0 0.0113343 0
0.2755 9.5432 0 -4.69987 0 0.0113549 0
0.276 9.56052 0 -4.7084 0 0.0113755 0
0.2765 9.57784 0 -4.71693 0 0.0113961 0
0.277 9.59516 0 -4.72546 0 0.0114168 0
0.2775 9.61248 0 -4.73399 0 0.0114374 0
0.278 9.6298 0 -4.74252 0 0.011458 0
0.2785 9.64712 0 -4.75105 0 0.0114786 0
0.279 9.66444 0 -4.75958 0 0.0114992 0
0.2795 9.68176 0 -4.76811 0 0.0115198 0
0.28 9.69907 0 -4.77664 0 0.0115404 0
0.2805 9.71639 0 -4.78517 0 0.011561 0
0.281 9.73371 0 -4.7937 0 0.0115816 0
0.2815 9.75103 0 -4.80223 0 0.0116022 0
0.282 9.76835 0 -4.81076 0 0.0116228 0
0.2825 9.78567 0 -4.81929 0 0.0116434 0
0.283 9.80299 0 -4.82782 0 0.011664 0
0.2835 9.82031 0 -4.83635 0 0.0116847 0
0.284 9.83763 0 -4.84488 0 0.0117053 0
0.2845 9.85495 0 -4.85341 0 0.0117259 0
0.285 9.87227 0 -4.86194 0 0.0117465 0
0.2855 9.88959 0 -4.87047 0 0.0117671 0
0.286 9.90691 0 -4.879 0 0.0117877 0
0.2865 9.92423 0 -4.88753 0 0.0118083 0
0.287 9.94155 0 -4.89606 0 0.0118289 0
0.2875 9.95887 0 -4.90459 0 0.0118495 0
0.288 9.97619 0 -4.91312 0 0.0118701 0
0.2885 9.99351 0 -4.92165 0 0.0118907 0
0.289 10.0108 0 -4.93018 0 0.0119113 0
0.2895 10.0282 0 -4.93871 0 0.011932 0
0.29 10.0455 0 -4.94724 0 0.0119526 0
0.2905 10.0628 0 -4.95577 0 0.0119732 0
0.291 10.0801 0 -4.9643 0 0.0119938 0
0.2915 10.0974 0 -4.97283 0 0.0120144 0
0.292 10.1147 0 -4.98136 0 0.012035 0
0.2925 10.1321 0 -4.98989 0 0.0120556 0
0.293 10.1494 0 -4.99842 0 0.0120762 0
0.2935 10.1667 0 -5.00694 0 0.0120968 0
0.294 10.184 0 -5.01547 0 0.0121174 0
0.2945 10.2013 0 -5.024 0 0.012138 0
0.295 10.2187 0 -5.03253 0 0.0121586 0
0.2955 10.236 0 -5.04106 0 0.0121792 0
0.296 10.2533 0 -5.04959 0 0.0121999 0
0.2965 10.2706 0 -5.05812 0 0.0122205 0
0.297 10.2879 0 -5.06665 0 0.0122411 0
0.2975 10.3053 0 -5.07518 0 0.0122617 0
0.298 10.3226 0 -5.08371 0 0.0122823 0
0.2985 10.3399 0 -5.09224 0 0.0123029 0
0.299 10.3572 0 -5.10077 0 0.0123235 0
0.2995 10.3745 0 -5.1093 0 0.0123441 0
0.3 10.3919 0 -5.11783 0 0.0123647 0
0.3005 10.4092 0 -5.12636 0 0.0123853 0
0.301 10.4265 0 -5.13489 0 0.0124059 0
0.3015 10.4438 0 -5.14342 0 0.0124265 0
0.302 10.4611 0 -5.15195 0 0.0124471 0
0.3025 10.4785 0 -5.16048 0 0.0124678 0
0.303 10.4958 0 -5.16901 0 0.0124884 0
0.3035 10.5131 0 -5.17754 0 0.012509 0
0.304 10.5304 0 -5.18607 0 0.0125296 0
0.3045 10.5477 0 -5.1946 0 0.0125502 0
0.305 10.5651 0 -5.20313 0 0.0125708 0
0.3055 10.5824 0 -5.21166 0 0.0125914 0
0.306 10.5997 0 -5.22019 0 0.012612 0
0.3065 10.617 0 -5.22872 0 0.0126326 0
0.307 10.6343 0 -5.23725 0 0.0126532 0
0.3075 10.6517 0 -5.24578 0 0.0126738 0
0.308 10.669 0 -5.25431 0 0.0126944 0
0.3085 10.6863 0 -5.26284 0 0.012715 0
0.309 10.7036 0 -5.27137 0 0.0127357 0
0.3095 10.7209 0 -5.2799 0 0.0127563 0
0.31 10.7383 0 -5.28843 0 0.0127769 0
0.3105 10.7556 0 -5.29696 0 0.0127975 0
0.311 10.7729 0 -5.30548 0 0.0128181 0
0.3115 10.7902 0 -5.31401 0 0.0128387 0
0.312 10.8075 0 -5.32254 0 0.0128593 0
0.3125 10.8249 0 -5.33107 0 0.0128799 0
0.313 10.8422 0 -5.3396 0 0.0129005 0
0.3135 10.8595 0 -5.34813 0 0.0129211 0
0.314 10.8768 0 -5.35666 0 0.0129417 0
0.3145 10.8941 0 -5.36519 0 0.0129623 0
0.315 10.9115 0 -5.37372 0 0.012983 0
0.3155 10.9288 0 -5.38225 0 0.0130036 0
0.316 10.9461 0 -5.39078 0 0.0130242 0
0.3165 10.9634 0 -5.39931 0 0.0130448 0
0.317 10.9807 0 -5.40784 0 0.0130654 0
0.3175 10.9981 0 -5.41637 0 0.013086 0
0.318 11.0154 0 -5.4249 0 0.0131066 0
0.3185 11.0327 0 -5.43343 0 0.0131272 0
0.319 11.05 0 -5.44196 0 0.0131478 0
0.3195 11.0673 0 -5.45049 0 0.0131684 0
0.32 11.0847 0 -5.45902 0 0.013189 0
0.3205 11.102 0 -5.46755 0 0.0132096 0
0.321 11.1193 0 -5.47608 0 0.0132302 0
0.3215 11.1366 0 -5.48461 0 0.0132509 0
0.322 11.1539 0 -5.49314 0 0.0132715 0
0.3225 11.1713 0 -5.50167 0 0.0132921 0
0.323 11.1886 0 -5.5102 0 0.0133127 0
0.3235 11.2059 0 -5.51873 0 0.0133333 0
0.324 11.2232 0 -5.52726 0 0.0133539 0
0.3245 11.2405 0 -5.53579 0 0.0133745 0
0.325 11.2579 0 -5.54432 0 0.0133951 0
0.3255 11.2752 0 -5.55285 0 0.0134157 0
0.326 11.2925 0 -5.56138 0 0.0134363 0
0.3265 11.3098 0 -5.56991 0 0.0134569 0
0.327 11.3271 0 -5.57844 0 0.0134775 0
0.3275 11.3445 0 -5.58697 0 0.0134981 0
0.328 11.3618 0 -5.5955 0 0.0135188 0
0.3285 11.3791 0 -5.60403 0 0.0135394 0
0.329 11.3964 0 -5.61255 0 0.01356 0
0.3295 11.4137 0 -5.62108 0 0.0135806 0
0.33 11.4311 0 -5.62961 0 0.0136012 0
0.3305 11.4484 0 -5.63814 0 0.0136218 0
0.331 11.4657 0 -5.64667 0 0.0136424 0
0.3315 11.483 0 -5.6552 0 0.013663 0
0.332 11.5003 0 -5.66373 0 0.0136836 0
0.3325 11.5177 0 -5.67226 0 0.0137042 0
0.333 11.535 0 -5.68079 0 0.0137248 0
0.3335 11.5523 0 -5.68932 0 0.0137454 0
0.334 11.5696 0 -5.69785 0 0.0137661 0
0.3345 11.5869 0 -5.70638 0 0.0137867 0
0.335 11.6043 0 -5.71491 0 0.0138073 0
0.3355 11.6216 0 -5.72344 0 0.0138279 0
0.336 11.6389 0 -5.73197 0 0.0138485 0
0.3365 11.6562 0 -5.7405 0 0.0138691 0
0.337 11.6735 0 -5.74903 0 0.0138897 0
0.3375 11.6908 0 -5.75756 0 0.0139103 0
0.338 11.7082 0 -5.76609 0 0.0139309 0
0.3385 11.7255 0 -5.77462 0 0.0139515 0
0.339 11.7428 0 -5.78315 0 0.0139721 0
0.3395 11.7601 0 -5.79168 0 0.0139927 0
0.34 11.7774 0 -5.80021 0 0.0140133 0
0.3405 11.7948 0 -5.80874 0 0.014034 0
0.341 11.8121 0 -5.81727 0 0.0140546 0
0.3415 11.8294 0 -5.8258 0 0.0140752 0
0.342 11.8467 0 -5.83433 0 0.0140958 0
0.3425 11.864 0 -5.84286 0 0.0141164 0
0.343 11.8814 0 -5.85139 0 0.014137 0
0.3435 11.8987 0 -5.85992 0 0.0141576 0
0.344 11.916 0 -5.86845 0 0.0141782 0
0.3445 11.9333 0 -5.87698 0 0.0141988 0
0.345 11.9506 0 -5.88551 0 0.0142194 0
0.3455 11.968 0 -5.89404 0 0.01424 0
0.346 11.9853 0 -5.90257 0 0.0142606 0
0.3465 12.0026 0 -5.91109 0 0.0142812 0
0.347 12.0199 0 -5.91962 0 0.0143019 0
0.3475 12.0372 0 -5.92815 0 0.0143225 0
0.348 12.0546 0 -5.93668 0 0.0143431 0
0.3485 12.0719 0 -5.94521 0 0.0143637 0
0.349 12.0892 0 -5.95374 0 0.0143843 0
0.3495 12.1065 0 -5.96227 0 0.0144049 0
0.35 12.1238 0 -5.9708 0 0.0144255 0
0.3505 12.1412 0 -5.97933 0 0.0144461 0
0.351 12.1585 0 -5.98786 0 0.0144667 0
0.3515 12.1758 0 -5.99639 0 0.0144873 0
0.352 12.1931 0 -6.00492 0 0.0145079 0
0.3525 12.2104 0 -6.01345 0 0.0145285 0
0.353 12.2278 0 -6.02198 0 0.0145491 0
0.3535 12.2451 0 -6.03051 0 0.0145698 0
0.354 12.2624 0 -6.03904 0 0.0145904 0
0.3545 12.2797 0 -6.04757 0 0.014611 0
0.355 12.297 0 -6.0561 0 0.0146316 0
0.3555 12.3144 0 -6.06463 0 0.0146522 0
0.356 12.3317 0 -6.07316 0 0.0146728 0
0.3565 12.349 0 -6.08169 0 0.0146934 0
0.357 12.3663 0 -6.09022 0 0.014714 0
0.3575 12.3836 0 -6.09875 0 0.0147346 0
0.358 12.401 0 -6.10728 0 0.0147552 0
0.3585 12.4183 0 -6.11581 0 0.0147758 0
0.359 12.4356 0 -6.12434 0 0.0147964 0
0.3595 12.4529 0 -6.13287 0 0.0148171 0
0.36 12.4702 0 -6.1414 0 0.0148377 0
0.3605 12.4876 0 -6.14993 0 0.0148583 0
0.361 12.5049 0 -6.15846 0 0.0148789 0
0.3615 12.5222 0 -6.16699 0 0.0148995 0
0.362 12.5395 0 -6.17552 0 0.0149201 0
0.3625 12.5568 0 -6.18405 0 0.0149407 0
0.363 12.5742 0 -6.19258 0 0.0149613 0
0.3635 12.5915 0 -6.20111 0 0.0149819 0
0.364 12.6088 0 -6.20964 0 0.0150025 0
0.3645 12.6261 0 -6.21816 0 0.0150231 0
0.365 12.6434 0 -6.22669 0 0.0150437 0
0.3655 12.6608 0 -6.23522 0 0.0150643 0
0.366 12.6781 0 -6.24375 0 0.015085 0
0.3665 12.6954 0 -6.25228 0 0.0151056 0
0.367 12.7127 0 -6.26081 0 0.0151262 0
0.3675 12.73 0 -6.26934 0 0.0151468 0
0.368 12.7474 0 -6.27787 0 0.0151674 0
0.3685 12.7647 0 -6.2864 0 0.015188 0
0.369 12.782 0 -6.29493 0 0.0152086 0
0.3695 12.7993 0 -6.30346 0 0.0152292 0
0.37 12.8166 0 -6.31199 0 0.0152498 0
0.3705 12.834 0 -6.32052 0 0.0152704 0
0.371 12.8513 0 -6.32905 0 0.015291 0
0.3715 12.8686 0 -6.33758 0 0.0153116 0
0.372 12.8859 0 -6.34611 0 0.0153322 0
0.3725 12.9032 0 -6.35464 0 0.0153529 0
0.373 12.9206 0 -6.36317 0 0.0153735 0
0.3735 12.9379 0 -6.3717 0 0.0153941 0
0.374 12.9552 0 -6.38023 0 0.0154147 0
0.3745 12.9725 0 -6.38876 0 0.0154353 0
0.375 12.9898 0 -6.39729 0 0.0154559 0
0.3755 13.0072 0 -6.40582 0 0.0154765 0
0.376 13.0245 0 -6.41435 0 0.0154971 0
0.3765 13.0418 0 -6.42288 0 0.0155177 0
0.377 13.0591 0 -6.43141 0 0.0155383 0
0.3775 13.0764 0 -6.43994 0 0.0155589 0
0.378 13.0938 0 -6.44847 0 0.0155795 0
0.3785 13.1111 0 -6.457 0 0.0156002 0
0.379 13.1284 0 -6.46553 0 0.0156208 0
0.3795 13.1457 0 -6.47406 0 0.0156414 0
0.38 13.163 0 -6.48259 0 0.015662 0
0.3805 13.1804 0 -6.49112 0 0.0156826 0
0.381 13.1977 0 -6.49965 0 0.0157032 0
0.3815 13.215 0 -6.50818 0 0.0157238 0
0.382 13.2323 0 -6.5167 0 0.0157444 0
0.3825 13.2496 0 -6.52523 0 0.015765 0
0.383 13.2669 0 -6.53376 0 0.0157856 0
0.3835 13.2843 0 -6.54229 0 0.0158062 0
0.384 13.3016 0 -6.55082 0 0.0158268 0
0.3845 13.3189 0 -6.55935 0 0.0158474 0
0.385 13.3362 0 -6.56788 0 0.0158681 0
0.3855 13.3535 0 -6.57641 0 0.0158887 0
0.386 13.3709 0 -6.58494 0 0.0159093 0
0.3865 13.3882 0 -6.59347 0 0.0159299 0
0.387 13.4055 0 -6.602 0 0.0159505 0
0.3875 13.4228 0 -6.61053 0 0.0159711 0
0.388 13.4401 0 -6.61906 0 0.0159917 0
0.3885 13.4575 0 -6.62759 0 0.0160123 0
0.389 13.4748 0 -6.63612 0 0.0160329 0
0.3895 13.4921 0 -6.64465 0 0.0160535 0
0.39 13.5094 0 -6.65318 0 0.0160741 0
0.3905 13.5267 0 -6.66171 0 0.0160947 0
0.391 13.5441 0 -6.67024 0 0.0161153 0
0.3915 13.5614 0 -6.67877 0 0.016136 0
0.392 13.5787 0 -6.6873 0 0.0161566 0
0.3925 13.596 0 -6.69583 0 0.0161772 0
0.393 13.6133 0 -6.70436 0 0.0161978 0
0.3935 13.6307 0 -6.71289 0 0.0162184 0
0.394 13.648 0 -6.72142 0 0.016239 0
0.3945 13.6653 0 -6.72995 0 0.0162596 0
0.395 13.6826 0 -6.73848 0 0.0162802 0
0.3955 13.6999 0 -6.74701 0 0.0163008 0
0.396 13.7173 0 -6.75554 0 0.0163214 0
0.3965 13.7346 0 -6.76407 0 0.016342 0
0.397 13.7519 0 -6.7726 0 0.0163626 0
0.3975 13.7692 0 -6.78113 0 0.0163832 0
0.398 13.7865 0 -6.78966 0 0.0164039 0
0.3985 13.8039 0 -6.79819 0 0.0164245 0
0.399 13.8212 0 -6.80672 0 0.0164451 0
0.3995 13.8385 0 -6.81525 0 0.0164657 0
0.4 13.8558 0 -6.82377 0 0.0164863 0
0.4005 13.8731 0 -6.8323 0 0.0165069 0
0.401 13.8905 0 -6.84083 0 0.0165275 0
0.4015 13.9078 0 -6.84936 0 0.0165481 0
0.402 13.9251 0 -6.85789 0 0.0165687 0
0.4025 13.9424 0 -6.86642 0 0.0165893 0
0.403 13.9597 0 -6.87495 0 0.0166099 0
0.4035 13.9771 0 -6.88348 0 0.0166305 0
0.404 13.9944 0 -6.89201 0 0.0166512 0
0.4045 14.0117 0 -6.90054 0 0.0166718 0
0.405 14.029 0 -6.90907 0 0.0166924 0
0.4055 14.0463 0 -6.9176 0 0.016713 0
0.406 14.0637 0 -6.92613 0 0.0167336 0
0.4065 14.081 0 -6.93466 0 0.0167542 0
0.407 14.0983 0 -6.94319 0 0.0167748 0
0.4075 14.1156 0 -6.95172 0 0.0167954 0
0.408 14.1329 0 -6.96025 0 0.016816 0
0.4085 14.1503 0 -6.96878 0 0.0168366 0
0.409 14.1676 0 -6.97731 0 0.0168572 0
0.4095 14.1849 0 -6.98584 0 0.0168778 0
0.41 14.2022 0 -6.99437 0 0.0168984 0
0.4105 14.2195 0 -7.0029 0 0.0169191 0
0.411 14.2369 0 -7.01143 0 0.0169397 0
0.4115 14.2542 0 -7.01996 0 0.0169603 0
0.412 14.2715 0 -7.02849 0 0.0169809 0
0.4125 14.2888 0 -7.03702 0 0.0170015 0
0.413 14.3061 0 -7.04555 0 0.0170221 0
0.4135 14.3235 0 -7.05408 0 0.0170427 0
0.414 14.3408 0 -7.06261 0 0.0170633 0
0.4145 14.3581 0 -7.07114 0 0.0170839 0
0.415 14.3754 0 -7.07967 0 0.0171045 0
0.4155 14.3927 0 -7.0882 0 0.0171251 0
0.416 14.4101 0 -7.09673 0 0.0171457 0
0.4165 14.4274 0 -7.10526 0 0.0171663 0
0.417 14.4447 0 -7.11379 0 0.017187 0
0.4175 14.462 0 -7.12231 0 0.0172076 0
0.418 14.4793 0 -7.13084 0 0.0172282 0
0.4185 14.4967 0 -7.13937 0 0.0172488 0
0.419 14.514 0 -7.1479 0 0.0172694 0
0.4195 14.5313 0 -7.15643 0 0.01729 0
0.42 14.5486 0 -7.16496 0 0.0173106 0
0.4205 14.5659 0 -7.17349 0 0.0173312 0
0.421 14.5833 0 -7.18202 0 0.0173518 0
0.4215 14.6006 0 -7.19055 0 0.0173724 0
0.422 14.6179 0 -7.19908 0 0.017393 0
0.4225 14.6352 0 -7.20761 0 0.0174136 0
0.423 14.6525 0 -7.21614 0 0.0174342 0
0.4235 14.6699 0 -7.22467 0 0.0174549 0
0.424 14.6872 0 -7.2332 0 0.0174755 0
0.4245 14.7045 0 -7.24173 0 0.0174961 0
0.425 14.7218 0 -7.25026 0 0.0175167 0
0.4255 14.7391 0 -7.25879 0 0.0175373 0
0.426 14.7564 0 -7.26732 0 0.0175579 0
0.4265 14.7738 0 -7.27585 0 0.0175785 0
0.427 14.7911 0 -7.28438 0 0.0175991 0
0.4275 14.8084 0 -7.29291 0 0.0176197 0
0.428 14.8257 0 -7.30144 0 0.0176403 0
0.4285 14.843 0 -7.30997 0 0.0176609 0
0.429 14.8604 0 -7.3185 0 0.0176815 0
0.4295 14.8777 0 -7.32703 0 0.0177022 0
0.43 14.895 0 -7.33556 0 0.0177228 0
0.4305 14.9123 0 -7.34409 0 0.0177434 0
0.431 14.9296 0 -7.35262 0 0.017764 0
0.4315 14.947 0 -7.36115 0 0.0177846 0
0.432 14.9643 0 -7.36968 0 0.0178052 0
0.4325 14.9816 0 -7.37821 0 0.0178258 0
0.433 14.9989 0 -7.38674 0 0.0178464 0
0.4335 15.0162 0 -7.39527 0 0.017867 0
0.434 15.0336 0 -7.4038 0 0.0178876 0
0.4345 15.0509 0 -7.41233 0 0.0179082 0
0.435 15.0682 0 -7.42086 0 0.0179288 0
0.4355 15.0855 0 -7.42938 0 0.0179494 0
0.436 15.1028 0 -7.43791 0 0.0179701 0
0.4365 15.1202 0 -7.44644 0 0.0179907 0
0.437 15.1375 0 -7.45497 0 0.0180113 0
0.4375 15.1548 0 -7.4635 0 0.0180319 0
0.438 15.1721 0 -7.47203 0 0.0180525 0
0.4385 15.1894 0 -7.48056 0 0.0180731 0
0.439 15.2068 0 -7.48909 0 0.0180937 0
0.4395 15.2241 0 -7.49762 0 0.0181143 0
0.44 15.2414 0 -7.50615 0 0.0181349 0
0.4405 15.2587 0 -7.51468 0 0.0181555 0
0.441 15.276 0 -7.52321 0 0.0181761 0
0.4415 15.2934 0 -7.53174 0 0.0181967 0
0.442 15.3107 0 -7.54027 0 0.0182173 0
0.4425 15.328 0 -7.5488 0 0.018238 0
0.443 15.3453 0 -7.55733 0 0.0182586 0
0.4435 15.3626 0 -7.56586 0 0.0182792 0
0.444 15.38 0 -7.57439 0 0.0182998 0
0.4445 15.3973 0 -7.58292 0 0.0183204 0
0.445 15.4146 0 -7.59145 0 0.018341 0
0.4455 15.4319 0 -7.59998 0 0.0183616 0
0.446 15.4492 0 -7.60851 0 0.0183822 0
0.4465 15.4666 0 -7.61704 0 0.0184028 0
0.447 15.4839 0 -7.62557 0 0.0184234 0
0.4475 15.5012 0 -7.6341 0 0.018444 0
0.448 15.5185 0 -7.64263 0 0.0184646 0
0.4485 15.5358 0 -7.65116 0 0.0184853 0
0.449 15.5532 0 -7.65969 0 0.0185059 0
0.4495 15.5705 0 -7.66822 0 0.0185265 0
0.45 15.5878 0 -7.67675 0 0.0185471 0
0.4505 15.6051 0 -7.68528 0 0.0185677 0
0.451 15.6224 0 -7.69381 0 0.0185883 0
0.4515 15.6398 0 -7.70234 0 0.0186089 0
0.452 15.6571 0 -7.71087 0 0.0186295 0
0.4525 15.6744 0 -7.7194 0 0.0186501 0
0.453 15.6917 0 -7.72792 0 0.0186707 0
0.4535 15.709 0 -7.73645 0 0.0186913 0
0.454 15.7264 0 -7.74498 0 0.0187119 0
0.4545 15.7437 0 -7.75351 0 0.0187325 0
0.455 15.761 0 -7.76204 0 0.0187532 0
0.4555 15.7783 0 -7.77057 0 0.0187738 0
0.456 15.7956 0 -7.7791 0 0.0187944 0
0.4565 15.813 0 -7.78763 0 0.018815 0
0.457 15.8303 0 -7.79616 0 0.0188356 0
0.4575 15.8476 0 -7.80469 0 0.0188562 0
0.458 15.8649 0 -7.81322 0 0.0188768 0
0.4585 15.8822 0 -7.82175 0 0.0188974 0
0.459 15.8996 0 -7.83028 0 0.018918 0
0.4595 15.9169 0 -7.83881 0 0.0189386 0
0.46 15.9342 0 -7.84734 0 0.0189592 0
0.4605 15.9515 0 -7.85587 0 0.0189798 0
0.461 15.9688 0 -7.8644 0 0.0190004 0
0.4615 15.9862 0 -7.87293 0 0.0190211 0
0.462 16.0035 0 -7.88146 0 0.0190417 0
0.4625 16.0208 0 -7.88999 0 0.0190623 0
0.463 16.0381 0 -7.89852 0 0.0190829 0
0.4635 16.0554 0 -7.90705 0 0.0191035 0
0.464 16.0728 0 -7.91558 0 0.0191241 0
0.4645 16.0901 0 -7.92411 0 0.0191447 0
0.465 16.1074 0 -7.93264 0 0.0191653 0
0.4655 16.1247 0 -7.94117 0 0.0191859 0
0.466 16.142 0 -7.9497 0 0.0192065 0
0.4665 16.1594 0 -7.95823 0 0.0192271 0
0.467 16.1767 0 -7.96676 0 0.0192477 0
0.4675 16.194 0 -7.97529 0 0.0192683 0
0.468 16.2113 0 -7.98382 0 0.019289 0
0.4685 16.2286 0 -7.99235 0 0.0193096 0
0.469 16.246 0 -8.00088 0 0.0193302 0
0.4695 16.2633 0 -8.00941 0 0.0193508 0
0.47 16.2806 0 -8.01794 0 0.0193714 0
0.4705 16.2979 0 -8.02647 0 0.019392 0
0.471 16.3152 0 -8.03499 0 0.0194126 0
0.4715 16.3325 0 -8.04352 0 0.0194332 0
0.472 16.3499 0 -8.05205 0 0.0194538 0
0.4725 16.3672 0 -8.06058 0 0.0194744 0
0.473 16.3845 0 -8.06911 0 0.019495 0
0.4735 16.4018 0 -8.07764 0 0.0195156 0
0.474 16.4191 0 -8.08617 0 0.0195363 0
0.4745 16.4365 0 -8.0947 0 0.0195569 0
0.475 16.4538 0 -8.10323 0 0.0195775 0
0.4755 16.4711 0 -8.11176 0 0.0195981 0
0.476 16.4884 0 -8.12029 0 0.0196187 0
0.4765 16.5057 0 -8.12882 0 0.0196393 0
0.477 16.5231 0 -8.13735 0 0.0196599 0
0.4775 16.5404 0 -8.14588 0 0.0196805 0
0.478 16.5577 0 -8.15441 0 0.0197011 0
0.4785 16.575 0 -8.16294 0 0.0197217 0
0.479 16.5923 0 -8.17147 0 0.0197423 0
0.4795 16.6097 0 -8.18 0 0.0197629 0
0.48 16.627 0 -8.18853 0 0.0197835 0
0.4805 16.6443 0 -8.19706 0 0.0198042 0
0.481 16.6616 0 -8.20559 0 0.0198248 0
0.4815 16.6789 0 -8.21412 0 0.0198454 0
0.482 16.6963 0 -8.22265 0 0.019866 0
0.4825 16.7136 0 -8.23118 0 0.0198866 0
0.483 16.7309 0 -8.23971 0 0.0199072 0
0.4835 16.7482 0 -8.24824 0 0.0199278 0
0.484 16.7655 0 -8.25677 0 0.0199484 0
0.4845 16.7829 0 -8.2653 0 0.019969 0
0.485 16.8002 0 -8.27383 0 0.0199896 0
0.4855 16.8175 0 -8.28236 0 0.0200102 0
0.486 16.8348 0 -8.29089 0 0.0200308 0
0.4865 16.8521 0 -8.29942 0 0.0200514 0
0.487 16.8695 0 -8.30795 0 0.0200721 0
0.4875 16.8868 0 -8.31648 0 0.0200927 0
0.488 16.9041 0 -8.32501 0 0.0201133 0
0.4885 16.9214 0 -8.33353 0 0.0201339 0
0.489 16.9387 0 -8.34206 0 0.0201545 0
0.4895 16.9561 0 -8.35059 0 0.0201751 0
0.49 16.9734 0 -8.35912 0 0.0201957 0
0.4905 16.9907 0 -8.36765 0 0.0202163 0
0.491 17.008 0 -8.37618 0 0.0202369 0
0.4915 17.0253 0 -8.38471 0 0.0202575 0
0.492 17.0427 0 -8.39324 0 0.0202781 0
0.4925 17.06 0 -8.40177 0 0.0202987 0
0.493 17.0773 0 -8.4103 0 0.0203194 0
0.4935 17.0946 0 -8.41883 0 0.02034 0
0.494 17.1119 0 -8.42736 0 0.0203606 0
0.4945 17.1293 0 -8.43589 0 0.0203812 0
0.495 17.1466 0 -8.44442 0 0.0204018 0
0.4955 17.1639 0 -8.45295 0 0.0204224 0
0.496 17.1812 0 -8.46148 0 0.020443 0
0.4965 17.1985 0 -8.47001 0 0.0204636 0
0.497 17.2159 0 -8.47854 0 0.0204842 0
0.4975 17.2332 0 -8.48707 0 0.0205048 0
0.498 17.2505 0 -8.4956 0 0.0205254 0
0.4985 17.2678 0 -8.50413 0 0.020546 0
0.499 17.2851 0 -8.51266 0 0.0205666 0
0.4995 17.3025 0 -8.52119 0 0.0205873 0
0.5 17.3198 0 -8.52972 0 0.0206079 0
0.5005 17.3371 0 -8.53825 0 0.0206285 0
0.501 17.3544 0 -8.54678 0 0.0206491 0
0.5015 17.3717 0 -8.55531 0 0.0206697 0
0.502 17.3891 0 -8.56384 0 0.0206903 0
0.5025 17.4064 0 -8.57237 0 0.0207109 0
0.503 17.4237 0 -8.5809 0 0.0207315 0
0.5035 17.441 0 -8.58943 0 0.0207521 0
0.504 17.4583 0 -8.59796 0 0.0207727 0
0.5045 17.4757 0 -8.60649 0 0.0207933 0
0.505 17.493 0 -8.61502 0 0.0208139 0
0.5055 17.5103 0 -8.62355 0 0.0208345 0
0.506 17.5276 0 -8.63208 0 0.0208552 0
0.5065 17.5449 0 -8.6406 0 0.0208758 0
0.507 17.5623 0 -8.64913 0 0.0208964 0
0.5075 17.5796 0 -8.65766 0 0.020917 0
0.508 17.5969 0 -8.66619 0 0.0209376 0
0.5085 17.6142 0 -8.67472 0 0.0209582 0
0.509 17.6315 0 -8.68325 0 0.0209788 0
0.5095 17.6489 0 -8.69178 0 0.0209994 0
0.51 17.6662 0 -8.70031 0 0.02102 0
0.5105 17.6835 0 -8.70884 0 0.0210406 0
0.511 17.7008 0 -8.71737 0 0.0210612 0
0.5115 17.7181 0 -8.7259 0 0.0210818 0
0.512 17.7355 0 -8.73443 0 0.0211024 0
0.5125 17.7528 0 -8.74296 0 0.0211231 0
0.513 17.7701 0 -8.75149 0 0.0211437 0
0.5135 17.7874 0 -8.76002 0 0.0211643 0
0.514 17.8047 0 -8.76855 0 0.0211849 0
0.5145 17.8221 0 -8.77708 0 0.0212055 0
0.515 17.8394 0 -8.78561 0 0.0212261 0
0.5155 17.8567 0 -8.79414 0 0.0212467 0
0.516 17.874 0 -8.80267 0 0.0212673 0
0.5165 17.8913 0 -8.8112 0 0.0212879 0
0.517 17.9086 0 -8.81973 0 0.0213085 0
0.5175 17.926 0 -8.82826 0 0.0213291 0
0.518 17.9433 0 -8.83679 0 0.0213497 0
0.5185 17.9606 0 -8.84532 0 0.0213704 0
0.519 17.9779 0 -8.85385 0 0.021391 0
0.5195 17.9952 0 -8.86238 0 0.0214116 0
0.52 18.0126 0 -8.87091 0 0.0214322 0
0.5205 18.0299 0 -8.87944 0 0.0214528 0
0.521 18.0472 0 -8.88797 0 0.0214734 0
0.5215 18.0645 0 -8.8965 0 0.021494 0
0.522 18.0818 0 -8.90503 0 0.0215146 0
0.5225 18.0992 0 -8.91356 0 0.0215352 0
0.523 18.1165 0 -8.92209 0 0.0215558 0
0.5235 18.1338 0 -8.93062 0 0.0215764 0
0.524 18.1511 0 -8.93914 0 0.021597 0
0.5245 18.1684 0 -8.94767 0 0.0216176 0
0.525 18.1858 0 -8.9562 0 0.0216383 0
0.5255 18.2031 0 -8.96473 0 0.0216589 0
0.526 18.2204 0 -8.97326 0 0.0216795 0
0.5265 18.2377 0 -8.98179 0 0.0217001 0
0.527 18.255 0 -8.99032 0 0.0217207 0
0.5275 18.2724 0 -8.99885 0 0.0217413 0
0.528 18.2897 0 -9.00738 0 0.0217619 0
0.5285 18.307 0 -9.01591 0 0.0217825 0
0.529 18.3243 0 -9.02444 0 0.0218031 0
0.5295 18.3416 0 -9.03297 0 0.0218237 0
0.53 18.359 0 -9.0415 0 0.0218443 0
0.5305 18.3763 0 -9.05003 0 0.0218649 0
0.531 18.3936 0 -9.05856 0 0.0218855 0
0.5315 18.4109 0 -9.06709 0 0.0219062 0
0.532 18.4282 0 -9.07562 0 0.0219268 0
0.5325 18.4456 0 -9.08415 0 0.0219474 0
0.533 18.4629 0 -9.09268 0 0.021968 0
0.5335 18.4802 0 -9.10121 0 0.0219886 0
0.534 18.4975 0 -9.10974 0 0.0220092 0
0.5345 18.5148 0 -9.11827 0 0.0220298 0
0.535 18.5322 0 -9.1268 0 0.0220504 0
0.5355 18.5495 0 -9.13533 0 0.022071 0
0.536 18.5668 0 -9.14386 0 0.0220916 0
0.5365 18.5841 0 -9.15239 0 0.0221122 0
0.537 18.6014 0 -9.16092 0 0.0221328 0
0.5375 18.6188 0 -9.16945 0 0.0221534 0
0.538 18.6361 0 -9.17798 0 0.0221741 0
0.5385 18.6534 0 -9.18651 0 0.0221947 0
0.539 18.6707 0 -9.19504 0 0.0222153 0
0.5395 18.688 0 -9.20357 0 0.0222359 0
0.54 18.7054 0 -9.2121 0 0.0222565 0
0.5405 18.7227 0 -9.22063 0 0.0222771 0
0.541 18.74 0 -9.22916 0 0.0222977 0
0.5415 18.7573 0 -9.23769 0 0.0223183 0
0.542 18.7746 0 -9.24621 0 0.0223389 0
0.5425 18.792 0 -9.25474 0 0.0223595 0
0.543 18.8093 0 -9.26327 0 0.0223801 0
0.5435 18.8266 0 -9.2718 0 0.0224007 0
0.544 18.8439 0 -9.28033 0 0.0224214 0
0.5445 18.8612 0 -9.28886 0 0.022442 0
0.545 18.8786 0 -9.29739 0 0.0224626 0
0.5455 18.8959 0 -9.30592 0 0.0224832 0
0.546 18.9132 0 -9.31445 0 0.0225038 0
0.5465 18.9305 0 -9.32298 0 0.0225244 0
0.547 18.9478 0 -9.33151 0 0.022545 0
0.5475 18.9652 0 -9.34004 0 0.0225656 0
0.548 18.9825 0 -9.34857 0 0.0225862 0
0.5485 18.9998 0 -9.3571 0 0.0226068 0
0.549 19.0171 0 -9.36563 0 0.0226274 0
0.5495 19.0344 0 -9.37416 0 0.022648 0
0.55 19.0518 0 -9.38269 0 0.0226686 0
0.5505 19.0691 0 -9.39122 0 0.0226893 0
0.551 19.0864 0 -9.39975 0 0.0227099 0
0.5515 19.1037 0 -9.40828 0 0.0227305 0
0.552 19.121 0 -9.41681 0 0.0227511 0
0.5525 19.1384 0 -9.42534 0 0.0227717 0
0.553 19.1557 0 -9.43387 0 0.0227923 0
0.5535 19.173 0 -9.4424 0 0.0228129 0
0.554 19.1903 0 -9.45093 0 0.0228335 0
0.5545 19.2076 0 -9.45946 0 0.0228541 0
0.555 19.225 0 -9.46799 0 0.0228747 0
0.5555 19.2423 0 -9.47652 0 0.0228953 0
0.556 19.2596 0 -9.48505 0 0.0229159 0
0.5565 19.2769 0 -9.49358 0 0.0229365 0
0.557 19.2942 0 -9.50211 0 0.0229572 0
0.5575 19.3116 0 -9.51064 0 0.0229778 0
0.558 19.3289 0 -9.51917 0 0.0229984 0
0.5585 19.3462 0 -9.5277 0 0.023019 0
0.559 19.3635 0 -9.53623 0 0.0230396 0
0.5595 19.3808 0 -9.54475 0 0.0230602 0
0.56 19.3981 0 -9.55328 0 0.0230808 0
0.5605 19.4155 0 -9.56181 0 0.0231014 0
0.561 19.4328 0 -9.57034 0 0.023122 0
0.5615 19.4501 0 -9.57887 0 0.0231426 0
0.562 19.4674 0 -9.5874 0 0.0231632 0
0.5625 19.4847 0 -9.59593 0 0.0231838 0
0.563 19.5021 0 -9.60446 0 0.0232045 0
0.5635 19.5194 0 -9.61299 0 0.0232251 0
0.564 19.5367 0 -9.62152 0 0.0232457 0
0.5645 19.554 0 -9.63005 0 0.0232663 0
0.565 19.5713 0 -9.63858 0 0.0232869 0
0.5655 19.5887 0 -9.64711 0 0.0233075 0
0.566 19.606 0 -9.65564 0 0.0233281 0
0.5665 19.6233 0 -9.66417 0 0.0233487 0
0.567 19.6406 0 -9.6727 0 0.0233693 0
0.5675 19.6579 0 -9.68123 0 0.0233899 0
0.568 19.6753 0 -9.68976 0 0.0234105 0
0.5685 19.6926 0 -9.69829 0 0.0234311 0
0.569 19.7099 0 -9.70682 0 0.0234517 0
0.5695 19.7272 0 -9.71535 0 0.0234724 0
0.57 19.7445 0 -9.72388 0 0.023493 0
0.5705 19.7619 0 -9.73241 0 0.0235136 0
0.571 19.7792 0 -9.74094 0 0.0235342 0
0.5715 19.7965 0 -9.74947 0 0.0235548 0
0.572 19.8138 0 -9.758 0 0.0235754 0
0.5725 19.8311 0 -9.76653 0 0.023596 0
0.573 19.8485 0 -9.77506 0 0.0236166 0
0.5735 19.8658 0 -9.78359 0 0.0236372 0
0.574 19.8831 0 -9.79212 0 0.0236578 0
0.5745 19.9004 0 -9.80065 0 0.0236784 0
0.575 19.9177 0 -9.80918 0 0.023699 0
0.5755 19.9351 0 -9.81771 0 0.0237196 0
0.576 19.9524 0 -9.82624 0 0.0237403 0
0.5765 19.9697 0 -9.83477 0 0.0237609 0
0.577 19.987 0 -9.8433 0 0.0237815 0
0.5775 20.0043 0 -9.85182 0 0.0238021 0
0.578 20.0217 0 -9.86035 0 0.0238227 0
0.5785 20.039 0 -9.86888 0 0.0238433 0
0.579 20.0563 0 -9.87741 0 0.0238639 0
0.5795 20.0736 0 -9.88594 0 0.0238845 0
0.58 20.0909 0 -9.89447 0 0.0239051 0
0.5805 20.1083 0 -9.903 0 0.0239257 0
0.581 20.1256 0 -9.91153 0 0.0239463 0
0.5815 20.1429 0 -9.92006 0 0.0239669 0
0.582 20.1602 0 -9.92859 0 0.0239875 0
0.5825 20.1775 0 -9.93712 0 0.0240082 0
0.583 20.1949 0 -9.94565 0 0.0240288 0
0.5835 20.2122 0 -9.95418 0 0.0240494 0
0.584 20.2295 0 -9.96271 0 0.02407 0
0.5845 20.2468 0 -9.97124 0 0.0240906 0
0.585 20.2641 0 -9.97977 0 0.0241112 0
0.5855 20.2815 0 -9.9883 0 0.0241318 0
0.586 20.2988 0 -9.99683 0 0.0241524 0
0.5865 20.3161 0 -10.0054 0 0.024173 0
0.587 20.3334 0 -10.0139 0 0.0241936 0
0.5875 20.3507 0 -10.0224 0 0.0242142 0
0.588 20.3681 0 -10.0309 0 0.0242348 0
0.5885 20.3854 0 -10.0395 0 0.0242555 0
0.589 20.4027 0 -10.048 0 0.0242761 0
0.5895 20.42 0 -10.0565 0 0.0242967 0
0.59 20.4373 0 -10.0651 0 0.0243173 0
0.5905 20.4547 0 -10.0736 0 0.0243379 0
0.591 20.472 0 -10.0821 0 0.0243585 0
0.5915 20.4893 0 -10.0907 0 0.0243791 0
0.592 20.5066 0 -10.0992 0 0.0243997 0
0.5925 20.5239 0 -10.1077 0 0.0244203 0
0.593 20.5413 0 -10.1162 0 0.0244409 0
0.5935 20.5586 0 -10.1248 0 0.0244615 0
0.594 20.5759 0 -10.1333 0 0.0244821 0
0.5945 20.5932 0 -10.1418 0 0.0245027 0
0.595 20.6105 0 -10.1504 0 0.0245234 0
0.5955 20.6279 0 -10.1589 0 0.024544 0
0.596 20.6452 0 -10.1674 0 0.0245646 0
0.5965 20.6625 0 -10.176 0 0.0245852 0
0.597 20.6798 0 -10.1845 0 0.0246058 0
0.5975 20.6971 0 -10.193 0 0.0246264 0
0.598 20.7145 0 -10.2015 0 0.024647 0
0.5985 20.7318 0 -10.2101 0 0.0246676 0
0.599 20.7491 0 -10.2186 0 0.0246882 0
0.5995 20.7664 0 -10.2271 0 0.0247088 0
0.6 20.7837 0 -10.2357 0 0.0247294 0
0.6005 20.8011 0 -10.2442 0 0.02475 0
0.601 20.8184 0 -10.2527 0 0.0247706 0
0.6015 20.8357 0 -10.2613 0 0.0247913 0
0.602 20.853 0 -10.2698 0 0.0248119 0
0.6025 20.8703 0 -10.2783 0 0.0248325 0
0.603 20.8877 0 -10.2868 0 0.0248531 0
0.6035 20.905 0 -10.2954 0 0.0248737 0
0.604 20.9223 0 -10.3039 0 0.0248943 0
0.6045 20.9396 0 -10.3124 0 0.0249149 0
0.605 20.9569 0 -10.321 0 0.0249355 0
0.6055 20.9742 0 -10.3295 0 0.0249561 0
0.606 20.9916 0 -10.338 0 0.0249767 0
0.6065 21.0089 0 -10.3465 0 0.0249973 0
0.607 21.0262 0 -10.3551 0 0.0250179 0
0.6075 21.0435 0 -10.3636 0 0.0250386 0
0.608 21.0608 0 -10.3721 0 0.0250592 0
0.6085 21.0782 0 -10.3807 0 0.0250798 0
0.609 21.0955 0 -10.3892 0 0.0251004 0
0.6095 21.1128 0 -10.3977 0 0.025121 0
0.61 21.1301 0 -10.4063 0 0.0251416 0
0.6105 21.1474 0 -10.4148 0 0.0251622 0
0.611 21.1648 0 -10.4233 0 0.0251828 0
0.6115 21.1821 0 -10.4318 0 0.0252034 0
0.612 21.1994 0 -10.4404 0 0.025224 0
0.6125 21.2167 0 -10.4489 0 0.0252446 0
0.613 21.234 0 -10.4574 0 0.0252652 0
0.6135 21.2514 0 -10.466 0 0.0252858 0
0.614 21.2687 0 -10.4745 0 0.0253065 0
0.6145 21.286 0 -10.483 0 0.0253271 0
0.615 21.3033 0 -10.4916 0 0.0253477 0
0.6155 21.3206 0 -10.5001 0 0.0253683 0
0.616 21.338 0 -10.5086 0 0.0253889 0
0.6165 21.3553 0 -10.5171 0 0.0254095 0
0.617 21.3726 0 -10.5257 0 0.0254301 0
0.6175 21.3899 0 -10.5342 0 0.0254507 0
0.618 21.4072 0 -10.5427 0 0.0254713 0
0.6185 21.4246 0 -10.5513 0 0.0254919 0
0.619 21.4419 0 -10.5598 0 0.0255125 0
0.6195 21.4592 0 -10.5683 0 0.0255331 0
0.62 21.4765 0 -10.5769 0 0.0255537 0
0.6205 21.4938 0 -10.5854 0 0.0255744 0
0.621 21.5112 0 -10.5939 0 0.025595 0
0.6215 21.5285 0 -10.6024 0 0.0256156 0
0.622 21.5458 0 -10.611 0 0.0256362 0
0.6225 21.5631 0 -10.6195 0 0.0256568 0
0.623 21.5804 0 -10.628 0 0.0256774 0
0.6235 21.5978 0 -10.6366 0 0.025698 0
0.624 21.6151 0 -10.6451 0 0.0257186 0
0.6245 21.6324 0 -10.6536 0 0.0257392 0
0.625 21.6497 0 -10.6621 0 0.0257598 0
0.6255 21.667 0 -10.6707 0 0.0257804 0
0.626 21.6844 0 -10.6792 0 0.025801 0
0.6265 21.7017 0 -10.6877 0 0.0258216 0
0.627 21.719 0 -10.6963 0 0.0258423 0
0.6275 21.7363 0 -10.7048 0 0.0258629 0
0.628 21.7536 0 -10.7133 0 0.0258835 0
0.6285 21.771 0 -10.7219 0 0.0259041 0
0.629 21.7883 0 -10.7304 0 0.0259247 0
0.6295 21.8056 0 -10.7389 0 0.0259453 0
0.63 21.8229 0 -10.7474 0 0.0259659 0
0.6305 21.8402 0 -10.756 0 0.0259865 0
0.631 21.8576 0 -10.7645 0 0.0260071 0
0.6315 21.8749 0 -10.773 0 0.0260277 0
0.632 21.8922 0 -10.7816 0 0.0260483 0
0.6325 21.9095 0 -10.7901 0 0.0260689 0
0.633 21.9268 0 -10.7986 0 0.0260896 0
0.6335 21.9442 0 -10.8072 0 0.0261102 0
0.634 21.9615 0 -10.8157 0 0.0261308 0
0.6345 21.9788 0 -10.8242 0 0.0261514 0
0.635 21.9961 0 -10.8327 0 0.026172 0
0.6355 22.0134 0 -10.8413 0 0.0261926 0
0.636 22.0308 0 -10.8498 0 0.0262132 0
0.6365 22.0481 0 -10.8583 0 0.0262338 0
0.637 22.0654 0 -10.8669 0 0.0262544 0
0.6375 22.0827 0 -10.8754 0 0.026275 0
0.638 22.1 0 -10.8839 0 0.0262956 0
0.6385 22.1174 0 -10.8925 0 0.0263162 0
0.639 22.1347 0 -10.901 0 0.0263368 0
0.6395 22.152 0 -10.9095 0 0.0263575 0
0.64 22.1693 0 -10.918 0 0.0263781 0
0.6405 22.1866 0 -10.9266 0 0.0263987 0
0.641 22.204 0 -10.9351 0 0.0264193 0
0.6415 22.2213 0 -10.9436 0 0.0264399 0
0.642 22.2386 0 -10.9522 0 0.0264605 0
0.6425 22.2559 0 -10.9607 0 0.0264811 0
0.643 22.2732 0 -10.9692 0 0.0265017 0
0.6435 22.2906 0 -10.9777 0 0.0265223 0
0.644 22.3079 0 -10.9863 0 0.0265429 0
0.6445 22.3252 0 -10.9948 0 0.0265635 0
0.645 22.3425 0 -11.0033 0 0.0265841 0
0.6455 22.3598 0 -11.0119 0 0.0266047 0
0.646 22.3772 0 -11.0204 0 0.0266254 0
0.6465 22.3945 0 -11.0289 0 0.026646 0
0.647 22.4118 0 -11.0375 0 0.0266666 0
0.6475 22.4291 0 -11.046 0 0.0266872 0
0.648 22.4464 0 -11.0545 0 0.0267078 0
0.6485 22.4638 0 -11.063 0 0.0267284 0
0.649 22.4811 0 -11.0716 0 0.026749 0
0.6495 22.4984 0 -11.0801 0 0.0267696 0
0.65 22.5157 0 -11.0886 0 0.0267902 0
0.6505 22.533 0 -11.0972 0 0.0268108 0
0.651 22.5503 0 -11.1057 0 0.0268314 0
0.6515 22.5677 0 -11.1142 0 0.026852 0
0.652 22.585 0 -11.1228 0 0.0268726 0
0.6525 22.6023 0 -11.1313 0 0.0268933 0
0.653 22.6196 0 -11.1398 0 0.0269139 0
0.6535 22.6369 0 -11.1483 0 0.0269345 0
0.654 22.6543 0 -11.1569 0 0.0269551 0
0.6545 22.6716 0 -11.1654 0 0.0269757 0
0.655 22.6889 0 -11.1739 0 0.0269963 0
0.6555 22.7062 0 -11.1825 0 0.0270169 0
0.656 22.7235 0 -11.191 0 0.0270375 0
0.6565 22.7409 0 -11.1995 0 0.0270581 0
0.657 22.7582 0 -11.2081 0 0.0270787 0
0.6575 22.7755 0 -11.2166 0 0.0270993 0
0.658 22.7928 0 -11.2251 0 0.0271199 0
0.6585 22.8101 0 -11.2336 0 0.0271406 0
0.659 22.8275 0 -11.2422 0 0.0271612 0
0.6595 22.8448 0 -11.2507 0 0.0271818 0
0.66 22.8621 0 -11.2592 0 0.0272024 0
0.6605 22.8794 0 -11.2678 0 0.027223 0
0.661 22.8967 0 -11.2763 0 0.0272436 0
0.6615 22.9141 0 -11.2848 0 0.0272642 0
0.662 22.9314 0 -11.2933 0 0.0272848 0
0.6625 22.9487 0 -11.3019 0 0.0273054 0
0.663 22.966 0 -11.3104 0 0.027326 0
0.6635 22.9833 0 -11.3189 0 0.0273466 0
0.664 23.0007 0 -11.3275 0 0.0273672 0
0.6645 23.018 0 -11.336 0 0.0273878 0
0.665 23.0353 0 -11.3445 0 0.0274085 0
0.6655 23.0526 0 -11.3531 0 0.0274291 0
0.666 23.0699 0 -11.3616 0 0.0274497 0
0.6665 23.0873 0 -11.3701 0 0.0274703 0
0.667 23.1046 0 -11.3786 0 0.0274909 0
0.6675 23.1219 0 -11.3872 0 0.0275115 0
0.668 23.1392 0 -11.3957 0 0.0275321 0
0.6685 23.1565 0 -11.4042 0 0.0275527 0
0.669 23.1739 0 -11.4128 0 0.0275733 0
0.6695 23.1912 0 -11.4213 0 0.0275939 0
0.67 23.2085 0 -11.4298 0 0.0276145 0
0.6705 23.2258 0 -11.4384 0 0.0276351 0
0.671 23.2431 0 -11.4469 0 0.0276557 0
0.6715 23.2605 0 -11.4554 0 0.0276764 0
0.672 23.2778 0 -11.4639 0 0.027697 0
0.6725 23.2951 0 -11.4725 0 0.0277176 0
0.673 23.3124 0 -11.481 0 0.0277382 0
0.6735 23.3297 0 -11.4895 0 0.0277588 0
0.674 23.3471 0 -11.4981 0 0.0277794 0
0.6745 23.3644 0 -11.5066 0 0.0278 0
0.675 23.3817 0 -11.5151 0 0.0278206 0
0.6755 23.399 0 -11.5236 0 0.0278412 0
0.676 23.4163 0 -11.5322 0 0.0278618 0
0.6765 23.4337 0 -11.5407 0 0.0278824 0
0.677 23.451 0 -11.5492 0 0.027903 0
0.6775 23.4683 0 -11.5578 0 0.0279237 0
0.678 23.4856 0 -11.5663 0 0.0279443 0
0.6785 23.5029 0 -11.5748 0 0.0279649 0
0.679 23.5203 0 -11.5834 0 0.0279855 0
0.6795 23.5376 0 -11.5919 0 0.0280061 0
0.68 23.5549 0 -11.6004 0 0.0280267 0
0.6805 23.5722 0 -11.6089 0 0.0280473 0
0.681 23.5895 0 -11.6175 0 0.0280679 0
0.6815 23.6069 0 -11.626 0 0.0280885 0
0.682 23.6242 0 -11.6345 0 0.0281091 0
0.6825 23.6415 0 -11.6431 0 0.0281297 0
0.683 23.6588 0 -11.6516 0 0.0281503 0
0.6835 23.6761 0 -11.6601 0 0.0281709 0
0.684 23.6935 0 -11.6687 0 0.0281916 0
0.6845 23.7108 0 -11.6772 0 0.0282122 0
0.685 23.7281 0 -11.6857 0 0.0282328 0
0.6855 23.7454 0 -11.6942 0 0.0282534 0
0.686 23.7627 0 -11.7028 0 0.028274 0
0.6865 23.7801 0 -11.7113 0 0.0282946 0
0.687 23.7974 0 -11.7198 0 0.0283152 0
0.6875 23.8147 0 -11.7284 0 0.0283358 0
0.688 23.832 0 -11.7369 0 0.0283564 0
0.6885 23.8493 0 -11.7454 0 0.028377 0
0.689 23.8667 0 -11.754 0 0.0283976 0
0.6895 23.884 0 -11.7625 0 0.0284182 0
0.69 23.9013 0 -11.771 0 0.0284388 0
0.6905 23.9186 0 -11.7795 0 0.0284595 0
0.691 23.9359 0 -11.7881 0 0.0284801 0
0.6915 23.9533 0 -11.7966 0 0.0285007 0
0.692 23.9706 0 -11.8051 0 0.0285213 0
0.6925 23.9879 0 -11.8137 0 0.0285419 0
0.693 24.0052 0 -11.8222 0 0.0285625 0
0.6935 24.0225 0 -11.8307 0 0.0285831 0
0.694 24.0399 0 -11.8392 0 0.0286037 0
0.6945 24.0572 0 -11.8478 0 0.0286243 0
0.695 24.0745 0 -11.8563 0 0.0286449 0
0.6955 24.0918 0 -11.8648 0 0.0286655 0
0.696 24.1091 0 -11.8734 0 0.0286861 0
0.6965 24.1264 0 -11.8819 0 0.0287067 0
0.697 24.1438 0 -11.8904 0 0.0287274 0
0.6975 24.1611 0 -11.899 0 0.028748 0
0.698 24.1784 0 -11.9075 0 0.0287686 0
0.6985 24.1957 0 -11.916 0 0.0287892 0
0.699 24.213 0 -11.9245 0 0.0288098 0
0.6995 24.2304 0 -11.9331 0 0.0288304 0
0.7 24.2477 0 -11.9416 0 0.028851 0
0.7005 24.265 0 -11.9501 0 0.0288716 0
0.701 24.2823 0 -11.9587 0 0.0288922 0
0.7015 24.2996 0 -11.9672 0 0.0289128 0
0.702 24.317 0 -11.9757 0 0.0289334 0
0.7025 24.3343 0 -11.9843 0 0.028954 0
0.703 24.3516 0 -11.9928 0 0.0289747 0
0.7035 24.3689 0 -12.0013 0 0.0289953 0
0.704 24.3862 0 -12.0098 0 0.0290159 0
0.7045 24.4036 0 -12.0184 0 0.0290365 0
0.705 24.4209 0 -12.0269 0 0.0290571 0
0.7055 24.4382 0 -12.0354 0 0.0290777 0
0.706 24.4555 0 -12.044 0 0.0290983 0
0.7065 24.4728 0 -12.0525 0 0.0291189 0
0.707 24.4902 0 -12.061 0 0.0291395 0
0.7075 24.5075 0 -12.0696 0 0.0291601 0
0.708 24.5248 0 -12.0781 0 0.0291807 0
0.7085 24.5421 0 -12.0866 0 0.0292013 0
0.709 24.5594 0 -12.0951 0 0.0292219 0
0.7095 24.5768 0 -12.1037 0 0.0292426 0
0.71 24.5941 0 -12.1122 0 0.0292632 0
0.7105 24.6114 0 -12.1207 0 0.0292838 0
0.711 24.6287 0 -12.1293 0 0.0293044 0
0.7115 24.646 0 -12.1378 0 0.029325 0
0.712 24.6634 0 -12.1463 0 0.0293456 0
0.7125 24.6807 0 -12.1548 0 0.0293662 0
0.713 24.698 0 -12.1634 0 0.0293868 0
0.7135 24.7153 0 -12.1719 0 0.0294074 0
0.714 24.7326 0 -12.1804 0 0.029428 0
0.7145 24.75 0 -12.189 0 0.0294486 0
0.715 24.7673 0 -12.1975 0 0.0294692 0
0.7155 24.7846 0 -12.206 0 0.0294898 0
0.716 24.8019 0 -12.2146 0 0.0295105 0
0.7165 24.8192 0 -12.2231 0 0.0295311 0
0.717 24.8366 0 -12.2316 0 0.0295517 0
0.7175 24.8539 0 -12.2401 0 0.0295723 0
0.718 24.8712 0 -12.2487 0 0.0295929 0
0.7185 24.8885 0 -12.2572 0 0.0296135 0
0.719 24.9058 0 -12.2657 0 0.0296341 0
0.7195 24.9232 0 -12.2743 0 0.0296547 0
0.72 24.9405 0 -12.2828 0 0.0296753 0
0.7205 24.9578 0 -12.2913 0 0.0296959 0
0.721 24.9751 0 -12.2999 0 0.0297165 0
0.7215 24.9924 0 -12.3084 0 0.0297371 0
0.722 25.0098 0 -12.3169 0 0.0297578 0
0.7225 25.0271 0 -12.3254 0 0.0297784 0
0.723 25.0444 0 -12.334 0 0.029799 0
0.7235 25.0617 0 -12.3425 0 0.0298196 0
0.724 25.079 0 -12.351 0 0.0298402 0
0.7245 25.0964 0 -12.3596 0 0.0298608 0
0.725 25.1137 0 -12.3681 0 0.0298814 0
0.7255 25.131 0 -12.3766 0 0.029902 0
0.726 25.1483 0 -12.3852 0 0.0299226 0
0.7265 25.1656 0 -12.3937 0 0.0299432 0
0.727 25.183 0 -12.4022 0 0.0299638 0
0.7275 25.2003 0 -12.4107 0 0.0299844 0
0.728 25.2176 0 -12.4193 0 0.030005 0
0.7285 25.2349 0 -12.4278 0 0.0300257 0
0.729 25.2522 0 -12.4363 0 0.0300463 0
0.7295 25.2696 0 -12.4449 0 0.0300669 0
0.73 25.2869 0 -12.4534 0 0.0300875 0
0.7305 25.3042 0 -12.4619 0 0.0301081 0
0.731 25.3215 0 -12.4704 0 0.0301287 0
0.7315 25.3388 0 -12.479 0 0.0301493 0
0.732 25.3562 0 -12.4875 0 0.0301699 0
0.7325 25.3735 0 -12.496 0 0.0301905 0
0.733 25.3908 0 -12.5046 0 0.0302111 0
0.7335 25.4081 0 -12.5131 0 0.0302317 0
0.734 25.4254 0 -12.5216 0 0.0302523 0
0.7345 25.4428 0 -12.5302 0 0.0302729 0
0.735 25.4601 0 -12.5387 0 0.0302936 0
0.7355 25.4774 0 -12.5472 0 0.0303142 0
0.736 25.4947 0 -12.5557 0 0.0303348 0
0.7365 25.512 0 -12.5643 0 0.0303554 0
0.737 25.5294 0 -12.5728 0 0.030376 0
0.7375 25.5467 0 -12.5813 0 0.0303966 0
0.738 25.564 0 -12.5899 0 0.0304172 0
0.7385 25.5813 0 -12.5984 0 0.0304378 0
0.739 25.5986 0 -12.6069 0 0.0304584 0
0.7395 25.6159 0 -12.6155 0 0.030479 0
0.74 25.6333 0 -12.624 0 0.0304996 0
0.7405 25.6506 0 -12.6325 0 0.0305202 0
0.741 25.6679 0 -12.641 0 0.0305408 0
0.7415 25.6852 0 -12.6496 0 0.0305615 0
0.742 25.7025 0 -12.6581 0 0.0305821 0
0.7425 25.7199 0 -12.6666 0 0.0306027 0
0.743 25.7372 0 -12.6752 0 0.0306233 0
0.7435 25.7545 0 -12.6837 0 0.0306439 0
0.744 25.7718 0 -12.6922 0 0.0306645 0
0.7445 25.7891 0 -12.7008 0 0.0306851 0
0.745 25.8065 0 -12.7093 0 0.0307057 0
0.7455 25.8238 0 -12.7178 0 0.0307263 0
0.746 25.8411 0 -12.7263 0 0.0307469 0
0.7465 25.8584 0 -12.7349 0 0.0307675 0
0.747 25.8757 0 -12.7434 0 0.0307881 0
0.7475 25.8931 0 -12.7519 0 0.0308088 0
0.748 25.9104 0 -12.7605 0 0.0308294 0
0.7485 25.9277 0 -12.769 0 0.03085 0
0.749 25.945 0 -12.7775 0 0.0308706 0
0.7495 25.9623 0 -12.786 0 0.0308912 0
0.75 25.9797 0 -12.7946 0 0.0309118 0
0.7505 25.997 0 -12.8031 0 0.0309324 0
0.751 26.0143 0 -12.8116 0 0.030953 0
0.7515 26.0316 0 -12.8202 0 0.0309736 0
0.752 26.0489 0 -12.8287 0 0.0309942 0
0.7525 26.0663 0 -12.8372 0 0.0310148 0
0.753 26.0836 0 -12.8458 0 0.0310354 0
0.7535 26.1009 0 -12.8543 0 0.031056 0
0.754 26.1182 0 -12.8628 0 0.0310767 0
0.7545 26.1355 0 -12.8713 0 0.0310973 0
0.755 26.1529 0 -12.8799 0 0.0311179 0
0.7555 26.1702 0 -12.8884 0 0.0311385 0
0.756 26.1875 0 -12.8969 0 0.0311591 0
0.7565 26.2048 0 -12.9055 0 0.0311797 0
0.757 26.2221 0 -12.914 0 0.0312003 0
0.7575 26.2395 0 -12.9225 0 0.0312209 0
0.758 26.2568 0 -12.9311 0 0.0312415 0
0.7585 26.2741 0 -12.9396 0 0.0312621 0
0.759 26.2914 0 -12.9481 0 0.0312827 0
0.7595 26.3087 0 -12.9566 0 0.0313033 0
0.76 26.3261 0 -12.9652 0 0.0313239 0
0.7605 26.3434 0 -12.9737 0 0.0313446 0
0.761 26.3607 0 -12.9822 0 0.0313652 0
0.7615 26.378 0 -12.9908 0 0.0313858 0
0.762 26.3953 0 -12.9993 0 0.0314064 0
0.7625 26.4127 0 -13.0078 0 0.031427 0
0.763 26.43 0 -13.0164 0 0.0314476 0
0.7635 26.4473 0 -13.0249 0 0.0314682 0
0.764 26.4646 0 -13.0334 0 0.0314888 0
0.7645 26.4819 0 -13.0419 0 0.0315094 0
0.765 26.4993 0 -13.0505 0 0.03153 0
0.7655 26.5166 0 -13.059 0 0.0315506 0
0.766 26.5339 0 -13.0675 0 0.0315712 0
0.7665 26.5512 0 -13.0761 0 0.0315918 0
0.767 26.5685 0 -13.0846 0 0.0316125 0
0.7675 26.5859 0 -13.0931 0 0.0316331 0
0.768 26.6032 0 -13.1016 0 0.0316537 0
0.7685 26.6205 0 -13.1102 0 0.0316743 0
0.769 26.6378 0 -13.1187 0 0.0316949 0
0.7695 26.6551 0 -13.1272 0 0.0317155 0
0.77 26.6725 0 -13.1358 0 0.0317361 0
0.7705 26.6898 0 -13.1443 0 0.0317567 0
0.771 26.7071 0 -13.1528 0 0.0317773 0
0.7715 26.7244 0 -13.1614 0 0.0317979 0
0.772 26.7417 0 -13.1699 0 0.0318185 0
0.7725 26.7591 0 -13.1784 0 0.0318391 0
0.773 26.7764 0 -13.1869 0 0.0318598 0
0.7735 26.7937 0 -13.1955 0 0.0318804 0
0.774 26.811 0 -13.204 0 0.031901 0
0.7745 26.8283 0 -13.2125 0 0.0319216 0
0.775 26.8457 0 -13.2211 0 0.0319422 0
0.7755 26.863 0 -13.2296 0 0.0319628 0
0.776 26.8803 0 -13.2381 0 0.0319834 0
0.7765 26.8976 0 -13.2467 0 0.032004 0
0.777 26.9149 0 -13.2552 0 0.0320246 0
0.7775 26.9323 0 -13.2637 0 0.0320452 0
0.778 26.9496 0 -13.2722 0 0.0320658 0
0.7785 26.9669 0 -13.2808 0 0.0320864 0
0.779 26.9842 0 -13.2893 0 0.032107 0
0.7795 27.0015 0 -13.2978 0 0.0321277 0
0.78 27.0189 0 -13.3064 0 0.0321483 0
0.7805 27.0362 0 -13.3149 0 0.0321689 0
0.781 27.0535 0 -13.3234 0 0.0321895 0
0.7815 27.0708 0 -13.3319 0 0.0322101 0
0.782 27.0881 0 -13.3405 0 0.0322307 0
0.7825 27.1055 0 -13.349 0 0.0322513 0
0.783 27.1228 0 -13.3575 0 0.0322719 0
0.7835 27.1401 0 -13.3661 0 0.0322925 0
0.784 27.1574 0 -13.3746 0 0.0323131 0
0.7845 27.1747 0 -13.3831 0 0.0323337 0
0.785 27.192 0 -13.3917 0 0.0323543 0
0.7855 27.2094 0 -13.4002 0 0.0323749 0
0.786 27.2267 0 -13.4087 0 0.0323956 0
0.7865 27.244 0 -13.4172 0 0.0324162 0
0.787 27.2613 0 -13.4258 0 0.0324368 0
0.7875 27.2786 0 -13.4343 0 0.0324574 0
0.788 27.296 0 -13.4428 0 0.032478 0
0.7885 27.3133 0 -13.4514 0 0.0324986 0
0.789 27.3306 0 -13.4599 0 0.0325192 0
0.7895 27.3479 0 -13.4684 0 0.0325398 0
0.79 27.3652 0 -13.477 0 0.0325604 0
0.7905 27.3826 0 -13.4855 0 0.032581 0
0.791 27.3999 0 -13.494 0 0.0326016 0
0.7915 27.4172 0 -13.5025 0 0.0326222 0
0.792 27.4345 0 -13.5111 0 0.0326429 0
0.7925 27.4518 0 -13.5196 0 0.0326635 0
0.793 27.4692 0 -13.5281 0 0.0326841 0
0.7935 27.4865 0 -13.5367 0 0.0327047 0
0.794 27.5038 0 -13.5452 0 0.0327253 0
0.7945 27.5211 0 -13.5537 0 0.0327459 0
0.795 27.5384 0 -13.5623 0 0.0327665 0
0.7955 27.5558 0 -13.5708 0 0.0327871 0
0.796 27.5731 0 -13.5793 0 0.0328077 0
0.7965 27.5904 0 -13.5878 0 0.0328283 0
0.797 27.6077 0 -13.5964 0 0.0328489 0
0.7975 27.625 0 -13.6049 0 0.0328695 0
0.798 27.6424 0 -13.6134 0 0.0328901 0
0.7985 27.6597 0 -13.622 0 0.0329108 0
0.799 27.677 0 -13.6305 0 0.0329314 0
0.7995 27.6943 0 -13.639 0 0.032952 0
0.8 27.7116 0 -13.6475 0 0.0329726 0
0.8005 27.729 0 -13.6561 0 0.0329932 0
0.801 27.7463 0 -13.6646 0 0.0330138 0
0.8015 27.7636 0 -13.6731 0 0.0330344 0
0.802 27.7809 0 -13.6817 0 0.033055 0
0.8025 27.7982 0 -13.6902 0 0.0330756 0
0.803 27.8156 0 -13.6987 0 0.0330962 0
0.8035 27.8329 0 -13.7073 0 0.0331168 0
0.804 27.8502 0 -13.7158 0 0.0331374 0
0.8045 27.8675 0 -13.7243 0 0.033158 0
0.805 27.8848 0 -13.7328 0 0.0331787 0
0.8055 27.9022 0 -13.7414 0 0.0331993 0
0.806 27.9195 0 -13.7499 0 0.0332199 0
0.8065 27.9368 0 -13.7584 0 0.0332405 0
0.807 27.9541 0 -13.767 0 0.0332611 0
0.8075 27.9714 0 -13.7755 0 0.0332817 0
0.808 27.9888 0 -13.784 0 0.0333023 0
0.8085 28.0061 0 -13.7926 0 0.0333229 0
0.809 28.0234 0 -13.8011 0 0.0333435 0
0.8095 28.0407 0 -13.8096 0 0.0333641 0
0.81 28.058 0 -13.8181 0 0.0333847 0
0.8105 28.0754 0 -13.8267 0 0.0334053 0
0.811 28.0927 0 -13.8352 0 0.0334259 0
0.8115 28.11 0 -13.8437 0 0.0334466 0
0.812 28.1273 0 -13.8523 0 0.0334672 0
0.8125 28.1446 0 -13.8608 0 0.0334878 0
0.813 28.162 0 -13.8693 0 0.0335084 0
0.8135 28.1793 0 -13.8779 0 0.033529 0
0.814 28.1966 0 -13.8864 0 0.0335496 0
0.8145 28.2139 0 -13.8949 0 0.0335702 0
0.815 28.2312 0 -13.9034 0 0.0335908 0
0.8155 28.2486 0 -13.912 0 0.0336114 0
0.816 28.2659 0 -13.9205 0 0.033632 0
0.8165 28.2832 0 -13.929 0 0.0336526 0
0.817 28.3005 0 -13.9376 0 0.0336732 0
0.8175 28.3178 0 -13.9461 0 0.0336939 0
0.818 28.3352 0 -13.9546 0 0.0337145 0
0.8185 28.3525 0 -13.9631 0 0.0337351 0
0.819 28.3698 0 -13.9717 0 0.0337557 0
0.8195 28.3871 0 -13.9802 0 0.0337763 0
0.82 28.4044 0 -13.9887 0 0.0337969 0
0.8205 28.4218 0 -13.9973 0 0.0338175 0
0.821 28.4391 0 -14.0058 0 0.0338381 0
0.8215 28.4564 0 -14.0143 0 0.0338587 0
0.822 28.4737 0 -14.0229 0 0.0338793 0
0.8225 28.491 0 -14.0314 0 0.0338999 0
0.823 28.5084 0 -14.0399 0 0.0339205 0
0.8235 28.5257 0 -14.0484 0 0.0339411 0
0.824 28.543 0 -14.057 0 0.0339618 0
0.8245 28.5603 0 -14.0655 0 0.0339824 0
0.825 28.5776 0 -14.074 0 0.034003 0
0.8255 28.595 0 -14.0826 0 0.0340236 0
0.826 28.6123 0 -14.0911 0 0.0340442 0
0.8265 28.6296 0 -14.0996 0 0.0340648 0
0.827 28.6469 0 -14.1082 0 0.0340854 0
0.8275 28.6642 0 -14.1167 0 0.034106 0
0.828 28.6816 0 -14.1252 0 0.0341266 0
0.8285 28.6989 0 -14.1337 0 0.0341472 0
0.829 28.7162 0 -14.1423 0 0.0341678 0
0.8295 28.7335 0 -14.1508 0 0.0341884 0
0.83 28.7508 0 -14.1593 0 0.034209 0
0.8305 28.7681 0 -14.1679 0 0.0342297 0
0.831 28.7855 0 -14.1764 0 0.0342503 0
0.8315 28.8028 0 -14.1849 0 0.0342709 0
0.832 28.8201 0 -14.1935 0 0.0342915 0
0.8325 28.8374 0 -14.202 0 0.0343121 0
0.833 28.8547 0 -14.2105 0 0.0343327 0
0.8335 28.8721 0 -14.219 0 0.0343533 0
0.834 28.8894 0 -14.2276 0 0.0343739 0
0.8345 28.9067 0 -14.2361 0 0.0343945 0
0.835 28.924 0 -14.2446 0 0.0344151 0
0.8355 28.9413 0 -14.2532 0 0.0344357 0
0.836 28.9587 0 -14.2617 0 0.0344563 0
0.8365 28.976 0 -14.2702 0 0.034477 0
0.837 28.9933 0 -14.2787 0 0.0344976 0
0.8375 29.0106 0 -14.2873 0 0.0345182 0
0.838 29.0279 0 -14.2958 0 0.0345388 0
0.8385 29.0453 0 -14.3043 0 0.0345594 0
0.839 29.0626 0 -14.3129 0 0.03458 0
0.8395 29.0799 0 -14.3214 0 0.0346006 0
0.84 29.0972 0 -14.3299 0 0.0346212 0
0.8405 29.1145 0 -14.3385 0 0.0346418 0
0.841 29.1319 0 -14.347 0 0.0346624 0
0.8415 29.1492 0 -14.3555 0 0.034683 0
0.842 29.1665 0 -14.364 0 0.0347036 0
0.8425 29.1838 0 -14.3726 0 0.0347242 0
0.843 29.2011 0 -14.3811 0 0.0347449 0
0.8435 29.2185 0 -14.3896 0 0.0347655 0
0.844 29.2358 0 -14.3982 0 0.0347861 0
0.8445 29.2531 0 -14.4067 0 0.0348067 0
0.845 29.2704 0 -14.4152 0 0.0348273 0
0.8455 29.2877 0 -14.4238 0 0.0348479 0
0.846 29.3051 0 -14.4323 0 0.0348685 0
0.8465 29.3224 0 -14.4408 0 0.0348891 0
0.847 29.3397 0 -14.4493 0 0.0349097 0
0.8475 29.357 0 -14.4579 0 0.0349303 0
0.848 29.3743 0 -14.4664 0 0.0349509 0
0.8485 29.3917 0 -14.4749 0 0.0349715 0
0.849 29.409 0 -14.4835 0 0.0349921 0
0.8495 29.4263 0 -14.492 0 0.0350128 0
0.85 29.4436 0 -14.5005 0 0.0350334 0
0.8505 29.4609 0 -14.5091 0 0.035054 0
0.851 29.4783 0 -14.5176 0 0.0350746 0
0.8515 29.4956 0 -14.5261 0 0.0350952 0
0.852 29.5129 0 -14.5346 0 0.0351158 0
0.8525 29.5302 0 -14.5432 0 0.0351364 0
0.853 29.5475 0 -14.5517 0 0.035157 0
0.8535 29.5649 0 -14.5602 0 0.0351776 0
0.854 29.5822 0 -14.5688 0 0.0351982 0
0.8545 29.5995 0 -14.5773 0 0.0352188 0
0.855 29.6168 0 -14.5858 0 0.0352394 0
0.8555 29.6341 0 -14.5943 0 0.03526 0
0.856 29.6515 0 -14.6029 0 0.0352807 0
0.8565 29.6688 0 -14.6114 0 0.0353013 0
0.857 29.6861 0 -14.6199 0 0.0353219 0
0.8575 29.7034 0 -14.6285 0 0.0353425 0
0.858 29.7207 0 -14.637 0 0.0353631 0
0.8585 29.7381 0 -14.6455 0 0.0353837 0
0.859 29.7554 0 -14.6541 0 0.0354043 0
0.8595 29.7727 0 -14.6626 0 0.0354249 0
0.86 29.79 0 -14.6711 0 0.0354455 0
0.8605 29.8073 0 -14.6796 0 0.0354661 0
0.861 29.8247 0 -14.6882 0 0.0354867 0
0.8615 29.842 0 -14.6967 0 0.0355073 0
0.862 29.8593 0 -14.7052 0 0.035528 0
0.8625 29.8766 0 -14.7138 0 0.0355486 0
0.863 29.8939 0 -14.7223 0 0.0355692 0
0.8635 29.9113 0 -14.7308 0 0.0355898 0
0.864 29.9286 0 -14.7394 0 0.0356104 0
0.8645 29.9459 0 -14.7479 0 0.035631 0
0.865 29.9632 0 -14.7564 0 0.0356516 0
0.8655 29.9805 0 -14.7649 0 0.0356722 0
0.866 29.9979 0 -14.7735 0 0.0356928 0
0.8665 30.0152 0 -14.782 0 0.0357134 0
0.867 30.0325 0 -14.7905 0 0.035734 0
0.8675 30.0498 0 -14.7991 0 0.0357546 0
0.868 30.0671 0 -14.8076 0 0.0357752 0
0.8685 30.0845 0 -14.8161 0 0.0357959 0
0.869 30.1018 0 -14.8247 0 0.0358165 0
0.8695 30.1191 0 -14.8332 0 0.0358371 0
0.87 30.1364 0 -14.8417 0 0.0358577 0
0.8705 30.1537 0 -14.8502 0 0.0358783 0
0.871 30.1711 0 -14.8588 0 0.0358989 0
0.8715 30.1884 0 -14.8673 0 0.0359195 0
0.872 30.2057 0 -14.8758 0 0.0359401 0
0.8725 30.223 0 -14.8844 0 0.0359607 0
0.873 30.2403 0 -14.8929 0 0.0359813 0
0.8735 30.2576 0 -14.9014 0 0.0360019 0
0.874 30.275 0 -14.9099 0 0.0360225 0
0.8745 30.2923 0 -14.9185 0 0.0360431 0
0.875 30.3096 0 -14.927 0 0.0360638 0
0.8755 30.3269 0 -14.9355 0 0.0360844 0
0.876 30.3442 0 -14.9441 0 0.036105 0
0.8765 30.3616 0 -14.9526 0 0.0361256 0
0.877 30.3789 0 -14.9611 0 0.0361462 0
0.8775 30.3962 0 -14.9697 0 0.0361668 0
0.878 30.4135 0 -14.9782 0 0.0361874 0
0.8785 30.4308 0 -14.9867 0 0.036208 0
0.879 30.4482 0 -14.9952 0 0.0362286 0
0.8795 30.4655 0 -15.0038 0 0.0362492 0
0.88 30.4828 0 -15.0123 0 0.0362698 0
0.8805 30.5001 0 -15.0208 0 0.0362904 0
0.881 30.5174 0 -15.0294 0 0.036311 0
0.8815 30.5348 0 -15.0379 0 0.0363317 0
0.882 30.5521 0 -15.0464 0 0.0363523 0
0.8825 30.5694 0 -15.055 0 0.0363729 0
0.883 30.5867 0 -15.0635 0 0.0363935 0
0.8835 30.604 0 -15.072 0 0.0364141 0
0.884 30.6214 0 -15.0805 0 0.0364347 0
0.8845 30.6387 0 -15.0891 0 0.0364553 0
0.885 30.656 0 -15.0976 0 0.0364759 0
0.8855 30.6733 0 -15.1061 0 0.0364965 0
0.886 30.6906 0 -15.1147 0 0.0365171 0
0.8865 30.708 0 -15.1232 0 0.0365377 0
0.887 30.7253 0 -15.1317 0 0.0365583 0
0.8875 30.7426 0 -15.1403 0 0.036579 0
0.888 30.7599 0 -15.1488 0 0.0365996 0
0.8885 30.7772 0 -15.1573 0 0.0366202 0
0.889 30.7946 0 -15.1658 0 0.0366408 0
0.8895 30.8119 0 -15.1744 0 0.0366614 0
0.89 30.8292 0 -15.1829 0 0.036682 0
0.8905 30.8465 0 -15.1914 0 0.0367026 0
0.891 30.8638 0 -15.2 0 0.0367232 0
0.8915 30.8812 0 -15.2085 0 0.0367438 0
0.892 30.8985 0 -15.217 0 0.0367644 0
0.8925 30.9158 0 -15.2255 0 0.036785 0
0.893 30.9331 0 -15.2341 0 0.0368056 0
0.8935 30.9504 0 -15.2426 0 0.0368262 0
0.894 30.9678 0 -15.2511 0 0.0368469 0
0.8945 30.9851 0 -15.2597 0 0.0368675 0
0.895 31.0024 0 -15.2682 0 0.0368881 0
0.8955 31.0197 0 -15.2767 0 0.0369087 0
0.896 31.037 0 -15.2853 0 0.0369293 0
0.8965 31.0544 0 -15.2938 0 0.0369499 0
0.897 31.0717 0 -15.3023 0 0.0369705 0
0.8975 31.089 0 -15.3108 0 0.0369911 0
0.898 31.1063 0 -15.3194 0 0.0370117 0
0.8985 31.1236 0 -15.3279 0 0.0370323 0
0.899 31.141 0 -15.3364 0 0.0370529 0
0.8995 31.1583 0 -15.345 0 0.0370735 0
0.9 31.1756 0 -15.3535 0 0.0370941 0
0.9005 31.1929 0 -15.362 0 0.0371148 0
0.901 31.2102 0 -15.3706 0 0.0371354 0
0.9015 31.2276 0 -15.3791 0 0.037156 0
0.902 31.2449 0 -15.3876 0 0.0371766 0
0.9025 31.2622 0 -15.3961 0 0.0371972 0
0.903 31.2795 0 -15.4047 0 0.0372178 0
0.9035 31.2968 0 -15.4132 0 0.0372384 0
0.904 31.3142 0 -15.4217 0 0.037259 0
0.9045 31.3315 0 -15.4303 0 0.0372796 0
0.905 31.3488 0 -15.4388 0 0.0373002 0
0.9055 31.3661 0 -15.4473 0 0.0373208 0
0.906 31.3834 0 -15.4558 0 0.0373414 0
0.9065 31.4008 0 -15.4644 0 0.0373621 0
0.907 31.4181 0 -15.4729 0 0.0373827 0
0.9075 31.4354 0 -15.4814 0 0.0374033 0
0.908 31.4527 0 -15.49 0 0.0374239 0
0.9085 31.47 0 -15.4985 0 0.0374445 0
0.909 31.4874 0 -15.507 0 0.0374651 0
0.9095 31.5047 0 -15.5156 0 0.0374857 0
0.91 31.522 0 -15.5241 0 0.0375063 0
0.9105 31.5393 0 -15.5326 0 0.0375269 0
0.911 31.5566 0 -15.5411 0 0.0375475 0
0.9115 31.574 0 -15.5497 0 0.0375681 0
0.912 31.5913 0 -15.5582 0 0.0375887 0
0.9125 31.6086 0 -15.5667 0 0.0376093 0
0.913 31.6259 0 -15.5753 0 0.03763 0
0.9135 31.6432 0 -15.5838 0 0.0376506 0
0.914 31.6606 0 -15.5923 0 0.0376712 0
0.9145 31.6779 0 -15.6009 0 0.0376918 0
0.915 31.6952 0 -15.6094 0 0.0377124 0
0.9155 31.7125 0 -15.6179 0 0.037733 0
0.916 31.7298 0 -15.6264 0 0.0377536 0
0.9165 31.7472 0 -15.635 0 0.0377742 0
0.917 31.7645 0 -15.6435 0 0.0377948 0
0.9175 31.7818 0 -15.652 0 0.0378154 0
0.918 31.7991 0 -15.6606 0 0.037836 0
0.9185 31.8164 0 -15.6691 0 0.0378566 0
0.919 31.8337 0 -15.6776 0 0.0378772 0
0.9195 31.8511 0 -15.6862 0 0.0378979 0
0.92 31.8684 0 -15.6947 0 0.0379185 0
0.9205 31.8857 0 -15.7032 0 0.0379391 0
0.921 31.903 0 -15.7117 0 0.0379597 0
0.9215 31.9203 0 -15.7203 0 0.0379803 0
0.922 31.9377 0 -15.7288 0 0.0380009 0
0.9225 31.955 0 -15.7373 0 0.0380215 0
0.923 31.9723 0 -15.7459 0 0.0380421 0
0.9235 31.9896 0 -15.7544 0 0.0380627 0
0.924 32.0069 0 -15.7629 0 0.0380833 0
0.9245 32.0243 0 -15.7714 0 0.0381039 0
0.925 32.0416 0 -15.78 0 0.0381245 0
0.9255 32.0589 0 -15.7885 0 0.0381451 0
0.926 32.0762 0 -15.797 0 0.0381658 0
0.9265 32.0935 0 -15.8056 0 0.0381864 0
0.927 32.1109 0 -15.8141 0 0.038207 0
0.9275 32.1282 0 -15.8226 0 0.0382276 0
0.928 32.1455 0 -15.8312 0 0.0382482 0
0.9285 32.1628 0 -15.8397 0 0.0382688 0
0.929 32.1801 0 -15.8482 0 0.0382894 0
0.9295 32.1975 0 -15.8567 0 0.03831 0
0.93 32.2148 0 -15.8653 0 0.0383306 0
0.9305 32.2321 0 -15.8738 0 0.0383512 0
0.931 32.2494 0 -15.8823 0 0.0383718 0
0.9315 32.2667 0 -15.8909 0 0.0383924 0
0.932 32.2841 0 -15.8994 0 0.0384131 0
0.9325 32.3014 0 -15.9079 0 0.0384337 0
0.933 32.3187 0 -15.9165 0 0.0384543 0
0.9335 32.336 0 -15.925 0 0.0384749 0
0.934 32.3533 0 -15.9335 0 0.0384955 0
0.9345 32.3707 0 -15.942 0 0.0385161 0
0.935 32.388 0 -15.9506 0 0.0385367 0
0.9355 32.4053 0 -15.9591 0 0.0385573 0
0.936 32.4226 0 -15.9676 0 0.0385779 0
0.9365 32.4399 0 -15.9762 0 0.0385985 0
0.937 32.4573 0 -15.9847 0 0.0386191 0
0.9375 32.4746 0 -15.9932 0 0.0386397 0
0.938 32.4919 0 -16.0018 0 0.0386603 0
0.9385 32.5092 0 -16.0103 0 0.038681 0
0.939 32.5265 0 -16.0188 0 0.0387016 0
0.9395 32.5439 0 -16.0273 0 0.0387222 0
0.94 32.5612 0 -16.0359 0 0.0387428 0
0.9405 32.5785 0 -16.0444 0 0.0387634 0
0.941 32.5958 0 -16.0529 0 0.038784 0
0.9415 32.6131 0 -16.0615 0 0.0388046 0
0.942 32.6305 0 -16.07 0 0.0388252 0
0.9425 32.6478 0 -16.0785 0 0.0388458 0
0.943 32.6651 0 -16.087 0 0.0388664 0
0.9435 32.6824 0 -16.0956 0 0.038887 0
0.944 32.6997 0 -16.1041 0 0.0389076 0
0.9445 32.7171 0 -16.1126 0 0.0389282 0
0.945 32.7344 0 -16.1212 0 0.0389489 0
0.9455 32.7517 0 -16.1297 0 0.0389695 0
0.946 32.769 0 -16.1382 0 0.0389901 0
0.9465 32.7863 0 -16.1468 0 0.0390107 0
0.947 32.8037 0 -16.1553 0 0.0390313 0
0.9475 32.821 0 -16.1638 0 0.0390519 0
0.948 32.8383 0 -16.1723 0 0.0390725 0
0.9485 32.8556 0 -16.1809 0 0.0390931 0
0.949 32.8729 0 -16.1894 0 0.0391137 0
0.9495 32.8903 0 -16.1979 0 0.0391343 0
0.95 32.9076 0 -16.2065 0 0.0391549 0
0.9505 32.9249 0 -16.215 0 0.0391755 0
0.951 32.9422 0 -16.2235 0 0.0391962 0
0.9515 32.9595 0 -16.2321 0 0.0392168 0
0.952 32.9769 0 -16.2406 0 0.0392374 0
0.9525 32.9942 0 -16.2491 0 0.039258 0
0.953 33.0115 0 -16.2576 0 0.0392786 0
0.9535 33.0288 0 -16.2662 0 0.0392992 0
0.954 33.0461 0 -16.2747 0 0.0393198 0
0.9545 33.0635 0 -16.2832 0 0.0393404 0
0.955 33.0808 0 -16.2918 0 0.039361 0
0.9555 33.0981 0 -16.3003 0 0.0393816 0
0.956 33.1154 0 -16.3088 0 0.0394022 0
0.9565 33.1327 0 -16.3174 0 0.0394228 0
0.957 33.1501 0 -16.3259 0 0.0394434 0
0.9575 33.1674 0 -16.3344 0 0.0394641 0
0.958 33.1847 0 -16.3429 0 0.0394847 0
0.9585 33.202 0 -16.3515 0 0.0395053 0
0.959 33.2193 0 -16.36 0 0.0395259 0
0.9595 33.2367 0 -16.3685 0 0.0395465 0
0.96 33.254 0 -16.3771 0 0.0395671 0
0.9605 33.2713 0 -16.3856 0 0.0395877 0
0.961 33.2886 0 -16.3941 0 0.0396083 0
0.9615 33.3059 0 -16.4026 0 0.0396289 0
0.962 33.3233 0 -16.4112 0 0.0396495 0
0.9625 33.3406 0 -16.4197 0 0.0396701 0
0.963 33.3579 0 -16.4282 0 0.0396907 0
0.9635 33.3752 0 -16.4368 0 0.0397113 0
0.964 33.3925 0 -16.4453 0 0.039732 0
0.9645 33.4098 0 -16.4538 0 0.0397526 0
0.965 33.4272 0 -16.4624 0 0.0397732 0
0.9655 33.4445 0 -16.4709 0 0.0397938 0
0.966 33.4618 0 -16.4794 0 0.0398144 0
0.9665 33.4791 0 -16.4879 0 0.039835 0
0.967 33.4964 0 -16.4965 0 0.0398556 0
0.9675 33.5138 0 -16.505 0 0.0398762 0
0.968 33.5311 0 -16.5135 0 0.0398968 0
0.9685 33.5484 0 -16.5221 0 0.0399174 0
0.969 33.5657 0 -16.5306 0 0.039938 0
0.9695 33.583 0 -16.5391 0 0.0399586 0
0.97 33.6004 0 -16.5477 0 0.0399792 0
0.9705 33.6177 0 -16.5562 0 0.0399999 0
0.971 33.635 0 -16.5647 0 0.0400205 0
0.9715 33.6523 0 -16.5732 0 0.0400411 0
0.972 33.6696 0 -16.5818 0 0.0400617 0
0.9725 33.687 0 -16.5903 0 0.0400823 0
0.973 33.7043 0 -16.5988 0 0.0401029 0
0.9735 33.7216 0 -16.6074 0 0.0401235 0
0.974 33.7389 0 -16.6159 0 0.0401441 0
0.9745 33.7562 0 -16.6244 0 0.0401647 0
0.975 33.7736 0 -16.633 0 0.0401853 0
0.9755 33.7909 0 -16.6415 0 0.0402059 0
0.976 33.8082 0 -16.65 0 0.0402265 0
0.9765 33.8255 0 -16.6585 0 0.0402472 0
0.977 33.8428 0 -16.6671 0 0.0402678 0
0.9775 33.8602 0 -16.6756 0 0.0402884 0
0.978 33.8775 0 -16.6841 0 0.040309 0
0.9785 33.8948 0 -16.6927 0 0.0403296 0
0.979 33.9121 0 -16.7012 0 0.0403502 0
0.9795 33.9294 0 -16.7097 0 0.0403708 0
0.98 33.9468 0 -16.7182 0 0.0403914 0
0.9805 33.9641 0 -16.7268 0 0.040412 0
0.981 33.9814 0 -16.7353 0 0.0404326 0
0.9815 33.9987 0 -16.7438 0 0.0404532 0
0.982 34.016 0 -16.7524 0 0.0404738 0
0.9825 34.0334 0 -16.7609 0 0.0404944 0
0.983 34.0507 0 -16.7694 0 0.0405151 0
0.9835 34.068 0 -16.778 0 0.0405357 0
0.984 34.0853 0 -16.7865 0 0.0405563 0
0.9845 34.1026 0 -16.795 0 0.0405769 0
0.985 34.12 0 -16.8035 0 0.0405975 0
0.9855 34.1373 0 -16.8121 0 0.0406181 0
0.986 34.1546 0 -16.8206 0 0.0406387 0
0.9865 34.1719 0 -16.8291 0 0.0406593 0
0.987 34.1892 0 -16.8377 0 0.0406799 0
0.9875 34.2066 0 -16.8462 0 0.0407005 0
0.988 34.2239 0 -16.8547 0 0.0407211 0
0.9885 34.2412 0 -16.8633 0 0.0407417 0
0.989 34.2585 0 -16.8718 0 0.0407623 0
0.9895 34.2758 0 -16.8803 0 0.040783 0
0.99 34.2932 0 -16.8888 0 0.0408036 0
0.9905 34.3105 0 -16.8974 0 0.0408242 0
0.991 34.3278 0 -16.9059 0 0.0408448 0
0.9915 34.3451 0 -16.9144 0 0.0408654 0
0.992 34.3624 0 -16.923 0 0.040886 0
0.9925 34.3798 0 -16.9315 0 0.0409066 0
0.993 34.3971 0 -16.94 0 0.0409272 0
0.9935 34.4144 0 -16.9486 0 0.0409478 0
0.994 34.4317 0 -16.9571 0 0.0409684 0
0.9945 34.449 0 -16.9656 0 0.040989 0
0.995 34.4664 0 -16.9741 0 0.0410096 0
0.9955 34.4837 0 -16.9827 0 0.0410302 0
0.996 34.501 0 -16.9912 0 0.0410509 0
0.9965 34.5183 0 -16.9997 0 0.0410715 0
0.997 34.5356 0 -17.0083 0 0.0410921 0
0.9975 34.553 0 -17.0168 0 0.0411127 0
0.998 34.5703 0 -17.0253 0 0.0411333 0
0.9985 34.5876 0 -17.0338 0 0.0411539 0
0.999 34.6049 0 -17.0424 0 0.0411745 0
0.9995 34.6222 0 -17.0509 0 0.0411951 0
1 34.6396 0 -17.0594 0 0.0412157 0
