0.0005 0.000574151 0 0.00351438 0 7.38412e-12 0
0.001 0.0011483 0 0.00702876 0 1.47682e-11 0
0.0015 0.00172245 0 0.0105431 0 2.21524e-11 0
0.002 0.0022966 0 0.0140575 0 2.95365e-11 0
0.0025 0.00287076 0 0.0175719 0 3.69206e-11 0
0.003 0.00344491 0 0.0210863 0 4.43047e-11 0
0.0035 0.00401906 0 0.0246006 0 5.16888e-11 0
0.004 0.00459321 0 0.028115 0 5.90729e-11 0
0.0045 0.00516736 0 0.0316294 0 6.64571e-11 0
0.005 0.00574151 0 0.0351438 0 7.38412e-11 0
0.0055 0.00631566 0 0.0386582 0 8.12253e-11 0
0.006 0.00688981 0 0.0421725 0 8.86094e-11 0
0.0065 0.00746396 0 0.0456869 0 9.59935e-11 0
0.007 0.00803811 0 0.0492013 0 1.03378e-10 0
0.0075 0.00861227 0 0.0527157 0 1.10762e-10 0
0.008 0.00918642 0 0.05623 0 1.18146e-10 0
0.0085 0.00976057 0 0.0597444 0 1.2553e-10 0
0.009 0.0103347 0 0.0632588 0 1.32914e-10 0
0.0095 0.0109089 0 0.0667732 0 1.40298e-10 0
0.01 0.011483 0 0.0702876 0 1.47682e-10 0
0.0105 0.0120572 0 0.0738019 0 1.55066e-10 0
0.011 0.0126313 0 0.0773163 0 1.62451e-10 0
0.0115 0.0132055 0 0.0808307 0 1.69835e-10 0
0.012 0.0137796 0 0.0843451 0 1.77219e-10 0
0.0125 0.0143538 0 0.0878594 0 1.84603e-10 0
0.013 0.0149279 0 0.0913738 0 1.91987e-10 0
0.0135 0.0155021 0 0.0948882 0 1.99371e-10 0
0.014 0.0160762 0 0.0984026 0 2.06755e-10 0
0.0145 0.0166504 0 0.101917 0 2.14139e-10 0
0.015 0.0172245 0 0.105431 0 2.21524e-10 0
0.0155 0.0177987 0 0.108946 0 2.28908e-10 0
0.016 0.0183728 0 0.11246 0 2.36292e-10 0
0.0165 0.018947 0 0.115974 0 2.43676e-10 0
0.017 0.0195211 0 0.119489 0 2.5106e-10 0
0.0175 0.0200953 0 0.123003 0 2.58444e-10 0
0.018 0.0206694 0 0.126518 0 2.65828e-10 0
0.0185 0.0212436 0 0.130032 0 2.73212e-10 0
0.019 0.0218177 0 0.133546 0 2.80596e-10 0
0.0195 0.0223919 0 0.137061 0 2.87981e-10 0
0.02 0.022966 0 0.140575 0 2.95365e-10 0
0.0205 0.0235402 0 0.144089 0 3.02749e-10 0
0.021 0.0241143 0 0.147604 0 3.10133e-10 0
0.0215 0.0246885 0 0.151118 0 3.17517e-10 0
0.022 0.0252626 0 0.154633 0 3.24901e-10 0
0.0225 0.0258368 0 0.158147 0 3.32285e-10 0
0.023 0.0264109 0 0.161661 0 3.39669e-10 0
0.0235 0.0269851 0 0.165176 0 3.47054e-10 0
0.024 0.0275592 0 0.16869 0 3.54438e-10 0
0.0245 0.0281334 0 0.172204 0 3.61822e-10 0
0.025 0.0287076 0 0.175719 0 3.69206e-10 0
0.0255 0.0292817 0 0.179233 0 3.7659e-10 0
0.026 0.0298559 0 0.182748 0 3.83974e-10 0
0.0265 0.03043 0 0.186262 0 3.91358e-10 0
0.027 0.0310042 0 0.189776 0 3.98742e-10 0
0.0275 0.0315783 0 0.193291 0 4.06126e-10 0
0.028 0.0321525 0 0.196805 0 4.13511e-10 0
0.0285 0.0327266 0 0.20032 0 4.20895e-10 0
0.029 0.0333008 0 0.203834 0 4.28279e-10 0
0.0295 0.0338749 0 0.207348 0 4.35663e-10 0
0.03 0.0344491 0 0.210863 0 4.43047e-10 0
0.0305 0.0350232 0 0.214377 0 4.50431e-10 0
0.031 0.0355974 0 0.217891 0 4.57815e-10 0
0.0315 0.0361715 0 0.221406 0 4.65199e-10 0
0.032 0.0367457 0 0.22492 0 4.72584e-10 0
0.0325 0.0373198 0 0.228435 0 4.79968e-10 0
0.033 0.037894 0 0.231949 0 4.87352e-10 0
0.0335 0.0384681 0 0.235463 0 4.94736e-10 0
0.034 0.0390423 0 0.238978 0 5.0212e-10 0
0.0345 0.0396164 0 0.242492 0 5.09504e-10 0
0.035 0.0401906 0 0.246006 0 5.16888e-10 0
0.0355 0.0407647 0 0.249521 0 5.24272e-10 0
0.036 0.0413389 0 0.253035 0 5.31656e-10 0
0.0365 0.041913 0 0.25655 0 5.39041e-10 0
0.037 0.0424872 0 0.260064 0 5.46425e-10 0
0.0375 0.0430613 0 0.263578 0 5.53809e-10 0
0.038 0.0436355 0 0.267093 0 5.61193e-10 0
0.0385 0.0442096 0 0.270607 0 5.68577e-10 0
0.039 0.0447838 0 0.274121 0 5.75961e-10 0
0.0395 0.0453579 0 0.277636 0 5.83345e-10 0
0.04 0.0459321 0 0.28115 0 5.90729e-10 0
0.0405 0.0465062 0 0.284665 0 5.98114e-10 0
0.041 0.0470804 0 0.288179 0 6.05498e-10 0
0.0415 0.0476545 0 0.291693 0 6.12882e-10 0
0.042 0.0482287 0 0.295208 0 6.20266e-10 0
0.0425 0.0488028 0 0.298722 0 6.2765e-10 0
0.043 0.049377 0 0.302236 0 6.35034e-10 0
0.0435 0.0499511 0 0.305751 0 6.42418e-10 0
0.044 0.0505253 0 0.309265 0 6.49802e-10 0
0.0445 0.0510994 0 0.31278 0 6.57186e-10 0
0.045 0.0516736 0 0.316294 0 6.64571e-10 0
0.0455 0.0522477 0 0.319808 0 6.71955e-10 0
0.046 0.0528219 0 0.323323 0 6.79339e-10 0
0.0465 0.053396 0 0.326837 0 6.86723e-10 0
0.047 0.0539702 0 0.330351 0 6.94107e-10 0
0.0475 0.0545443 0 0.333866 0 7.01491e-10 0
0.048 0.0551185 0 0.33738 0 7.08875e-10 0
0.0485 0.0556926 0 0.340895 0 7.16259e-10 0
0.049 0.0562668 0 0.344409 0 7.23644e-10 0
0.0495 0.056841 0 0.347923 0 7.31028e-10 0
0.05 0.0574151 0 0.351438 0 7.38412e-10 0
0.0505 0.0579893 0 0.354952 0 7.45796e-10 0
0.051 0.0585634 0 0.358467 0 7.5318e-10 0
0.0515 0.0591376 0 0.361981 0 7.60564e-10 0
0.052 0.0597117 0 0.365495 0 7.67948e-10 0
0.0525 0.0602859 0 0.36901 0 7.75332e-10 0
0.053 0.06086 0 0.372524 0 7.82716e-10 0
0.0535 0.0614342 0 0.376038 0 7.90101e-10 0
0.054 0.0620083 0 0.379553 0 7.97485e-10 0
0.0545 0.0625825 0 0.383067 0 8.04869e-10 0
0.055 0.0631566 0 0.386582 0 8.12253e-10 0
0.0555 0.0637308 0 0.390096 0 8.19637e-10 0
0.056 0.0643049 0 0.39361 0 8.27021e-10 0
0.0565 0.0648791 0 0.397125 0 8.34405e-10 0
0.057 0.0654532 0 0.400639 0 8.41789e-10 0
0.0575 0.0660274 0 0.404153 0 8.49174e-10 0
0.058 0.0666015 0 0.407668 0 8.56558e-10 0
0.0585 0.0671757 0 0.411182 0 8.63942e-10 0
0.059 0.0677498 0 0.414697 0 8.71326e-10 0
0.0595 0.068324 0 0.418211 0 8.7871e-10 0
0.06 0.0688981 0 0.421725 0 8.86094e-10 0
0.0605 0.0694723 0 0.42524 0 8.93478e-10 0
0.061 0.0700464 0 0.428754 0 9.00862e-10 0
0.0615 0.0706206 0 0.432268 0 9.08246e-10 0
0.062 0.0711947 0 0.435783 0 9.15631e-10 0
0.0625 0.0717689 0 0.439297 0 9.23015e-10 0
0.063 0.072343 0 0.442812 0 9.30399e-10 0
0.0635 0.0729172 0 0.446326 0 9.37783e-10 0
0.064 0.0734913 0 0.44984 0 9.45167e-10 0
0.0645 0.0740655 0 0.453355 0 9.52551e-10 0
0.065 0.0746396 0 0.456869 0 9.59935e-10 0
0.0655 0.0752138 0 0.460383 0 9.67319e-10 0
0.066 0.0757879 0 0.463898 0 9.74704e-10 0
0.0665 0.0763621 0 0.467412 0 9.82088e-10 0
0.067 0.0769362 0 0.470927 0 9.89472e-10 0
0.0675 0.0775104 0 0.474441 0 9.96856e-10 0
0.068 0.0780845 0 0.477955 0 1.00424e-09 0
0.0685 0.0786587 0 0.48147 0 1.01162e-09 0
0.069 0.0792328 0 0.484984 0 1.01901e-09 0
0.0695 0.079807 0 0.488498 0 1.02639e-09 0
0.07 0.0803811 0 0.492013 0 1.03378e-09 0
0.0705 0.0809553 0 0.495527 0 1.04116e-09 0
0.071 0.0815294 0 0.499042 0 1.04854e-09 0
0.0715 0.0821036 0 0.502556 0 1.05593e-09 0
0.072 0.0826777 0 0.50607 0 1.06331e-09 0
0.0725 0.0832519 0 0.509585 0 1.0707e-09 0
0.073 0.0838261 0 0.513099 0 1.07808e-09 0
0.0735 0.0844002 0 0.516613 0 1.08547e-09 0
0.074 0.0849744 0 0.520128 0 1.09285e-09 0
0.0745 0.0855485 0 0.523642 0 1.10023e-09 0
0.075 0.0861227 0 0.527157 0 1.10762e-09 0
0.0755 0.0866968 0 0.530671 0 1.115e-09 0
0.076 0.087271 0 0.534185 0 1.12239e-09 0
0.0765 0.0878451 0 0.5377 0 1.12977e-09 0
0.077 0.0884193 0 0.541214 0 1.13715e-09 0
0.0775 0.0889934 0 0.544729 0 1.14454e-09 0
0.078 0.0895676 0 0.548243 0 1.15192e-09 0
0.0785 0.0901417 0 0.551757 0 1.15931e-09 0
0.079 0.0907159 0 0.555272 0 1.16669e-09 0
0.0795 0.09129 0 0.558786 0 1.17407e-09 0
0.08 0.0918642 0 0.5623 0 1.18146e-09 0
0.0805 0.0924383 0 0.565815 0 1.18884e-09 0
0.081 0.0930125 0 0.569329 0 1.19623e-09 0
0.0815 0.0935866 0 0.572844 0 1.20361e-09 0
0.082 0.0941608 0 0.576358 0 1.211e-09 0
0.0825 0.0947349 0 0.579872 0 1.21838e-09 0
0.083 0.0953091 0 0.583387 0 1.22576e-09 0
0.0835 0.0958832 0 0.586901 0 1.23315e-09 0
0.084 0.0964574 0 0.590415 0 1.24053e-09 0
0.0845 0.0970315 0 0.59393 0 1.24792e-09 0
0.085 0.0976057 0 0.597444 0 1.2553e-09 0
0.0855 0.0981798 0 0.600959 0 1.26268e-09 0
0.086 0.098754 0 0.604473 0 1.27007e-09 0
0.0865 0.0993281 0 0.607987 0 1.27745e-09 0
0.087 0.0999023 0 0.611502 0 1.28484e-09 0
0.0875 0.100476 0 0.615016 0 1.29222e-09 0
0.088 0.101051 0 0.61853 0 1.2996e-09 0
0.0885 0.101625 0 0.622045 0 1.30699e-09 0
0.089 0.102199 0 0.625559 0 1.31437e-09 0
0.0895 0.102773 0 0.629074 0 1.32176e-09 0
0.09 0.103347 0 0.632588 0 1.32914e-09 0
0.0905 0.103921 0 0.636102 0 1.33653e-09 0
0.091 0.104495 0 0.639617 0 1.34391e-09 0
0.0915 0.10507 0 0.643131 0 1.35129e-09 0
0.092 0.105644 0 0.646645 0 1.35868e-09 0
0.0925 0.106218 0 0.65016 0 1.36606e-09 0
0.093 0.106792 0 0.653674 0 1.37345e-09 0
0.0935 0.107366 0 0.657189 0 1.38083e-09 0
0.094 0.10794 0 0.660703 0 1.38821e-09 0
0.0945 0.108515 0 0.664217 0 1.3956e-09 0
0.095 0.109089 0 0.667732 0 1.40298e-09 0
0.0955 0.109663 0 0.671246 0 1.41037e-09 0
0.096 0.110237 0 0.67476 0 1.41775e-09 0
0.0965 0.110811 0 0.678275 0 1.42513e-09 0
0.097 0.111385 0 0.681789 0 1.43252e-09 0
0.0975 0.111959 0 0.685304 0 1.4399e-09 0
0.098 0.112534 0 0.688818 0 1.44729e-09 0
0.0985 0.113108 0 0.692332 0 1.45467e-09 0
0.099 0.113682 0 0.695847 0 1.46206e-09 0
0.0995 0.114256 0 0.699361 0 1.46944e-09 0
0.1 0.11483 0 0.702876 0 1.47682e-09 0
0.1005 0.115404 0 0.70639 0 1.48421e-09 0
0.101 0.115979 0 0.709904 0 1.49159e-09 0
0.1015 0.116553 0 0.713419 0 1.49898e-09 0
0.102 0.117127 0 0.716933 0 1.50636e-09 0
0.1025 0.117701 0 0.720447 0 1.51374e-09 0
0.103 0.118275 0 0.723962 0 1.52113e-09 0
0.1035 0.118849 0 0.727476 0 1.52851e-09 0
0.104 0.119423 0 0.730991 0 1.5359e-09 0
0.1045 0.119998 0 0.734505 0 1.54328e-09 0
0.105 0.120572 0 0.738019 0 1.55066e-09 0
0.1055 0.121146 0 0.741534 0 1.55805e-09 0
0.106 0.12172 0 0.745048 0 1.56543e-09 0
0.1065 0.122294 0 0.748562 0 1.57282e-09 0
0.107 0.122868 0 0.752077 0 1.5802e-09 0
0.1075 0.123442 0 0.755591 0 1.58759e-09 0
0.108 0.124017 0 0.759106 0 1.59497e-09 0
0.1085 0.124591 0 0.76262 0 1.60235e-09 0
0.109 0.125165 0 0.766134 0 1.60974e-09 0
0.1095 0.125739 0 0.769649 0 1.61712e-09 0
0.11 0.126313 0 0.773163 0 1.62451e-09 0
0.1105 0.126887 0 0.776677 0 1.63189e-09 0
0.111 0.127462 0 0.780192 0 1.63927e-09 0
0.1115 0.128036 0 0.783706 0 1.64666e-09 0
0.112 0.12861 0 0.787221 0 1.65404e-09 0
0.1125 0.129184 0 0.790735 0 1.66143e-09 0
0.113 0.129758 0 0.794249 0 1.66881e-09 0
0.1135 0.130332 0 0.797764 0 1.67619e-09 0
0.114 0.130906 0 0.801278 0 1.68358e-09 0
0.1145 0.131481 0 0.804792 0 1.69096e-09 0
0.115 0.132055 0 0.808307 0 1.69835e-09 0
0.1155 0.132629 0 0.811821 0 1.70573e-09 0
0.116 0.133203 0 0.815336 0 1.71312e-09 0
0.1165 0.133777 0 0.81885 0 1.7205e-09 0
0.117 0.134351 0 0.822364 0 1.72788e-09 0
0.1175 0.134925 0 0.825879 0 1.73527e-09 0
0.118 0.1355 0 0.829393 0 1.74265e-09 0
0.1185 0.136074 0 0.832907 0 1.75004e-09 0
0.119 0.136648 0 0.836422 0 1.75742e-09 0
0.1195 0.137222 0 0.839936 0 1.7648e-09 0
0.12 0.137796 0 0.843451 0 1.77219e-09 0
0.1205 0.13837 0 0.846965 0 1.77957e-09 0
0.121 0.138945 0 0.850479 0 1.78696e-09 0
0.1215 0.139519 0 0.853994 0 1.79434e-09 0
0.122 0.140093 0 0.857508 0 1.80172e-09 0
0.1225 0.140667 0 0.861022 0 1.80911e-09 0
0.123 0.141241 0 0.864537 0 1.81649e-09 0
0.1235 0.141815 0 0.868051 0 1.82388e-09 0
0.124 0.142389 0 0.871566 0 1.83126e-09 0
0.1245 0.142964 0 0.87508 0 1.83865e-09 0
0.125 0.143538 0 0.878594 0 1.84603e-09 0
0.1255 0.144112 0 0.882109 0 1.85341e-09 0
0.126 0.144686 0 0.885623 0 1.8608e-09 0
0.1265 0.14526 0 0.889138 0 1.86818e-09 0
0.127 0.145834 0 0.892652 0 1.87557e-09 0
0.1275 0.146409 0 0.896166 0 1.88295e-09 0
0.128 0.146983 0 0.899681 0 1.89033e-09 0
0.1285 0.147557 0 0.903195 0 1.89772e-09 0
0.129 0.148131 0 0.906709 0 1.9051e-09 0
0.1295 0.148705 0 0.910224 0 1.91249e-09 0
0.13 0.149279 0 0.913738 0 1.91987e-09 0
0.1305 0.149853 0 0.917253 0 1.92725e-09 0
0.131 0.150428 0 0.920767 0 1.93464e-09 0
0.1315 0.151002 0 0.924281 0 1.94202e-09 0
0.132 0.151576 0 0.927796 0 1.94941e-09 0
0.1325 0.15215 0 0.93131 0 1.95679e-09 0
0.133 0.152724 0 0.934824 0 1.96418e-09 0
0.1335 0.153298 0 0.938339 0 1.97156e-09 0
0.134 0.153872 0 0.941853 0 1.97894e-09 0
0.1345 0.154447 0 0.945368 0 1.98633e-09 0
0.135 0.155021 0 0.948882 0 1.99371e-09 0
0.1355 0.155595 0 0.952396 0 2.0011e-09 0
0.136 0.156169 0 0.955911 0 2.00848e-09 0
0.1365 0.156743 0 0.959425 0 2.01586e-09 0
0.137 0.157317 0 0.962939 0 2.02325e-09 0
0.1375 0.157892 0 0.966454 0 2.03063e-09 0
0.138 0.158466 0 0.969968 0 2.03802e-09 0
0.1385 0.15904 0 0.973483 0 2.0454e-09 0
0.139 0.159614 0 0.976997 0 2.05278e-09 0
0.1395 0.160188 0 0.980511 0 2.06017e-09 0
0.14 0.160762 0 0.984026 0 2.06755e-09 0
0.1405 0.161336 0 0.98754 0 2.07494e-09 0
0.141 0.161911 0 0.991054 0 2.08232e-09 0
0.1415 0.162485 0 0.994569 0 2.08971e-09 0
0.142 0.163059 0 0.998083 0 2.09709e-09 0
0.1425 0.163633 0 1.0016 0 2.10447e-09 0
0.143 0.164207 0 1.00511 0 2.11186e-09 0
0.1435 0.164781 0 1.00863 0 2.11924e-09 0
0.144 0.165355 0 1.01214 0 2.12663e-09 0
0.1445 0.16593 0 1.01566 0 2.13401e-09 0
0.145 0.166504 0 1.01917 0 2.14139e-09 0
0.1455 0.167078 0 1.02268 0 2.14878e-09 0
0.146 0.167652 0 1.0262 0 2.15616e-09 0
0.1465 0.168226 0 1.02971 0 2.16355e-09 0
0.147 0.1688 0 1.03323 0 2.17093e-09 0
0.1475 0.169375 0 1.03674 0 2.17831e-09 0
0.148 0.169949 0 1.04026 0 2.1857e-09 0
0.1485 0.170523 0 1.04377 0 2.19308e-09 0
0.149 0.171097 0 1.04728 0 2.20047e-09 0
0.1495 0.171671 0 1.0508 0 2.20785e-09 0
0.15 0.172245 0 1.05431 0 2.21524e-09 0
0.1505 0.172819 0 1.05783 0 2.22262e-09 0
0.151 0.173394 0 1.06134 0 2.23e-09 0
0.1515 0.173968 0 1.06486 0 2.23739e-09 0
0.152 0.174542 0 1.06837 0 2.24477e-09 0
0.1525 0.175116 0 1.07189 0 2.25216e-09 0
0.153 0.17569 0 1.0754 0 2.25954e-09 0
0.1535 0.176264 0 1.07891 0 2.26692e-09 0
0.154 0.176839 0 1.08243 0 2.27431e-09 0
0.1545 0.177413 0 1.08594 0 2.28169e-09 0
0.155 0.177987 0 1.08946 0 2.28908e-09 0
0.1555 0.178561 0 1.09297 0 2.29646e-09 0
0.156 0.179135 0 1.09649 0 2.30384e-09 0
0.1565 0.179709 0 1.1 0 2.31123e-09 0
0.157 0.180283 0 1.10351 0 2.31861e-09 0
0.1575 0.180858 0 1.10703 0 2.326e-09 0
0.158 0.181432 0 1.11054 0 2.33338e-09 0
0.1585 0.182006 0 1.11406 0 2.34077e-09 0
0.159 0.18258 0 1.11757 0 2.34815e-09 0
0.1595 0.183154 0 1.12109 0 2.35553e-09 0
0.16 0.183728 0 1.1246 0 2.36292e-09 0
0.1605 0.184302 0 1.12812 0 2.3703e-09 0
0.161 0.184877 0 1.13163 0 2.37769e-09 0
0.1615 0.185451 0 1.13514 0 2.38507e-09 0
0.162 0.186025 0 1.13866 0 2.39245e-09 0
0.1625 0.186599 0 1.14217 0 2.39984e-09 0
0.163 0.187173 0 1.14569 0 2.40722e-09 0
0.1635 0.187747 0 1.1492 0 2.41461e-09 0
0.164 0.188322 0 1.15272 0 2.42199e-09 0
0.1645 0.188896 0 1.15623 0 2.42937e-09 0
0.165 0.18947 0 1.15974 0 2.43676e-09 0
0.1655 0.190044 0 1.16326 0 2.44414e-09 0
0.166 0.190618 0 1.16677 0 2.45153e-09 0
0.1665 0.191192 0 1.17029 0 2.45891e-09 0
0.167 0.191766 0 1.1738 0 2.4663e-09 0
0.1675 0.192341 0 1.17732 0 2.47368e-09 0
0.168 0.192915 0 1.18083 0 2.48106e-09 0
0.1685 0.193489 0 1.18435 0 2.48845e-09 0
0.169 0.194063 0 1.18786 0 2.49583e-09 0
0.1695 0.194637 0 1.19137 0 2.50322e-09 0
0.17 0.195211 0 1.19489 0 2.5106e-09 0
0.1705 0.195786 0 1.1984 0 2.51798e-09 0
0.171 0.19636 0 1.20192 0 2.52537e-09 0
0.1715 0.196934 0 1.20543 0 2.53275e-09 0
0.172 0.197508 0 1.20895 0 2.54014e-09 0
0.1725 0.198082 0 1.21246 0 2.54752e-09 0
0.173 0.198656 0 1.21597 0 2.5549e-09 0
0.1735 0.19923 0 1.21949 0 2.56229e-09 0
0.174 0.199805 0 1.223 0 2.56967e-09 0
0.1745 0.200379 0 1.22652 0 2.57706e-09 0
0.175 0.200953 0 1.23003 0 2.58444e-09 0
0.1755 0.201527 0 1.23355 0 2.59183e-09 0
0.176 0.202101 0 1.23706 0 2.59921e-09 0
0.1765 0.202675 0 1.24058 0 2.60659e-09 0
0.177 0.203249 0 1.24409 0 2.61398e-09 0
0.1775 0.203824 0 1.2476 0 2.62136e-09 0
0.178 0.204398 0 1.25112 0 2.62875e-09 0
0.1785 0.204972 0 1.25463 0 2.63613e-09 0
0.179 0.205546 0 1.25815 0 2.64351e-09 0
0.1795 0.20612 0 1.26166 0 2.6509e-09 0
0.18 0.206694 0 1.26518 0 2.65828e-09 0
0.1805 0.207269 0 1.26869 0 2.66567e-09 0
0.181 0.207843 0 1.2722 0 2.67305e-09 0
0.1815 0.208417 0 1.27572 0 2.68043e-09 0
0.182 0.208991 0 1.27923 0 2.68782e-09 0
0.1825 0.209565 0 1.28275 0 2.6952e-09 0
0.183 0.210139 0 1.28626 0 2.70259e-09 0
0.1835 0.210713 0 1.28978 0 2.70997e-09 0
0.184 0.211288 0 1.29329 0 2.71736e-09 0
0.1845 0.211862 0 1.29681 0 2.72474e-09 0
0.185 0.212436 0 1.30032 0 2.73212e-09 0
0.1855 0.21301 0 1.30383 0 2.73951e-09 0
0.186 0.213584 0 1.30735 0 2.74689e-09 0
0.1865 0.214158 0 1.31086 0 2.75428e-09 0
0.187 0.214732 0 1.31438 0 2.76166e-09 0
0.1875 0.215307 0 1.31789 0 2.76904e-09 0
0.188 0.215881 0 1.32141 0 2.77643e-09 0
0.1885 0.216455 0 1.32492 0 2.78381e-09 0
0.189 0.217029 0 1.32843 0 2.7912e-09 0
0.1895 0.217603 0 1.33195 0 2.79858e-09 0
0.19 0.218177 0 1.33546 0 2.80596e-09 0
0.1905 0.218752 0 1.33898 0 2.81335e-09 0
0.191 0.219326 0 1.34249 0 2.82073e-09 0
0.1915 0.2199 0 1.34601 0 2.82812e-09 0
0.192 0.220474 0 1.34952 0 2.8355e-09 0
0.1925 0.221048 0 1.35304 0 2.84289e-09 0
0.193 0.221622 0 1.35655 0 2.85027e-09 0
0.1935 0.222196 0 1.36006 0 2.85765e-09 0
0.194 0.222771 0 1.36358 0 2.86504e-09 0
0.1945 0.223345 0 1.36709 0 2.87242e-09 0
0.195 0.223919 0 1.37061 0 2.87981e-09 0
0.1955 0.224493 0 1.37412 0 2.88719e-09 0
0.196 0.225067 0 1.37764 0 2.89457e-09 0
0.1965 0.225641 0 1.38115 0 2.90196e-09 0
0.197 0.226216 0 1.38466 0 2.90934e-09 0
0.1975 0.22679 0 1.38818 0 2.91673e-09 0
0.198 0.227364 0 1.39169 0 2.92411e-09 0
0.1985 0.227938 0 1.39521 0 2.93149e-09 0
0.199 0.228512 0 1.39872 0 2.93888e-09 0
0.1995 0.229086 0 1.40224 0 2.94626e-09 0
0.2 0.22966 0 1.40575 0 2.95365e-09 0
0.2005 0.230235 0 1.40927 0 2.96103e-09 0
0.201 0.230809 0 1.41278 0 2.96842e-09 0
0.2015 0.231383 0 1.41629 0 2.9758e-09 0
0.202 0.231957 0 1.41981 0 2.98318e-09 0
0.2025 0.232531 0 1.42332 0 2.99057e-09 0
0.203 0.233105 0 1.42684 0 2.99795e-09 0
0.2035 0.233679 0 1.43035 0 3.00534e-09 0
0.204 0.234254 0 1.43387 0 3.01272e-09 0
0.2045 0.234828 0 1.43738 0 3.0201e-09 0
0.205 0.235402 0 1.44089 0 3.02749e-09 0
0.2055 0.235976 0 1.44441 0 3.03487e-09 0
0.206 0.23655 0 1.44792 0 3.04226e-09 0
0.2065 0.237124 0 1.45144 0 3.04964e-09 0
0.207 0.237699 0 1.45495 0 3.05702e-09 0
0.2075 0.238273 0 1.45847 0 3.06441e-09 0
0.208 0.238847 0 1.46198 0 3.07179e-09 0
0.2085 0.239421 0 1.4655 0 3.07918e-09 0
0.209 0.239995 0 1.46901 0 3.08656e-09 0
0.2095 0.240569 0 1.47252 0 3.09395e-09 0
0.21 0.241143 0 1.47604 0 3.10133e-09 0
0.2105 0.241718 0 1.47955 0 3.10871e-09 0
0.211 0.242292 0 1.48307 0 3.1161e-09 0
0.2115 0.242866 0 1.48658 0 3.12348e-09 0
0.212 0.24344 0 1.4901 0 3.13087e-09 0
0.2125 0.244014 0 1.49361 0 3.13825e-09 0
0.213 0.244588 0 1.49712 0 3.14563e-09 0
0.2135 0.245162 0 1.50064 0 3.15302e-09 0
0.214 0.245737 0 1.50415 0 3.1604e-09 0
0.2145 0.246311 0 1.50767 0 3.16779e-09 0
0.215 0.246885 0 1.51118 0 3.17517e-09 0
0.2155 0.247459 0 1.5147 0 3.18255e-09 0
0.216 0.248033 0 1.51821 0 3.18994e-09 0
0.2165 0.248607 0 1.52173 0 3.19732e-09 0
0.217 0.249182 0 1.52524 0 3.20471e-09 0
0.2175 0.249756 0 1.52875 0 3.21209e-09 0
0.218 0.25033 0 1.53227 0 3.21948e-09 0
0.2185 0.250904 0 1.53578 0 3.22686e-09 0
0.219 0.251478 0 1.5393 0 3.23424e-09 0
0.2195 0.252052 0 1.54281 0 3.24163e-09 0
0.22 0.252626 0 1.54633 0 3.24901e-09 0
0.2205 0.253201 0 1.54984 0 3.2564e-09 0
0.221 0.253775 0 1.55335 0 3.26378e-09 0
0.2215 0.254349 0 1.55687 0 3.27116e-09 0
0.222 0.254923 0 1.56038 0 3.27855e-09 0
0.2225 0.255497 0 1.5639 0 3.28593e-09 0
0.223 0.256071 0 1.56741 0 3.29332e-09 0
0.2235 0.256646 0 1.57093 0 3.3007e-09 0
0.224 0.25722 0 1.57444 0 3.30808e-09 0
0.2245 0.257794 0 1.57796 0 3.31547e-09 0
0.225 0.258368 0 1.58147 0 3.32285e-09 0
0.2255 0.258942 0 1.58498 0 3.33024e-09 0
0.226 0.259516 0 1.5885 0 3.33762e-09 0
0.2265 0.26009 0 1.59201 0 3.34501e-09 0
0.227 0.260665 0 1.59553 0 3.35239e-09 0
0.2275 0.261239 0 1.59904 0 3.35977e-09 0
0.228 0.261813 0 1.60256 0 3.36716e-09 0
0.2285 0.262387 0 1.60607 0 3.37454e-09 0
0.229 0.262961 0 1.60958 0 3.38193e-09 0
0.2295 0.263535 0 1.6131 0 3.38931e-09 0
0.23 0.264109 0 1.61661 0 3.39669e-09 0
0.2305 0.264684 0 1.62013 0 3.40408e-09 0
0.231 0.265258 0 1.62364 0 3.41146e-09 0
0.2315 0.265832 0 1.62716 0 3.41885e-09 0
0.232 0.266406 0 1.63067 0 3.42623e-09 0
0.2325 0.26698 0 1.63419 0 3.43361e-09 0
0.233 0.267554 0 1.6377 0 3.441e-09 0
0.2335 0.268129 0 1.64121 0 3.44838e-09 0
0.234 0.268703 0 1.64473 0 3.45577e-09 0
0.2345 0.269277 0 1.64824 0 3.46315e-09 0
0.235 0.269851 0 1.65176 0 3.47054e-09 0
0.2355 0.270425 0 1.65527 0 3.47792e-09 0
0.236 0.270999 0 1.65879 0 3.4853e-09 0
0.2365 0.271573 0 1.6623 0 3.49269e-09 0
0.237 0.272148 0 1.66581 0 3.50007e-09 0
0.2375 0.272722 0 1.66933 0 3.50746e-09 0
0.238 0.273296 0 1.67284 0 3.51484e-09 0
0.2385 0.27387 0 1.67636 0 3.52222e-09 0
0.239 0.274444 0 1.67987 0 3.52961e-09 0
0.2395 0.275018 0 1.68339 0 3.53699e-09 0
0.24 0.275592 0 1.6869 0 3.54438e-09 0
0.2405 0.276167 0 1.69042 0 3.55176e-09 0
0.241 0.276741 0 1.69393 0 3.55914e-09 0
0.2415 0.277315 0 1.69744 0 3.56653e-09 0
0.242 0.277889 0 1.70096 0 3.57391e-09 0
0.2425 0.278463 0 1.70447 0 3.5813e-09 0
0.243 0.279037 0 1.70799 0 3.58868e-09 0
0.2435 0.279612 0 1.7115 0 3.59607e-09 0
0.244 0.280186 0 1.71502 0 3.60345e-09 0
0.2445 0.28076 0 1.71853 0 3.61083e-09 0
0.245 0.281334 0 1.72204 0 3.61822e-09 0
0.2455 0.281908 0 1.72556 0 3.6256e-09 0
0.246 0.282482 0 1.72907 0 3.63299e-09 0
0.2465 0.283056 0 1.73259 0 3.64037e-09 0
0.247 0.283631 0 1.7361 0 3.64775e-09 0
0.2475 0.284205 0 1.73962 0 3.65514e-09 0
0.248 0.284779 0 1.74313 0 3.66252e-09 0
0.2485 0.285353 0 1.74665 0 3.66991e-09 0
0.249 0.285927 0 1.75016 0 3.67729e-09 0
0.2495 0.286501 0 1.75367 0 3.68467e-09 0
0.25 0.287076 0 1.75719 0 3.69206e-09 0
0.2505 0.28765 0 1.7607 0 3.69944e-09 0
0.251 0.288224 0 1.76422 0 3.70683e-09 0
0.2515 0.288798 0 1.76773 0 3.71421e-09 0
0.252 0.289372 0 1.77125 0 3.7216e-09 0
0.2525 0.289946 0 1.77476 0 3.72898e-09 0
0.253 0.29052 0 1.77828 0 3.73636e-09 0
0.2535 0.291095 0 1.78179 0 3.74375e-09 0
0.254 0.291669 0 1.7853 0 3.75113e-09 0
0.2545 0.292243 0 1.78882 0 3.75852e-09 0
0.255 0.292817 0 1.79233 0 3.7659e-09 0
0.2555 0.293391 0 1.79585 0 3.77328e-09 0
0.256 0.293965 0 1.79936 0 3.78067e-09 0
0.2565 0.294539 0 1.80288 0 3.78805e-09 0
0.257 0.295114 0 1.80639 0 3.79544e-09 0
0.2575 0.295688 0 1.8099 0 3.80282e-09 0
0.258 0.296262 0 1.81342 0 3.8102e-09 0
0.2585 0.296836 0 1.81693 0 3.81759e-09 0
0.259 0.29741 0 1.82045 0 3.82497e-09 0
0.2595 0.297984 0 1.82396 0 3.83236e-09 0
0.26 0.298559 0 1.82748 0 3.83974e-09 0
0.2605 0.299133 0 1.83099 0 3.84713e-09 0
0.261 0.299707 0 1.83451 0 3.85451e-09 0
0.2615 0.300281 0 1.83802 0 3.86189e-09 0
0.262 0.300855 0 1.84153 0 3.86928e-09 0
0.2625 0.301429 0 1.84505 0 3.87666e-09 0
0.263 0.302003 0 1.84856 0 3.88405e-09 0
0.2635 0.302578 0 1.85208 0 3.89143e-09 0
0.264 0.303152 0 1.85559 0 3.89881e-09 0
0.2645 0.303726 0 1.85911 0 3.9062e-09 0
0.265 0.3043 0 1.86262 0 3.91358e-09 0
0.2655 0.304874 0 1.86613 0 3.92097e-09 0
0.266 0.305448 0 1.86965 0 3.92835e-09 0
0.2665 0.306022 0 1.87316 0 3.93573e-09 0
0.267 0.306597 0 1.87668 0 3.94312e-09 0
0.2675 0.307171 0 1.88019 0 3.9505e-09 0
0.268 0.307745 0 1.88371 0 3.95789e-09 0
0.2685 0.308319 0 1.88722 0 3.96527e-09 0
0.269 0.308893 0 1.89074 0 3.97266e-09 0
0.2695 0.309467 0 1.89425 0 3.98004e-09 0
0.27 0.310042 0 1.89776 0 3.98742e-09 0
0.2705 0.310616 0 1.90128 0 3.99481e-09 0
0.271 0.31119 0 1.90479 0 4.00219e-09 0
0.2715 0.311764 0 1.90831 0 4.00958e-09 0
0.272 0.312338 0 1.91182 0 4.01696e-09 0
0.2725 0.312912 0 1.91534 0 4.02434e-09 0
0.273 0.313486 0 1.91885 0 4.03173e-09 0
0.2735 0.314061 0 1.92236 0 4.03911e-09 0
0.274 0.314635 0 1.92588 0 4.0465e-09 0
0.2745 0.315209 0 1.92939 0 4.05388e-09 0
0.275 0.315783 0 1.93291 0 4.06126e-09 0
0.2755 0.316357 0 1.93642 0 4.06865e-09 0
0.276 0.316931 0 1.93994 0 4.07603e-09 0
0.2765 0.317506 0 1.94345 0 4.08342e-09 0
0.277 0.31808 0 1.94697 0 4.0908e-09 0
0.2775 0.318654 0 1.95048 0 4.09819e-09 0
0.278 0.319228 0 1.95399 0 4.10557e-09 0
0.2785 0.319802 0 1.95751 0 4.11295e-09 0
0.279 0.320376 0 1.96102 0 4.12034e-09 0
0.2795 0.32095 0 1.96454 0 4.12772e-09 0
0.28 0.321525 0 1.96805 0 4.13511e-09 0
0.2805 0.322099 0 1.97157 0 4.14249e-09 0
0.281 0.322673 0 1.97508 0 4.14987e-09 0
0.2815 0.323247 0 1.97859 0 4.15726e-09 0
0.282 0.323821 0 1.98211 0 4.16464e-09 0
0.2825 0.324395 0 1.98562 0 4.17203e-09 0
0.283 0.324969 0 1.98914 0 4.17941e-09 0
0.2835 0.325544 0 1.99265 0 4.18679e-09 0
0.284 0.326118 0 1.99617 0 4.19418e-09 0
0.2845 0.326692 0 1.99968 0 4.20156e-09 0
0.285 0.327266 0 2.0032 0 4.20895e-09 0
0.2855 0.32784 0 2.00671 0 4.21633e-09 0
0.286 0.328414 0 2.01022 0 4.22372e-09 0
0.2865 0.328989 0 2.01374 0 4.2311e-09 0
0.287 0.329563 0 2.01725 0 4.23848e-09 0
0.2875 0.330137 0 2.02077 0 4.24587e-09 0
0.288 0.330711 0 2.02428 0 4.25325e-09 0
0.2885 0.331285 0 2.0278 0 4.26064e-09 0
0.289 0.331859 0 2.03131 0 4.26802e-09 0
0.2895 0.332433 0 2.03482 0 4.2754e-09 0
0.29 0.333008 0 2.03834 0 4.28279e-09 0
0.2905 0.333582 0 2.04185 0 4.29017e-09 0
0.291 0.334156 0 2.04537 0 4.29756e-09 0
0.2915 0.33473 0 2.04888 0 4.30494e-09 0
0.292 0.335304 0 2.0524 0 4.31232e-09 0
0.2925 0.335878 0 2.05591 0 4.31971e-09 0
0.293 0.336453 0 2.05943 0 4.32709e-09 0
0.2935 0.337027 0 2.06294 0 4.33448e-09 0
0.294 0.337601 0 2.06645 0 4.34186e-09 0
0.2945 0.338175 0 2.06997 0 4.34925e-09 0
0.295 0.338749 0 2.07348 0 4.35663e-09 0
0.2955 0.339323 0 2.077 0 4.36401e-09 0
0.296 0.339897 0 2.08051 0 4.3714e-09 0
0.2965 0.340472 0 2.08403 0 4.37878e-09 0
0.297 0.341046 0 2.08754 0 4.38617e-09 0
0.2975 0.34162 0 2.09105 0 4.39355e-09 0
0.298 0.342194 0 2.09457 0 4.40093e-09 0
0.2985 0.342768 0 2.09808 0 4.40832e-09 0
0.299 0.343342 0 2.1016 0 4.4157e-09 0
0.2995 0.343916 0 2.10511 0 4.42309e-09 0
0.3 0.344491 0 2.10863 0 4.43047e-09 0
0.3005 0.345065 0 2.11214 0 4.43785e-09 0
0.301 0.345639 0 2.11566 0 4.44524e-09 0
0.3015 0.346213 0 2.11917 0 4.45262e-09 0
0.302 0.346787 0 2.12268 0 4.46001e-09 0
0.3025 0.347361 0 2.1262 0 4.46739e-09 0
0.303 0.347936 0 2.12971 0 4.47478e-09 0
0.3035 0.34851 0 2.13323 0 4.48216e-09 0
0.304 0.349084 0 2.13674 0 4.48954e-09 0
0.3045 0.349658 0 2.14026 0 4.49693e-09 0
0.305 0.350232 0 2.14377 0 4.50431e-09 0
0.3055 0.350806 0 2.14728 0 4.5117e-09 0
0.306 0.35138 0 2.1508 0 4.51908e-09 0
0.3065 0.351955 0 2.15431 0 4.52646e-09 0
0.307 0.352529 0 2.15783 0 4.53385e-09 0
0.3075 0.353103 0 2.16134 0 4.54123e-09 0
0.308 0.353677 0 2.16486 0 4.54862e-09 0
0.3085 0.354251 0 2.16837 0 4.556e-09 0
0.309 0.354825 0 2.17189 0 4.56338e-09 0
0.3095 0.355399 0 2.1754 0 4.57077e-09 0
0.31 0.355974 0 2.17891 0 4.57815e-09 0
0.3105 0.356548 0 2.18243 0 4.58554e-09 0
0.311 0.357122 0 2.18594 0 4.59292e-09 0
0.3115 0.357696 0 2.18946 0 4.60031e-09 0
0.312 0.35827 0 2.19297 0 4.60769e-09 0
0.3125 0.358844 0 2.19649 0 4.61507e-09 0
0.313 0.359419 0 2.2 0 4.62246e-09 0
0.3135 0.359993 0 2.20351 0 4.62984e-09 0
0.314 0.360567 0 2.20703 0 4.63723e-09 0
0.3145 0.361141 0 2.21054 0 4.64461e-09 0
0.315 0.361715 0 2.21406 0 4.65199e-09 0
0.3155 0.362289 0 2.21757 0 4.65938e-09 0
0.316 0.362863 0 2.22109 0 4.66676e-09 0
0.3165 0.363438 0 2.2246 0 4.67415e-09 0
0.317 0.364012 0 2.22812 0 4.68153e-09 0
0.3175 0.364586 0 2.23163 0 4.68891e-09 0
0.318 0.36516 0 2.23514 0 4.6963e-09 0
0.3185 0.365734 0 2.23866 0 4.70368e-09 0
0.319 0.366308 0 2.24217 0 4.71107e-09 0
0.3195 0.366883 0 2.24569 0 4.71845e-09 0
0.32 0.367457 0 2.2492 0 4.72584e-09 0
0.3205 0.368031 0 2.25272 0 4.73322e-09 0
0.321 0.368605 0 2.25623 0 4.7406e-09 0
0.3215 0.369179 0 2.25974 0 4.74799e-09 0
0.322 0.369753 0 2.26326 0 4.75537e-09 0
0.3225 0.370327 0 2.26677 0 4.76276e-09 0
0.323 0.370902 0 2.27029 0 4.77014e-09 0
0.3235 0.371476 0 2.2738 0 4.77752e-09 0
0.324 0.37205 0 2.27732 0 4.78491e-09 0
0.3245 0.372624 0 2.28083 0 4.79229e-09 0
0.325 0.373198 0 2.28435 0 4.79968e-09 0
0.3255 0.373772 0 2.28786 0 4.80706e-09 0
0.326 0.374346 0 2.29137 0 4.81444e-09 0
0.3265 0.374921 0 2.29489 0 4.82183e-09 0
0.327 0.375495 0 2.2984 0 4.82921e-09 0
0.3275 0.376069 0 2.30192 0 4.8366e-09 0
0.328 0.376643 0 2.30543 0 4.84398e-09 0
0.3285 0.377217 0 2.30895 0 4.85137e-09 0
0.329 0.377791 0 2.31246 0 4.85875e-09 0
0.3295 0.378366 0 2.31597 0 4.86613e-09 0
0.33 0.37894 0 2.31949 0 4.87352e-09 0
0.3305 0.379514 0 2.323 0 4.8809e-09 0
0.331 0.380088 0 2.32652 0 4.88829e-09 0
0.3315 0.380662 0 2.33003 0 4.89567e-09 0
0.332 0.381236 0 2.33355 0 4.90305e-09 0
0.3325 0.38181 0 2.33706 0 4.91044e-09 0
0.333 0.382385 0 2.34058 0 4.91782e-09 0
0.3335 0.382959 0 2.34409 0 4.92521e-09 0
0.334 0.383533 0 2.3476 0 4.93259e-09 0
0.3345 0.384107 0 2.35112 0 4.93997e-09 0
0.335 0.384681 0 2.35463 0 4.94736e-09 0
0.3355 0.385255 0 2.35815 0 4.95474e-09 0
0.336 0.385829 0 2.36166 0 4.96213e-09 0
0.3365 0.386404 0 2.36518 0 4.96951e-09 0
0.337 0.386978 0 2.36869 0 4.9769e-09 0
0.3375 0.387552 0 2.3722 0 4.98428e-09 0
0.338 0.388126 0 2.37572 0 4.99166e-09 0
0.3385 0.3887 0 2.37923 0 4.99905e-09 0
0.339 0.389274 0 2.38275 0 5.00643e-09 0
0.3395 0.389849 0 2.38626 0 5.01382e-09 0
0.34 0.390423 0 2.38978 0 5.0212e-09 0
0.3405 0.390997 0 2.39329 0 5.02858e-09 0
0.341 0.391571 0 2.39681 0 5.03597e-09 0
0.3415 0.392145 0 2.40032 0 5.04335e-09 0
0.342 0.392719 0 2.40383 0 5.05074e-09 0
0.3425 0.393293 0 2.40735 0 5.05812e-09 0
0.343 0.393868 0 2.41086 0 5.0655e-09 0
0.3435 0.394442 0 2.41438 0 5.07289e-09 0
0.344 0.395016 0 2.41789 0 5.08027e-09 0
0.3445 0.39559 0 2.42141 0 5.08766e-09 0
0.345 0.396164 0 2.42492 0 5.09504e-09 0
0.3455 0.396738 0 2.42843 0 5.10243e-09 0
0.346 0.397313 0 2.43195 0 5.10981e-09 0
0.3465 0.397887 0 2.43546 0 5.11719e-09 0
0.347 0.398461 0 2.43898 0 5.12458e-09 0
0.3475 0.399035 0 2.44249 0 5.13196e-09 0
0.348 0.399609 0 2.44601 0 5.13935e-09 0
0.3485 0.400183 0 2.44952 0 5.14673e-09 0
0.349 0.400757 0 2.45304 0 5.15411e-09 0
0.3495 0.401332 0 2.45655 0 5.1615e-09 0
0.35 0.401906 0 2.46006 0 5.16888e-09 0
0.3505 0.40248 0 2.46358 0 5.17627e-09 0
0.351 0.403054 0 2.46709 0 5.18365e-09 0
0.3515 0.403628 0 2.47061 0 5.19103e-09 0
0.352 0.404202 0 2.47412 0 5.19842e-09 0
0.3525 0.404776 0 2.47764 0 5.2058e-09 0
0.353 0.405351 0 2.48115 0 5.21319e-09 0
0.3535 0.405925 0 2.48466 0 5.22057e-09 0
0.354 0.406499 0 2.48818 0 5.22796e-09 0
0.3545 0.407073 0 2.49169 0 5.23534e-09 0
0.355 0.407647 0 2.49521 0 5.24272e-09 0
0.3555 0.408221 0 2.49872 0 5.25011e-09 0
0.356 0.408796 0 2.50224 0 5.25749e-09 0
0.3565 0.40937 0 2.50575 0 5.26488e-09 0
0.357 0.409944 0 2.50927 0 5.27226e-09 0
0.3575 0.410518 0 2.51278 0 5.27964e-09 0
0.358 0.411092 0 2.51629 0 5.28703e-09 0
0.3585 0.411666 0 2.51981 0 5.29441e-09 0
0.359 0.41224 0 2.52332 0 5.3018e-09 0
0.3595 0.412815 0 2.52684 0 5.30918e-09 0
0.36 0.413389 0 2.53035 0 5.31656e-09 0
0.3605 0.413963 0 2.53387 0 5.32395e-09 0
0.361 0.414537 0 2.53738 0 5.33133e-09 0
0.3615 0.415111 0 2.54089 0 5.33872e-09 0
0.362 0.415685 0 2.54441 0 5.3461e-09 0
0.3625 0.416259 0 2.54792 0 5.35349e-09 0
0.363 0.416834 0 2.55144 0 5.36087e-09 0
0.3635 0.417408 0 2.55495 0 5.36825e-09 0
0.364 0.417982 0 2.55847 0 5.37564e-09 0
0.3645 0.418556 0 2.56198 0 5.38302e-09 0
0.365 0.41913 0 2.5655 0 5.39041e-09 0
0.3655 0.419704 0 2.56901 0 5.39779e-09 0
0.366 0.420279 0 2.57252 0 5.40517e-09 0
0.3665 0.420853 0 2.57604 0 5.41256e-09 0
0.367 0.421427 0 2.57955 0 5.41994e-09 0
0.3675 0.422001 0 2.58307 0 5.42733e-09 0
0.368 0.422575 0 2.58658 0 5.43471e-09 0
0.3685 0.423149 0 2.5901 0 5.44209e-09 0
0.369 0.423723 0 2.59361 0 5.44948e-09 0
0.3695 0.424298 0 2.59712 0 5.45686e-09 0
0.37 0.424872 0 2.60064 0 5.46425e-09 0
0.3705 0.425446 0 2.60415 0 5.47163e-09 0
0.371 0.42602 0 2.60767 0 5.47902e-09 0
0.3715 0.426594 0 2.61118 0 5.4864e-09 0
0.372 0.427168 0 2.6147 0 5.49378e-09 0
0.3725 0.427743 0 2.61821 0 5.50117e-09 0
0.373 0.428317 0 2.62173 0 5.50855e-09 0
0.3735 0.428891 0 2.62524 0 5.51594e-09 0
0.374 0.429465 0 2.62875 0 5.52332e-09 0
0.3745 0.430039 0 2.63227 0 5.5307e-09 0
0.375 0.430613 0 2.63578 0 5.53809e-09 0
0.3755 0.431187 0 2.6393 0 5.54547e-09 0
0.376 0.431762 0 2.64281 0 5.55286e-09 0
0.3765 0.432336 0 2.64633 0 5.56024e-09 0
0.377 0.43291 0 2.64984 0 5.56762e-09 0
0.3775 0.433484 0 2.65336 0 5.57501e-09 0
0.378 0.434058 0 2.65687 0 5.58239e-09 0
0.3785 0.434632 0 2.66038 0 5.58978e-09 0
0.379 0.435206 0 2.6639 0 5.59716e-09 0
0.3795 0.435781 0 2.66741 0 5.60455e-09 0
0.38 0.436355 0 2.67093 0 5.61193e-09 0
0.3805 0.436929 0 2.67444 0 5.61931e-09 0
0.381 0.437503 0 2.67796 0 5.6267e-09 0
0.3815 0.438077 0 2.68147 0 5.63408e-09 0
0.382 0.438651 0 2.68498 0 5.64147e-09 0
0.3825 0.439226 0 2.6885 0 5.64885e-09 0
0.383 0.4398 0 2.69201 0 5.65623e-09 0
0.3835 0.440374 0 2.69553 0 5.66362e-09 0
0.384 0.440948 0 2.69904 0 5.671e-09 0
0.3845 0.441522 0 2.70256 0 5.67839e-09 0
0.385 0.442096 0 2.70607 0 5.68577e-09 0
0.3855 0.44267 0 2.70959 0 5.69315e-09 0
0.386 0.443245 0 2.7131 0 5.70054e-09 0
0.3865 0.443819 0 2.71661 0 5.70792e-09 0
0.387 0.444393 0 2.72013 0 5.71531e-09 0
0.3875 0.444967 0 2.72364 0 5.72269e-09 0
0.388 0.445541 0 2.72716 0 5.73008e-09 0
0.3885 0.446115 0 2.73067 0 5.73746e-09 0
0.389 0.446689 0 2.73419 0 5.74484e-09 0
0.3895 0.447264 0 2.7377 0 5.75223e-09 0
0.39 0.447838 0 2.74121 0 5.75961e-09 0
0.3905 0.448412 0 2.74473 0 5.767e-09 0
0.391 0.448986 0 2.74824 0 5.77438e-09 0
0.3915 0.44956 0 2.75176 0 5.78176e-09 0
0.392 0.450134 0 2.75527 0 5.78915e-09 0
0.3925 0.450709 0 2.75879 0 5.79653e-09 0
0.393 0.451283 0 2.7623 0 5.80392e-09 0
0.3935 0.451857 0 2.76582 0 5.8113e-09 0
0.394 0.452431 0 2.76933 0 5.81868e-09 0
0.3945 0.453005 0 2.77284 0 5.82607e-09 0
0.395 0.453579 0 2.77636 0 5.83345e-09 0
0.3955 0.454153 0 2.77987 0 5.84084e-09 0
0.396 0.454728 0 2.78339 0 5.84822e-09 0
0.3965 0.455302 0 2.7869 0 5.85561e-09 0
0.397 0.455876 0 2.79042 0 5.86299e-09 0
0.3975 0.45645 0 2.79393 0 5.87037e-09 0
0.398 0.457024 0 2.79744 0 5.87776e-09 0
0.3985 0.457598 0 2.80096 0 5.88514e-09 0
0.399 0.458173 0 2.80447 0 5.89253e-09 0
0.3995 0.458747 0 2.80799 0 5.89991e-09 0
0.4 0.459321 0 2.8115 0 5.90729e-09 0
0.4005 0.459895 0 2.81502 0 5.91468e-09 0
0.401 0.460469 0 2.81853 0 5.92206e-09 0
0.4015 0.461043 0 2.82205 0 5.92945e-09 0
0.402 0.461617 0 2.82556 0 5.93683e-09 0
0.4025 0.462192 0 2.82907 0 5.94421e-09 0
0.403 0.462766 0 2.83259 0 5.9516e-09 0
0.4035 0.46334 0 2.8361 0 5.95898e-09 0
0.404 0.463914 0 2.83962 0 5.96637e-09 0
0.4045 0.464488 0 2.84313 0 5.97375e-09 0
0.405 0.465062 0 2.84665 0 5.98114e-09 0
0.4055 0.465636 0 2.85016 0 5.98852e-09 0
0.406 0.466211 0 2.85367 0 5.9959e-09 0
0.4065 0.466785 0 2.85719 0 6.00329e-09 0
0.407 0.467359 0 2.8607 0 6.01067e-09 0
0.4075 0.467933 0 2.86422 0 6.01806e-09 0
0.408 0.468507 0 2.86773 0 6.02544e-09 0
0.4085 0.469081 0 2.87125 0 6.03282e-09 0
0.409 0.469656 0 2.87476 0 6.04021e-09 0
0.4095 0.47023 0 2.87828 0 6.04759e-09 0
0.41 0.470804 0 2.88179 0 6.05498e-09 0
0.4105 0.471378 0 2.8853 0 6.06236e-09 0
0.411 0.471952 0 2.88882 0 6.06974e-09 0
0.4115 0.472526 0 2.89233 0 6.07713e-09 0
0.412 0.4731 0 2.89585 0 6.08451e-09 0
0.4125 0.473675 0 2.89936 0 6.0919e-09 0
0.413 0.474249 0 2.90288 0 6.09928e-09 0
0.4135 0.474823 0 2.90639 0 6.10667e-09 0
0.414 0.475397 0 2.9099 0 6.11405e-09 0
0.4145 0.475971 0 2.91342 0 6.12143e-09 0
0.415 0.476545 0 2.91693 0 6.12882e-09 0
0.4155 0.47712 0 2.92045 0 6.1362e-09 0
0.416 0.477694 0 2.92396 0 6.14359e-09 0
0.4165 0.478268 0 2.92748 0 6.15097e-09 0
0.417 0.478842 0 2.93099 0 6.15835e-09 0
0.4175 0.479416 0 2.93451 0 6.16574e-09 0
0.418 0.47999 0 2.93802 0 6.17312e-09 0
0.4185 0.480564 0 2.94153 0 6.18051e-09 0
0.419 0.481139 0 2.94505 0 6.18789e-09 0
0.4195 0.481713 0 2.94856 0 6.19527e-09 0
0.42 0.482287 0 2.95208 0 6.20266e-09 0
0.4205 0.482861 0 2.95559 0 6.21004e-09 0
0.421 0.483435 0 2.95911 0 6.21743e-09 0
0.4215 0.484009 0 2.96262 0 6.22481e-09 0
0.422 0.484583 0 2.96613 0 6.2322e-09 0
0.4225 0.485158 0 2.96965 0 6.23958e-09 0
0.423 0.485732 0 2.97316 0 6.24696e-09 0
0.4235 0.486306 0 2.97668 0 6.25435e-09 0
0.424 0.48688 0 2.98019 0 6.26173e-09 0
0.4245 0.487454 0 2.98371 0 6.26912e-09 0
0.425 0.488028 0 2.98722 0 6.2765e-09 0
0.4255 0.488603 0 2.99074 0 6.28388e-09 0
0.426 0.489177 0 2.99425 0 6.29127e-09 0
0.4265 0.489751 0 2.99776 0 6.29865e-09 0
0.427 0.490325 0 3.00128 0 6.30604e-09 0
0.4275 0.490899 0 3.00479 0 6.31342e-09 0
0.428 0.491473 0 3.00831 0 6.3208e-09 0
0.4285 0.492047 0 3.01182 0 6.32819e-09 0
0.429 0.492622 0 3.01534 0 6.33557e-09 0
0.4295 0.493196 0 3.01885 0 6.34296e-09 0
0.43 0.49377 0 3.02236 0 6.35034e-09 0
0.4305 0.494344 0 3.02588 0 6.35773e-09 0
0.431 0.494918 0 3.02939 0 6.36511e-09 0
0.4315 0.495492 0 3.03291 0 6.37249e-09 0
0.432 0.496066 0 3.03642 0 6.37988e-09 0
0.4325 0.496641 0 3.03994 0 6.38726e-09 0
0.433 0.497215 0 3.04345 0 6.39465e-09 0
0.4335 0.497789 0 3.04697 0 6.40203e-09 0
0.434 0.498363 0 3.05048 0 6.40941e-09 0
0.4345 0.498937 0 3.05399 0 6.4168e-09 0
0.435 0.499511 0 3.05751 0 6.42418e-09 0
0.4355 0.500086 0 3.06102 0 6.43157e-09 0
0.436 0.50066 0 3.06454 0 6.43895e-09 0
0.4365 0.501234 0 3.06805 0 6.44633e-09 0
0.437 0.501808 0 3.07157 0 6.45372e-09 0
0.4375 0.502382 0 3.07508 0 6.4611e-09 0
0.438 0.502956 0 3.07859 0 6.46849e-09 0
0.4385 0.50353 0 3.08211 0 6.47587e-09 0
0.439 0.504105 0 3.08562 0 6.48326e-09 0
0.4395 0.504679 0 3.08914 0 6.49064e-09 0
0.44 0.505253 0 3.09265 0 6.49802e-09 0
0.4405 0.505827 0 3.09617 0 6.50541e-09 0
0.441 0.506401 0 3.09968 0 6.51279e-09 0
0.4415 0.506975 0 3.1032 0 6.52018e-09 0
0.442 0.50755 0 3.10671 0 6.52756e-09 0
0.4425 0.508124 0 3.11022 0 6.53494e-09 0
0.443 0.508698 0 3.11374 0 6.54233e-09 0
0.4435 0.509272 0 3.11725 0 6.54971e-09 0
0.444 0.509846 0 3.12077 0 6.5571e-09 0
0.4445 0.51042 0 3.12428 0 6.56448e-09 0
0.445 0.510994 0 3.1278 0 6.57186e-09 0
0.4455 0.511569 0 3.13131 0 6.57925e-09 0
0.446 0.512143 0 3.13482 0 6.58663e-09 0
0.4465 0.512717 0 3.13834 0 6.59402e-09 0
0.447 0.513291 0 3.14185 0 6.6014e-09 0
0.4475 0.513865 0 3.14537 0 6.60879e-09 0
0.448 0.514439 0 3.14888 0 6.61617e-09 0
0.4485 0.515013 0 3.1524 0 6.62355e-09 0
0.449 0.515588 0 3.15591 0 6.63094e-09 0
0.4495 0.516162 0 3.15943 0 6.63832e-09 0
0.45 0.516736 0 3.16294 0 6.64571e-09 0
0.4505 0.51731 0 3.16645 0 6.65309e-09 0
0.451 0.517884 0 3.16997 0 6.66047e-09 0
0.4515 0.518458 0 3.17348 0 6.66786e-09 0
0.452 0.519033 0 3.177 0 6.67524e-09 0
0.4525 0.519607 0 3.18051 0 6.68263e-09 0
0.453 0.520181 0 3.18403 0 6.69001e-09 0
0.4535 0.520755 0 3.18754 0 6.69739e-09 0
0.454 0.521329 0 3.19105 0 6.70478e-09 0
0.4545 0.521903 0 3.19457 0 6.71216e-09 0
0.455 0.522477 0 3.19808 0 6.71955e-09 0
0.4555 0.523052 0 3.2016 0 6.72693e-09 0
0.456 0.523626 0 3.20511 0 6.73432e-09 0
0.4565 0.5242 0 3.20863 0 6.7417e-09 0
0.457 0.524774 0 3.21214 0 6.74908e-09 0
0.4575 0.525348 0 3.21566 0 6.75647e-09 0
0.458 0.525922 0 3.21917 0 6.76385e-09 0
0.4585 0.526496 0 3.22268 0 6.77124e-09 0
0.459 0.527071 0 3.2262 0 6.77862e-09 0
0.4595 0.527645 0 3.22971 0 6.786e-09 0
0.46 0.528219 0 3.23323 0 6.79339e-09 0
0.4605 0.528793 0 3.23674 0 6.80077e-09 0
0.461 0.529367 0 3.24026 0 6.80816e-09 0
0.4615 0.529941 0 3.24377 0 6.81554e-09 0
0.462 0.530516 0 3.24728 0 6.82292e-09 0
0.4625 0.53109 0 3.2508 0 6.83031e-09 0
0.463 0.531664 0 3.25431 0 6.83769e-09 0
0.4635 0.532238 0 3.25783 0 6.84508e-09 0
0.464 0.532812 0 3.26134 0 6.85246e-09 0
0.4645 0.533386 0 3.26486 0 6.85985e-09 0
0.465 0.53396 0 3.26837 0 6.86723e-09 0
0.4655 0.534535 0 3.27189 0 6.87461e-09 0
0.466 0.535109 0 3.2754 0 6.882e-09 0
0.4665 0.535683 0 3.27891 0 6.88938e-09 0
0.467 0.536257 0 3.28243 0 6.89677e-09 0
0.4675 0.536831 0 3.28594 0 6.90415e-09 0
0.468 0.537405 0 3.28946 0 6.91153e-09 0
0.4685 0.53798 0 3.29297 0 6.91892e-09 0
0.469 0.538554 0 3.29649 0 6.9263e-09 0
0.4695 0.539128 0 3.3 0 6.93369e-09 0
0.47 0.539702 0 3.30351 0 6.94107e-09 0
0.4705 0.540276 0 3.30703 0 6.94845e-09 0
0.471 0.54085 0 3.31054 0 6.95584e-09 0
0.4715 0.541424 0 3.31406 0 6.96322e-09 0
0.472 0.541999 0 3.31757 0 6.97061e-09 0
0.4725 0.542573 0 3.32109 0 6.97799e-09 0
0.473 0.543147 0 3.3246 0 6.98538e-09 0
0.4735 0.543721 0 3.32812 0 6.99276e-09 0
0.474 0.544295 0 3.33163 0 7.00014e-09 0
0.4745 0.544869 0 3.33514 0 7.00753e-09 0
0.475 0.545443 0 3.33866 0 7.01491e-09 0
0.4755 0.546018 0 3.34217 0 7.0223e-09 0
0.476 0.546592 0 3.34569 0 7.02968e-09 0
0.4765 0.547166 0 3.3492 0 7.03706e-09 0
0.477 0.54774 0 3.35272 0 7.04445e-09 0
0.4775 0.548314 0 3.35623 0 7.05183e-09 0
0.478 0.548888 0 3.35974 0 7.05922e-09 0
0.4785 0.549463 0 3.36326 0 7.0666e-09 0
0.479 0.550037 0 3.36677 0 7.07398e-09 0
0.4795 0.550611 0 3.37029 0 7.08137e-09 0
0.48 0.551185 0 3.3738 0 7.08875e-09 0
0.4805 0.551759 0 3.37732 0 7.09614e-09 0
0.481 0.552333 0 3.38083 0 7.10352e-09 0
0.4815 0.552907 0 3.38435 0 7.11091e-09 0
0.482 0.553482 0 3.38786 0 7.11829e-09 0
0.4825 0.554056 0 3.39137 0 7.12567e-09 0
0.483 0.55463 0 3.39489 0 7.13306e-09 0
0.4835 0.555204 0 3.3984 0 7.14044e-09 0
0.484 0.555778 0 3.40192 0 7.14783e-09 0
0.4845 0.556352 0 3.40543 0 7.15521e-09 0
0.485 0.556926 0 3.40895 0 7.16259e-09 0
0.4855 0.557501 0 3.41246 0 7.16998e-09 0
0.486 0.558075 0 3.41597 0 7.17736e-09 0
0.4865 0.558649 0 3.41949 0 7.18475e-09 0
0.487 0.559223 0 3.423 0 7.19213e-09 0
0.4875 0.559797 0 3.42652 0 7.19951e-09 0
0.488 0.560371 0 3.43003 0 7.2069e-09 0
0.4885 0.560946 0 3.43355 0 7.21428e-09 0
0.489 0.56152 0 3.43706 0 7.22167e-09 0
0.4895 0.562094 0 3.44058 0 7.22905e-09 0
0.49 0.562668 0 3.44409 0 7.23644e-09 0
0.4905 0.563242 0 3.4476 0 7.24382e-09 0
0.491 0.563816 0 3.45112 0 7.2512e-09 0
0.4915 0.56439 0 3.45463 0 7.25859e-09 0
0.492 0.564965 0 3.45815 0 7.26597e-09 0
0.4925 0.565539 0 3.46166 0 7.27336e-09 0
0.493 0.566113 0 3.46518 0 7.28074e-09 0
0.4935 0.566687 0 3.46869 0 7.28812e-09 0
0.494 0.567261 0 3.4722 0 7.29551e-09 0
0.4945 0.567835 0 3.47572 0 7.30289e-09 0
0.495 0.56841 0 3.47923 0 7.31028e-09 0
0.4955 0.568984 0 3.48275 0 7.31766e-09 0
0.496 0.569558 0 3.48626 0 7.32504e-09 0
0.4965 0.570132 0 3.48978 0 7.33243e-09 0
0.497 0.570706 0 3.49329 0 7.33981e-09 0
0.4975 0.57128 0 3.49681 0 7.3472e-09 0
0.498 0.571854 0 3.50032 0 7.35458e-09 0
0.4985 0.572429 0 3.50383 0 7.36197e-09 0
0.499 0.573003 0 3.50735 0 7.36935e-09 0
0.4995 0.573577 0 3.51086 0 7.37673e-09 0
0.5 0.574151 0 3.51438 0 7.38412e-09 0
0.5005 0.574725 0 3.51789 0 7.3915e-09 0
0.501 0.575299 0 3.52141 0 7.39889e-09 0
0.5015 0.575873 0 3.52492 0 7.40627e-09 0
0.502 0.576448 0 3.52844 0 7.41365e-09 0
0.5025 0.577022 0 3.53195 0 7.42104e-09 0
0.503 0.577596 0 3.53546 0 7.42842e-09 0
0.5035 0.57817 0 3.53898 0 7.43581e-09 0
0.504 0.578744 0 3.54249 0 7.44319e-09 0
0.5045 0.579318 0 3.54601 0 7.45057e-09 0
0.505 0.579893 0 3.54952 0 7.45796e-09 0
0.5055 0.580467 0 3.55304 0 7.46534e-09 0
0.506 0.581041 0 3.55655 0 7.47273e-09 0
0.5065 0.581615 0 3.56006 0 7.48011e-09 0
0.507 0.582189 0 3.56358 0 7.4875e-09 0
0.5075 0.582763 0 3.56709 0 7.49488e-09 0
0.508 0.583337 0 3.57061 0 7.50226e-09 0
0.5085 0.583912 0 3.57412 0 7.50965e-09 0
0.509 0.584486 0 3.57764 0 7.51703e-09 0
0.5095 0.58506 0 3.58115 0 7.52442e-09 0
0.51 0.585634 0 3.58467 0 7.5318e-09 0
0.5105 0.586208 0 3.58818 0 7.53918e-09 0
0.511 0.586782 0 3.59169 0 7.54657e-09 0
0.5115 0.587357 0 3.59521 0 7.55395e-09 0
0.512 0.587931 0 3.59872 0 7.56134e-09 0
0.5125 0.588505 0 3.60224 0 7.56872e-09 0
0.513 0.589079 0 3.60575 0 7.5761e-09 0
0.5135 0.589653 0 3.60927 0 7.58349e-09 0
0.514 0.590227 0 3.61278 0 7.59087e-09 0
0.5145 0.590801 0 3.61629 0 7.59826e-09 0
0.515 0.591376 0 3.61981 0 7.60564e-09 0
0.5155 0.59195 0 3.62332 0 7.61303e-09 0
0.516 0.592524 0 3.62684 0 7.62041e-09 0
0.5165 0.593098 0 3.63035 0 7.62779e-09 0
0.517 0.593672 0 3.63387 0 7.63518e-09 0
0.5175 0.594246 0 3.63738 0 7.64256e-09 0
0.518 0.59482 0 3.6409 0 7.64995e-09 0
0.5185 0.595395 0 3.64441 0 7.65733e-09 0
0.519 0.595969 0 3.64792 0 7.66471e-09 0
0.5195 0.596543 0 3.65144 0 7.6721e-09 0
0.52 0.597117 0 3.65495 0 7.67948e-09 0
0.5205 0.597691 0 3.65847 0 7.68687e-09 0
0.521 0.598265 0 3.66198 0 7.69425e-09 0
0.5215 0.59884 0 3.6655 0 7.70163e-09 0
0.522 0.599414 0 3.66901 0 7.70902e-09 0
0.5225 0.599988 0 3.67252 0 7.7164e-09 0
0.523 0.600562 0 3.67604 0 7.72379e-09 0
0.5235 0.601136 0 3.67955 0 7.73117e-09 0
0.524 0.60171 0 3.68307 0 7.73856e-09 0
0.5245 0.602284 0 3.68658 0 7.74594e-09 0
0.525 0.602859 0 3.6901 0 7.75332e-09 0
0.5255 0.603433 0 3.69361 0 7.76071e-09 0
0.526 0.604007 0 3.69713 0 7.76809e-09 0
0.5265 0.604581 0 3.70064 0 7.77548e-09 0
0.527 0.605155 0 3.70415 0 7.78286e-09 0
0.5275 0.605729 0 3.70767 0 7.79024e-09 0
0.528 0.606303 0 3.71118 0 7.79763e-09 0
0.5285 0.606878 0 3.7147 0 7.80501e-09 0
0.529 0.607452 0 3.71821 0 7.8124e-09 0
0.5295 0.608026 0 3.72173 0 7.81978e-09 0
0.53 0.6086 0 3.72524 0 7.82716e-09 0
0.5305 0.609174 0 3.72875 0 7.83455e-09 0
0.531 0.609748 0 3.73227 0 7.84193e-09 0
0.5315 0.610323 0 3.73578 0 7.84932e-09 0
0.532 0.610897 0 3.7393 0 7.8567e-09 0
0.5325 0.611471 0 3.74281 0 7.86409e-09 0
0.533 0.612045 0 3.74633 0 7.87147e-09 0
0.5335 0.612619 0 3.74984 0 7.87885e-09 0
0.534 0.613193 0 3.75336 0 7.88624e-09 0
0.5345 0.613767 0 3.75687 0 7.89362e-09 0
0.535 0.614342 0 3.76038 0 7.90101e-09 0
0.5355 0.614916 0 3.7639 0 7.90839e-09 0
0.536 0.61549 0 3.76741 0 7.91577e-09 0
0.5365 0.616064 0 3.77093 0 7.92316e-09 0
0.537 0.616638 0 3.77444 0 7.93054e-09 0
0.5375 0.617212 0 3.77796 0 7.93793e-09 0
0.538 0.617787 0 3.78147 0 7.94531e-09 0
0.5385 0.618361 0 3.78498 0 7.95269e-09 0
0.539 0.618935 0 3.7885 0 7.96008e-09 0
0.5395 0.619509 0 3.79201 0 7.96746e-09 0
0.54 0.620083 0 3.79553 0 7.97485e-09 0
0.5405 0.620657 0 3.79904 0 7.98223e-09 0
0.541 0.621231 0 3.80256 0 7.98962e-09 0
0.5415 0.621806 0 3.80607 0 7.997e-09 0
0.542 0.62238 0 3.80959 0 8.00438e-09 0
0.5425 0.622954 0 3.8131 0 8.01177e-09 0
0.543 0.623528 0 3.81661 0 8.01915e-09 0
0.5435 0.624102 0 3.82013 0 8.02654e-09 0
0.544 0.624676 0 3.82364 0 8.03392e-09 0
0.5445 0.62525 0 3.82716 0 8.0413e-09 0
0.545 0.625825 0 3.83067 0 8.04869e-09 0
0.5455 0.626399 0 3.83419 0 8.05607e-09 0
0.546 0.626973 0 3.8377 0 8.06346e-09 0
0.5465 0.627547 0 3.84121 0 8.07084e-09 0
0.547 0.628121 0 3.84473 0 8.07822e-09 0
0.5475 0.628695 0 3.84824 0 8.08561e-09 0
0.548 0.62927 0 3.85176 0 8.09299e-09 0
0.5485 0.629844 0 3.85527 0 8.10038e-09 0
0.549 0.630418 0 3.85879 0 8.10776e-09 0
0.5495 0.630992 0 3.8623 0 8.11515e-09 0
0.55 0.631566 0 3.86582 0 8.12253e-09 0
0.5505 0.63214 0 3.86933 0 8.12991e-09 0
0.551 0.632714 0 3.87284 0 8.1373e-09 0
0.5515 0.633289 0 3.87636 0 8.14468e-09 0
0.552 0.633863 0 3.87987 0 8.15207e-09 0
0.5525 0.634437 0 3.88339 0 8.15945e-09 0
0.553 0.635011 0 3.8869 0 8.16683e-09 0
0.5535 0.635585 0 3.89042 0 8.17422e-09 0
0.554 0.636159 0 3.89393 0 8.1816e-09 0
0.5545 0.636733 0 3.89744 0 8.18899e-09 0
0.555 0.637308 0 3.90096 0 8.19637e-09 0
0.5555 0.637882 0 3.90447 0 8.20375e-09 0
0.556 0.638456 0 3.90799 0 8.21114e-09 0
0.5565 0.63903 0 3.9115 0 8.21852e-09 0
0.557 0.639604 0 3.91502 0 8.22591e-09 0
0.5575 0.640178 0 3.91853 0 8.23329e-09 0
0.558 0.640753 0 3.92205 0 8.24068e-09 0
0.5585 0.641327 0 3.92556 0 8.24806e-09 0
0.559 0.641901 0 3.92907 0 8.25544e-09 0
0.5595 0.642475 0 3.93259 0 8.26283e-09 0
0.56 0.643049 0 3.9361 0 8.27021e-09 0
0.5605 0.643623 0 3.93962 0 8.2776e-09 0
0.561 0.644197 0 3.94313 0 8.28498e-09 0
0.5615 0.644772 0 3.94665 0 8.29236e-09 0
0.562 0.645346 0 3.95016 0 8.29975e-09 0
0.5625 0.64592 0 3.95367 0 8.30713e-09 0
0.563 0.646494 0 3.95719 0 8.31452e-09 0
0.5635 0.647068 0 3.9607 0 8.3219e-09 0
0.564 0.647642 0 3.96422 0 8.32928e-09 0
0.5645 0.648217 0 3.96773 0 8.33667e-09 0
0.565 0.648791 0 3.97125 0 8.34405e-09 0
0.5655 0.649365 0 3.97476 0 8.35144e-09 0
0.566 0.649939 0 3.97828 0 8.35882e-09 0
0.5665 0.650513 0 3.98179 0 8.36621e-09 0
0.567 0.651087 0 3.9853 0 8.37359e-09 0
0.5675 0.651661 0 3.98882 0 8.38097e-09 0
0.568 0.652236 0 3.99233 0 8.38836e-09 0
0.5685 0.65281 0 3.99585 0 8.39574e-09 0
0.569 0.653384 0 3.99936 0 8.40313e-09 0
0.5695 0.653958 0 4.00288 0 8.41051e-09 0
0.57 0.654532 0 4.00639 0 8.41789e-09 0
0.5705 0.655106 0 4.0099 0 8.42528e-09 0
0.571 0.65568 0 4.01342 0 8.43266e-09 0
0.5715 0.656255 0 4.01693 0 8.44005e-09 0
0.572 0.656829 0 4.02045 0 8.44743e-09 0
0.5725 0.657403 0 4.02396 0 8.45481e-09 0
0.573 0.657977 0 4.02748 0 8.4622e-09 0
0.5735 0.658551 0 4.03099 0 8.46958e-09 0
0.574 0.659125 0 4.03451 0 8.47697e-09 0
0.5745 0.6597 0 4.03802 0 8.48435e-09 0
0.575 0.660274 0 4.04153 0 8.49174e-09 0
0.5755 0.660848 0 4.04505 0 8.49912e-09 0
0.576 0.661422 0 4.04856 0 8.5065e-09 0
0.5765 0.661996 0 4.05208 0 8.51389e-09 0
0.577 0.66257 0 4.05559 0 8.52127e-09 0
0.5775 0.663144 0 4.05911 0 8.52866e-09 0
0.578 0.663719 0 4.06262 0 8.53604e-09 0
0.5785 0.664293 0 4.06613 0 8.54342e-09 0
0.579 0.664867 0 4.06965 0 8.55081e-09 0
0.5795 0.665441 0 4.07316 0 8.55819e-09 0
0.58 0.666015 0 4.07668 0 8.56558e-09 0
0.5805 0.666589 0 4.08019 0 8.57296e-09 0
0.581 0.667163 0 4.08371 0 8.58034e-09 0
0.5815 0.667738 0 4.08722 0 8.58773e-09 0
0.582 0.668312 0 4.09074 0 8.59511e-09 0
0.5825 0.668886 0 4.09425 0 8.6025e-09 0
0.583 0.66946 0 4.09776 0 8.60988e-09 0
0.5835 0.670034 0 4.10128 0 8.61727e-09 0
0.584 0.670608 0 4.10479 0 8.62465e-09 0
0.5845 0.671183 0 4.10831 0 8.63203e-09 0
0.585 0.671757 0 4.11182 0 8.63942e-09 0
0.5855 0.672331 0 4.11534 0 8.6468e-09 0
0.586 0.672905 0 4.11885 0 8.65419e-09 0
0.5865 0.673479 0 4.12236 0 8.66157e-09 0
0.587 0.674053 0 4.12588 0 8.66895e-09 0
0.5875 0.674627 0 4.12939 0 8.67634e-09 0
0.588 0.675202 0 4.13291 0 8.68372e-09 0
0.5885 0.675776 0 4.13642 0 8.69111e-09 0
0.589 0.67635 0 4.13994 0 8.69849e-09 0
0.5895 0.676924 0 4.14345 0 8.70587e-09 0
0.59 0.677498 0 4.14697 0 8.71326e-09 0
0.5905 0.678072 0 4.15048 0 8.72064e-09 0
0.591 0.678647 0 4.15399 0 8.72803e-09 0
0.5915 0.679221 0 4.15751 0 8.73541e-09 0
0.592 0.679795 0 4.16102 0 8.7428e-09 0
0.5925 0.680369 0 4.16454 0 8.75018e-09 0
0.593 0.680943 0 4.16805 0 8.75756e-09 0
0.5935 0.681517 0 4.17157 0 8.76495e-09 0
0.594 0.682091 0 4.17508 0 8.77233e-09 0
0.5945 0.682666 0 4.17859 0 8.77972e-09 0
0.595 0.68324 0 4.18211 0 8.7871e-09 0
0.5955 0.683814 0 4.18562 0 8.79448e-09 0
0.596 0.684388 0 4.18914 0 8.80187e-09 0
0.5965 0.684962 0 4.19265 0 8.80925e-09 0
0.597 0.685536 0 4.19617 0 8.81664e-09 0
0.5975 0.68611 0 4.19968 0 8.82402e-09 0
0.598 0.686685 0 4.2032 0 8.8314e-09 0
0.5985 0.687259 0 4.20671 0 8.83879e-09 0
0.599 0.687833 0 4.21022 0 8.84617e-09 0
0.5995 0.688407 0 4.21374 0 8.85356e-09 0
0.6 0.688981 0 4.21725 0 8.86094e-09 0
0.6005 0.689555 0 4.22077 0 8.86833e-09 0
0.601 0.69013 0 4.22428 0 8.87571e-09 0
0.6015 0.690704 0 4.2278 0 8.88309e-09 0
0.602 0.691278 0 4.23131 0 8.89048e-09 0
0.6025 0.691852 0 4.23482 0 8.89786e-09 0
0.603 0.692426 0 4.23834 0 8.90525e-09 0
0.6035 0.693 0 4.24185 0 8.91263e-09 0
0.604 0.693574 0 4.24537 0 8.92001e-09 0
0.6045 0.694149 0 4.24888 0 8.9274e-09 0
0.605 0.694723 0 4.2524 0 8.93478e-09 0
0.6055 0.695297 0 4.25591 0 8.94217e-09 0
0.606 0.695871 0 4.25943 0 8.94955e-09 0
0.6065 0.696445 0 4.26294 0 8.95693e-09 0
0.607 0.697019 0 4.26645 0 8.96432e-09 0
0.6075 0.697593 0 4.26997 0 8.9717e-09 0
0.608 0.698168 0 4.27348 0 8.97909e-09 0
0.6085 0.698742 0 4.277 0 8.98647e-09 0
0.609 0.699316 0 4.28051 0 8.99386e-09 0
0.6095 0.69989 0 4.28403 0 9.00124e-09 0
0.61 0.700464 0 4.28754 0 9.00862e-09 0
0.6105 0.701038 0 4.29105 0 9.01601e-09 0
0.611 0.701613 0 4.29457 0 9.02339e-09 0
0.6115 0.702187 0 4.29808 0 9.03078e-09 0
0.612 0.702761 0 4.3016 0 9.03816e-09 0
0.6125 0.703335 0 4.30511 0 9.04554e-09 0
0.613 0.703909 0 4.30863 0 9.05293e-09 0
0.6135 0.704483 0 4.31214 0 9.06031e-09 0
0.614 0.705057 0 4.31566 0 9.0677e-09 0
0.6145 0.705632 0 4.31917 0 9.07508e-09 0
0.615 0.706206 0 4.32268 0 9.08246e-09 0
0.6155 0.70678 0 4.3262 0 9.08985e-09 0
0.616 0.707354 0 4.32971 0 9.09723e-09 0
0.6165 0.707928 0 4.33323 0 9.10462e-09 0
0.617 0.708502 0 4.33674 0 9.112e-09 0
0.6175 0.709077 0 4.34026 0 9.11939e-09 0
0.618 0.709651 0 4.34377 0 9.12677e-09 0
0.6185 0.710225 0 4.34728 0 9.13415e-09 0
0.619 0.710799 0 4.3508 0 9.14154e-09 0
0.6195 0.711373 0 4.35431 0 9.14892e-09 0
0.62 0.711947 0 4.35783 0 9.15631e-09 0
0.6205 0.712521 0 4.36134 0 9.16369e-09 0
0.621 0.713096 0 4.36486 0 9.17107e-09 0
0.6215 0.71367 0 4.36837 0 9.17846e-09 0
0.622 0.714244 0 4.37189 0 9.18584e-09 0
0.6225 0.714818 0 4.3754 0 9.19323e-09 0
0.623 0.715392 0 4.37891 0 9.20061e-09 0
0.6235 0.715966 0 4.38243 0 9.20799e-09 0
0.624 0.71654 0 4.38594 0 9.21538e-09 0
0.6245 0.717115 0 4.38946 0 9.22276e-09 0
0.625 0.717689 0 4.39297 0 9.23015e-09 0
0.6255 0.718263 0 4.39649 0 9.23753e-09 0
0.626 0.718837 0 4.4 0 9.24492e-09 0
0.6265 0.719411 0 4.40352 0 9.2523e-09 0
0.627 0.719985 0 4.40703 0 9.25968e-09 0
0.6275 0.72056 0 4.41054 0 9.26707e-09 0
0.628 0.721134 0 4.41406 0 9.27445e-09 0
0.6285 0.721708 0 4.41757 0 9.28184e-09 0
0.629 0.722282 0 4.42109 0 9.28922e-09 0
0.6295 0.722856 0 4.4246 0 9.2966e-09 0
0.63 0.72343 0 4.42812 0 9.30399e-09 0
0.6305 0.724004 0 4.43163 0 9.31137e-09 0
0.631 0.724579 0 4.43514 0 9.31876e-09 0
0.6315 0.725153 0 4.43866 0 9.32614e-09 0
0.632 0.725727 0 4.44217 0 9.33352e-09 0
0.6325 0.726301 0 4.44569 0 9.34091e-09 0
0.633 0.726875 0 4.4492 0 9.34829e-09 0
0.6335 0.727449 0 4.45272 0 9.35568e-09 0
0.634 0.728024 0 4.45623 0 9.36306e-09 0
0.6345 0.728598 0 4.45975 0 9.37045e-09 0
0.635 0.729172 0 4.46326 0 9.37783e-09 0
0.6355 0.729746 0 4.46677 0 9.38521e-09 0
0.636 0.73032 0 4.47029 0 9.3926e-09 0
0.6365 0.730894 0 4.4738 0 9.39998e-09 0
0.637 0.731468 0 4.47732 0 9.40737e-09 0
0.6375 0.732043 0 4.48083 0 9.41475e-09 0
0.638 0.732617 0 4.48435 0 9.42213e-09 0
0.6385 0.733191 0 4.48786 0 9.42952e-09 0
0.639 0.733765 0 4.49137 0 9.4369e-09 0
0.6395 0.734339 0 4.49489 0 9.44429e-09 0
0.64 0.734913 0 4.4984 0 9.45167e-09 0
0.6405 0.735487 0 4.50192 0 9.45905e-09 0
0.641 0.736062 0 4.50543 0 9.46644e-09 0
0.6415 0.736636 0 4.50895 0 9.47382e-09 0
0.642 0.73721 0 4.51246 0 9.48121e-09 0
0.6425 0.737784 0 4.51598 0 9.48859e-09 0
0.643 0.738358 0 4.51949 0 9.49598e-09 0
0.6435 0.738932 0 4.523 0 9.50336e-09 0
0.644 0.739507 0 4.52652 0 9.51074e-09 0
0.6445 0.740081 0 4.53003 0 9.51813e-09 0
0.645 0.740655 0 4.53355 0 9.52551e-09 0
0.6455 0.741229 0 4.53706 0 9.5329e-09 0
0.646 0.741803 0 4.54058 0 9.54028e-09 0
0.6465 0.742377 0 4.54409 0 9.54766e-09 0
0.647 0.742951 0 4.5476 0 9.55505e-09 0
0.6475 0.743526 0 4.55112 0 9.56243e-09 0
0.648 0.7441 0 4.55463 0 9.56982e-09 0
0.6485 0.744674 0 4.55815 0 9.5772e-09 0
0.649 0.745248 0 4.56166 0 9.58458e-09 0
0.6495 0.745822 0 4.56518 0 9.59197e-09 0
0.65 0.746396 0 4.56869 0 9.59935e-09 0
0.6505 0.74697 0 4.57221 0 9.60674e-09 0
0.651 0.747545 0 4.57572 0 9.61412e-09 0
0.6515 0.748119 0 4.57923 0 9.62151e-09 0
0.652 0.748693 0 4.58275 0 9.62889e-09 0
0.6525 0.749267 0 4.58626 0 9.63627e-09 0
0.653 0.749841 0 4.58978 0 9.64366e-09 0
0.6535 0.750415 0 4.59329 0 9.65104e-09 0
0.654 0.75099 0 4.59681 0 9.65843e-09 0
0.6545 0.751564 0 4.60032 0 9.66581e-09 0
0.655 0.752138 0 4.60383 0 9.67319e-09 0
0.6555 0.752712 0 4.60735 0 9.68058e-09 0
0.656 0.753286 0 4.61086 0 9.68796e-09 0
0.6565 0.75386 0 4.61438 0 9.69535e-09 0
0.657 0.754434 0 4.61789 0 9.70273e-09 0
0.6575 0.755009 0 4.62141 0 9.71011e-09 0
0.658 0.755583 0 4.62492 0 9.7175e-09 0
0.6585 0.756157 0 4.62844 0 9.72488e-09 0
0.659 0.756731 0 4.63195 0 9.73227e-09 0
0.6595 0.757305 0 4.63546 0 9.73965e-09 0
0.66 0.757879 0 4.63898 0 9.74704e-09 0
0.6605 0.758454 0 4.64249 0 9.75442e-09 0
0.661 0.759028 0 4.64601 0 9.7618e-09 0
0.6615 0.759602 0 4.64952 0 9.76919e-09 0
0.662 0.760176 0 4.65304 0 9.77657e-09 0
0.6625 0.76075 0 4.65655 0 9.78396e-09 0
0.663 0.761324 0 4.66006 0 9.79134e-09 0
0.6635 0.761898 0 4.66358 0 9.79872e-09 0
0.664 0.762473 0 4.66709 0 9.80611e-09 0
0.6645 0.763047 0 4.67061 0 9.81349e-09 0
0.665 0.763621 0 4.67412 0 9.82088e-09 0
0.6655 0.764195 0 4.67764 0 9.82826e-09 0
0.666 0.764769 0 4.68115 0 9.83564e-09 0
0.6665 0.765343 0 4.68467 0 9.84303e-09 0
0.667 0.765917 0 4.68818 0 9.85041e-09 0
0.6675 0.766492 0 4.69169 0 9.8578e-09 0
0.668 0.767066 0 4.69521 0 9.86518e-09 0
0.6685 0.76764 0 4.69872 0 9.87257e-09 0
0.669 0.768214 0 4.70224 0 9.87995e-09 0
0.6695 0.768788 0 4.70575 0 9.88733e-09 0
0.67 0.769362 0 4.70927 0 9.89472e-09 0
0.6705 0.769937 0 4.71278 0 9.9021e-09 0
0.671 0.770511 0 4.71629 0 9.90949e-09 0
0.6715 0.771085 0 4.71981 0 9.91687e-09 0
0.672 0.771659 0 4.72332 0 9.92425e-09 0
0.6725 0.772233 0 4.72684 0 9.93164e-09 0
0.673 0.772807 0 4.73035 0 9.93902e-09 0
0.6735 0.773381 0 4.73387 0 9.94641e-09 0
0.674 0.773956 0 4.73738 0 9.95379e-09 0
0.6745 0.77453 0 4.7409 0 9.96117e-09 0
0.675 0.775104 0 4.74441 0 9.96856e-09 0
0.6755 0.775678 0 4.74792 0 9.97594e-09 0
0.676 0.776252 0 4.75144 0 9.98333e-09 0
0.6765 0.776826 0 4.75495 0 9.99071e-09 0
0.677 0.7774 0 4.75847 0 9.9981e-09 0
0.6775 0.777975 0 4.76198 0 1.00055e-08 0
0.678 0.778549 0 4.7655 0 1.00129e-08 0
0.6785 0.779123 0 4.76901 0 1.00202e-08 0
0.679 0.779697 0 4.77252 0 1.00276e-08 0
0.6795 0.780271 0 4.77604 0 1.0035e-08 0
0.68 0.780845 0 4.77955 0 1.00424e-08 0
0.6805 0.78142 0 4.78307 0 1.00498e-08 0
0.681 0.781994 0 4.78658 0 1.00572e-08 0
0.6815 0.782568 0 4.7901 0 1.00646e-08 0
0.682 0.783142 0 4.79361 0 1.00719e-08 0
0.6825 0.783716 0 4.79713 0 1.00793e-08 0
0.683 0.78429 0 4.80064 0 1.00867e-08 0
0.6835 0.784864 0 4.80415 0 1.00941e-08 0
0.684 0.785439 0 4.80767 0 1.01015e-08 0
0.6845 0.786013 0 4.81118 0 1.01089e-08 0
0.685 0.786587 0 4.8147 0 1.01162e-08 0
0.6855 0.787161 0 4.81821 0 1.01236e-08 0
0.686 0.787735 0 4.82173 0 1.0131e-08 0
0.6865 0.788309 0 4.82524 0 1.01384e-08 0
0.687 0.788884 0 4.82875 0 1.01458e-08 0
0.6875 0.789458 0 4.83227 0 1.01532e-08 0
0.688 0.790032 0 4.83578 0 1.01605e-08 0
0.6885 0.790606 0 4.8393 0 1.01679e-08 0
0.689 0.79118 0 4.84281 0 1.01753e-08 0
0.6895 0.791754 0 4.84633 0 1.01827e-08 0
0.69 0.792328 0 4.84984 0 1.01901e-08 0
0.6905 0.792903 0 4.85336 0 1.01975e-08 0
0.691 0.793477 0 4.85687 0 1.02049e-08 0
0.6915 0.794051 0 4.86038 0 1.02122e-08 0
0.692 0.794625 0 4.8639 0 1.02196e-08 0
0.6925 0.795199 0 4.86741 0 1.0227e-08 0
0.693 0.795773 0 4.87093 0 1.02344e-08 0
0.6935 0.796347 0 4.87444 0 1.02418e-08 0
0.694 0.796922 0 4.87796 0 1.02492e-08 0
0.6945 0.797496 0 4.88147 0 1.02565e-08 0
0.695 0.79807 0 4.88498 0 1.02639e-08 0
0.6955 0.798644 0 4.8885 0 1.02713e-08 0
0.696 0.799218 0 4.89201 0 1.02787e-08 0
0.6965 0.799792 0 4.89553 0 1.02861e-08 0
0.697 0.800367 0 4.89904 0 1.02935e-08 0
0.6975 0.800941 0 4.90256 0 1.03008e-08 0
0.698 0.801515 0 4.90607 0 1.03082e-08 0
0.6985 0.802089 0 4.90959 0 1.03156e-08 0
0.699 0.802663 0 4.9131 0 1.0323e-08 0
0.6995 0.803237 0 4.91661 0 1.03304e-08 0
0.7 0.803811 0 4.92013 0 1.03378e-08 0
0.7005 0.804386 0 4.92364 0 1.03451e-08 0
0.701 0.80496 0 4.92716 0 1.03525e-08 0
0.7015 0.805534 0 4.93067 0 1.03599e-08 0
0.702 0.806108 0 4.93419 0 1.03673e-08 0
0.7025 0.806682 0 4.9377 0 1.03747e-08 0
0.703 0.807256 0 4.94121 0 1.03821e-08 0
0.7035 0.80783 0 4.94473 0 1.03895e-08 0
0.704 0.808405 0 4.94824 0 1.03968e-08 0
0.7045 0.808979 0 4.95176 0 1.04042e-08 0
0.705 0.809553 0 4.95527 0 1.04116e-08 0
0.7055 0.810127 0 4.95879 0 1.0419e-08 0
0.706 0.810701 0 4.9623 0 1.04264e-08 0
0.7065 0.811275 0 4.96582 0 1.04338e-08 0
0.707 0.81185 0 4.96933 0 1.04411e-08 0
0.7075 0.812424 0 4.97284 0 1.04485e-08 0
0.708 0.812998 0 4.97636 0 1.04559e-08 0
0.7085 0.813572 0 4.97987 0 1.04633e-08 0
0.709 0.814146 0 4.98339 0 1.04707e-08 0
0.7095 0.81472 0 4.9869 0 1.04781e-08 0
0.71 0.815294 0 4.99042 0 1.04854e-08 0
0.7105 0.815869 0 4.99393 0 1.04928e-08 0
0.711 0.816443 0 4.99744 0 1.05002e-08 0
0.7115 0.817017 0 5.00096 0 1.05076e-08 0
0.712 0.817591 0 5.00447 0 1.0515e-08 0
0.7125 0.818165 0 5.00799 0 1.05224e-08 0
0.713 0.818739 0 5.0115 0 1.05298e-08 0
0.7135 0.819314 0 5.01502 0 1.05371e-08 0
0.714 0.819888 0 5.01853 0 1.05445e-08 0
0.7145 0.820462 0 5.02205 0 1.05519e-08 0
0.715 0.821036 0 5.02556 0 1.05593e-08 0
0.7155 0.82161 0 5.02907 0 1.05667e-08 0
0.716 0.822184 0 5.03259 0 1.05741e-08 0
0.7165 0.822758 0 5.0361 0 1.05814e-08 0
0.717 0.823333 0 5.03962 0 1.05888e-08 0
0.7175 0.823907 0 5.04313 0 1.05962e-08 0
0.718 0.824481 0 5.04665 0 1.06036e-08 0
0.7185 0.825055 0 5.05016 0 1.0611e-08 0
0.719 0.825629 0 5.05367 0 1.06184e-08 0
0.7195 0.826203 0 5.05719 0 1.06257e-08 0
0.72 0.826777 0 5.0607 0 1.06331e-08 0
0.7205 0.827352 0 5.06422 0 1.06405e-08 0
0.721 0.827926 0 5.06773 0 1.06479e-08 0
0.7215 0.8285 0 5.07125 0 1.06553e-08 0
0.722 0.829074 0 5.07476 0 1.06627e-08 0
0.7225 0.829648 0 5.07828 0 1.06701e-08 0
0.723 0.830222 0 5.08179 0 1.06774e-08 0
0.7235 0.830797 0 5.0853 0 1.06848e-08 0
0.724 0.831371 0 5.08882 0 1.06922e-08 0
0.7245 0.831945 0 5.09233 0 1.06996e-08 0
0.725 0.832519 0 5.09585 0 1.0707e-08 0
0.7255 0.833093 0 5.09936 0 1.07144e-08 0
0.726 0.833667 0 5.10288 0 1.07217e-08 0
0.7265 0.834241 0 5.10639 0 1.07291e-08 0
0.727 0.834816 0 5.1099 0 1.07365e-08 0
0.7275 0.83539 0 5.11342 0 1.07439e-08 0
0.728 0.835964 0 5.11693 0 1.07513e-08 0
0.7285 0.836538 0 5.12045 0 1.07587e-08 0
0.729 0.837112 0 5.12396 0 1.0766e-08 0
0.7295 0.837686 0 5.12748 0 1.07734e-08 0
0.73 0.838261 0 5.13099 0 1.07808e-08 0
0.7305 0.838835 0 5.13451 0 1.07882e-08 0
0.731 0.839409 0 5.13802 0 1.07956e-08 0
0.7315 0.839983 0 5.14153 0 1.0803e-08 0
0.732 0.840557 0 5.14505 0 1.08103e-08 0
0.7325 0.841131 0 5.14856 0 1.08177e-08 0
0.733 0.841705 0 5.15208 0 1.08251e-08 0
0.7335 0.84228 0 5.15559 0 1.08325e-08 0
0.734 0.842854 0 5.15911 0 1.08399e-08 0
0.7345 0.843428 0 5.16262 0 1.08473e-08 0
0.735 0.844002 0 5.16613 0 1.08547e-08 0
0.7355 0.844576 0 5.16965 0 1.0862e-08 0
0.736 0.84515 0 5.17316 0 1.08694e-08 0
0.7365 0.845724 0 5.17668 0 1.08768e-08 0
0.737 0.846299 0 5.18019 0 1.08842e-08 0
0.7375 0.846873 0 5.18371 0 1.08916e-08 0
0.738 0.847447 0 5.18722 0 1.0899e-08 0
0.7385 0.848021 0 5.19074 0 1.09063e-08 0
0.739 0.848595 0 5.19425 0 1.09137e-08 0
0.7395 0.849169 0 5.19776 0 1.09211e-08 0
0.74 0.849744 0 5.20128 0 1.09285e-08 0
0.7405 0.850318 0 5.20479 0 1.09359e-08 0
0.741 0.850892 0 5.20831 0 1.09433e-08 0
0.7415 0.851466 0 5.21182 0 1.09506e-08 0
0.742 0.85204 0 5.21534 0 1.0958e-08 0
0.7425 0.852614 0 5.21885 0 1.09654e-08 0
0.743 0.853188 0 5.22236 0 1.09728e-08 0
0.7435 0.853763 0 5.22588 0 1.09802e-08 0
0.744 0.854337 0 5.22939 0 1.09876e-08 0
0.7445 0.854911 0 5.23291 0 1.0995e-08 0
0.745 0.855485 0 5.23642 0 1.10023e-08 0
0.7455 0.856059 0 5.23994 0 1.10097e-08 0
0.746 0.856633 0 5.24345 0 1.10171e-08 0
0.7465 0.857207 0 5.24697 0 1.10245e-08 0
0.747 0.857782 0 5.25048 0 1.10319e-08 0
0.7475 0.858356 0 5.25399 0 1.10393e-08 0
0.748 0.85893 0 5.25751 0 1.10466e-08 0
0.7485 0.859504 0 5.26102 0 1.1054e-08 0
0.749 0.860078 0 5.26454 0 1.10614e-08 0
0.7495 0.860652 0 5.26805 0 1.10688e-08 0
0.75 0.861227 0 5.27157 0 1.10762e-08 0
0.7505 0.861801 0 5.27508 0 1.10836e-08 0
0.751 0.862375 0 5.2786 0 1.10909e-08 0
0.7515 0.862949 0 5.28211 0 1.10983e-08 0
0.752 0.863523 0 5.28562 0 1.11057e-08 0
0.7525 0.864097 0 5.28914 0 1.11131e-08 0
0.753 0.864671 0 5.29265 0 1.11205e-08 0
0.7535 0.865246 0 5.29617 0 1.11279e-08 0
0.754 0.86582 0 5.29968 0 1.11352e-08 0
0.7545 0.866394 0 5.3032 0 1.11426e-08 0
0.755 0.866968 0 5.30671 0 1.115e-08 0
0.7555 0.867542 0 5.31022 0 1.11574e-08 0
0.756 0.868116 0 5.31374 0 1.11648e-08 0
0.7565 0.868691 0 5.31725 0 1.11722e-08 0
0.757 0.869265 0 5.32077 0 1.11796e-08 0
0.7575 0.869839 0 5.32428 0 1.11869e-08 0
0.758 0.870413 0 5.3278 0 1.11943e-08 0
0.7585 0.870987 0 5.33131 0 1.12017e-08 0
0.759 0.871561 0 5.33483 0 1.12091e-08 0
0.7595 0.872135 0 5.33834 0 1.12165e-08 0
0.76 0.87271 0 5.34185 0 1.12239e-08 0
0.7605 0.873284 0 5.34537 0 1.12312e-08 0
0.761 0.873858 0 5.34888 0 1.12386e-08 0
0.7615 0.874432 0 5.3524 0 1.1246e-08 0
0.762 0.875006 0 5.35591 0 1.12534e-08 0
0.7625 0.87558 0 5.35943 0 1.12608e-08 0
0.763 0.876154 0 5.36294 0 1.12682e-08 0
0.7635 0.876729 0 5.36645 0 1.12755e-08 0
0.764 0.877303 0 5.36997 0 1.12829e-08 0
0.7645 0.877877 0 5.37348 0 1.12903e-08 0
0.765 0.878451 0 5.377 0 1.12977e-08 0
0.7655 0.879025 0 5.38051 0 1.13051e-08 0
0.766 0.879599 0 5.38403 0 1.13125e-08 0
0.7665 0.880174 0 5.38754 0 1.13199e-08 0
0.767 0.880748 0 5.39106 0 1.13272e-08 0
0.7675 0.881322 0 5.39457 0 1.13346e-08 0
0.768 0.881896 0 5.39808 0 1.1342e-08 0
0.7685 0.88247 0 5.4016 0 1.13494e-08 0
0.769 0.883044 0 5.40511 0 1.13568e-08 0
0.7695 0.883618 0 5.40863 0 1.13642e-08 0
0.77 0.884193 0 5.41214 0 1.13715e-08 0
0.7705 0.884767 0 5.41566 0 1.13789e-08 0
0.771 0.885341 0 5.41917 0 1.13863e-08 0
0.7715 0.885915 0 5.42268 0 1.13937e-08 0
0.772 0.886489 0 5.4262 0 1.14011e-08 0
0.7725 0.887063 0 5.42971 0 1.14085e-08 0
0.773 0.887637 0 5.43323 0 1.14158e-08 0
0.7735 0.888212 0 5.43674 0 1.14232e-08 0
0.774 0.888786 0 5.44026 0 1.14306e-08 0
0.7745 0.88936 0 5.44377 0 1.1438e-08 0
0.775 0.889934 0 5.44729 0 1.14454e-08 0
0.7755 0.890508 0 5.4508 0 1.14528e-08 0
0.776 0.891082 0 5.45431 0 1.14602e-08 0
0.7765 0.891657 0 5.45783 0 1.14675e-08 0
0.777 0.892231 0 5.46134 0 1.14749e-08 0
0.7775 0.892805 0 5.46486 0 1.14823e-08 0
0.778 0.893379 0 5.46837 0 1.14897e-08 0
0.7785 0.893953 0 5.47189 0 1.14971e-08 0
0.779 0.894527 0 5.4754 0 1.15045e-08 0
0.7795 0.895101 0 5.47891 0 1.15118e-08 0
0.78 0.895676 0 5.48243 0 1.15192e-08 0
0.7805 0.89625 0 5.48594 0 1.15266e-08 0
0.781 0.896824 0 5.48946 0 1.1534e-08 0
0.7815 0.897398 0 5.49297 0 1.15414e-08 0
0.782 0.897972 0 5.49649 0 1.15488e-08 0
0.7825 0.898546 0 5.5 0 1.15561e-08 0
0.783 0.899121 0 5.50352 0 1.15635e-08 0
0.7835 0.899695 0 5.50703 0 1.15709e-08 0
0.784 0.900269 0 5.51054 0 1.15783e-08 0
0.7845 0.900843 0 5.51406 0 1.15857e-08 0
0.785 0.901417 0 5.51757 0 1.15931e-08 0
0.7855 0.901991 0 5.52109 0 1.16004e-08 0
0.786 0.902565 0 5.5246 0 1.16078e-08 0
0.7865 0.90314 0 5.52812 0 1.16152e-08 0
0.787 0.903714 0 5.53163 0 1.16226e-08 0
0.7875 0.904288 0 5.53514 0 1.163e-08 0
0.788 0.904862 0 5.53866 0 1.16374e-08 0
0.7885 0.905436 0 5.54217 0 1.16448e-08 0
0.789 0.90601 0 5.54569 0 1.16521e-08 0
0.7895 0.906584 0 5.5492 0 1.16595e-08 0
0.79 0.907159 0 5.55272 0 1.16669e-08 0
0.7905 0.907733 0 5.55623 0 1.16743e-08 0
0.791 0.908307 0 5.55975 0 1.16817e-08 0
0.7915 0.908881 0 5.56326 0 1.16891e-08 0
0.792 0.909455 0 5.56677 0 1.16964e-08 0
0.7925 0.910029 0 5.57029 0 1.17038e-08 0
0.793 0.910604 0 5.5738 0 1.17112e-08 0
0.7935 0.911178 0 5.57732 0 1.17186e-08 0
0.794 0.911752 0 5.58083 0 1.1726e-08 0
0.7945 0.912326 0 5.58435 0 1.17334e-08 0
0.795 0.9129 0 5.58786 0 1.17407e-08 0
0.7955 0.913474 0 5.59137 0 1.17481e-08 0
0.796 0.914048 0 5.59489 0 1.17555e-08 0
0.7965 0.914623 0 5.5984 0 1.17629e-08 0
0.797 0.915197 0 5.60192 0 1.17703e-08 0
0.7975 0.915771 0 5.60543 0 1.17777e-08 0
0.798 0.916345 0 5.60895 0 1.17851e-08 0
0.7985 0.916919 0 5.61246 0 1.17924e-08 0
0.799 0.917493 0 5.61598 0 1.17998e-08 0
0.7995 0.918067 0 5.61949 0 1.18072e-08 0
0.8 0.918642 0 5.623 0 1.18146e-08 0
0.8005 0.919216 0 5.62652 0 1.1822e-08 0
0.801 0.91979 0 5.63003 0 1.18294e-08 0
0.8015 0.920364 0 5.63355 0 1.18367e-08 0
0.802 0.920938 0 5.63706 0 1.18441e-08 0
0.8025 0.921512 0 5.64058 0 1.18515e-08 0
0.803 0.922087 0 5.64409 0 1.18589e-08 0
0.8035 0.922661 0 5.6476 0 1.18663e-08 0
0.804 0.923235 0 5.65112 0 1.18737e-08 0
0.8045 0.923809 0 5.65463 0 1.1881e-08 0
0.805 0.924383 0 5.65815 0 1.18884e-08 0
0.8055 0.924957 0 5.66166 0 1.18958e-08 0
0.806 0.925531 0 5.66518 0 1.19032e-08 0
0.8065 0.926106 0 5.66869 0 1.19106e-08 0
0.807 0.92668 0 5.67221 0 1.1918e-08 0
0.8075 0.927254 0 5.67572 0 1.19254e-08 0
0.808 0.927828 0 5.67923 0 1.19327e-08 0
0.8085 0.928402 0 5.68275 0 1.19401e-08 0
0.809 0.928976 0 5.68626 0 1.19475e-08 0
0.8095 0.929551 0 5.68978 0 1.19549e-08 0
0.81 0.930125 0 5.69329 0 1.19623e-08 0
0.8105 0.930699 0 5.69681 0 1.19697e-08 0
0.811 0.931273 0 5.70032 0 1.1977e-08 0
0.8115 0.931847 0 5.70383 0 1.19844e-08 0
0.812 0.932421 0 5.70735 0 1.19918e-08 0
0.8125 0.932995 0 5.71086 0 1.19992e-08 0
0.813 0.93357 0 5.71438 0 1.20066e-08 0
0.8135 0.934144 0 5.71789 0 1.2014e-08 0
0.814 0.934718 0 5.72141 0 1.20213e-08 0
0.8145 0.935292 0 5.72492 0 1.20287e-08 0
0.815 0.935866 0 5.72844 0 1.20361e-08 0
0.8155 0.93644 0 5.73195 0 1.20435e-08 0
0.816 0.937014 0 5.73546 0 1.20509e-08 0
0.8165 0.937589 0 5.73898 0 1.20583e-08 0
0.817 0.938163 0 5.74249 0 1.20656e-08 0
0.8175 0.938737 0 5.74601 0 1.2073e-08 0
0.818 0.939311 0 5.74952 0 1.20804e-08 0
0.8185 0.939885 0 5.75304 0 1.20878e-08 0
0.819 0.940459 0 5.75655 0 1.20952e-08 0
0.8195 0.941034 0 5.76006 0 1.21026e-08 0
0.82 0.941608 0 5.76358 0 1.211e-08 0
0.8205 0.942182 0 5.76709 0 1.21173e-08 0
0.821 0.942756 0 5.77061 0 1.21247e-08 0
0.8215 0.94333 0 5.77412 0 1.21321e-08 0
0.822 0.943904 0 5.77764 0 1.21395e-08 0
0.8225 0.944478 0 5.78115 0 1.21469e-08 0
0.823 0.945053 0 5.78467 0 1.21543e-08 0
0.8235 0.945627 0 5.78818 0 1.21616e-08 0
0.824 0.946201 0 5.79169 0 1.2169e-08 0
0.8245 0.946775 0 5.79521 0 1.21764e-08 0
0.825 0.947349 0 5.79872 0 1.21838e-08 0
0.8255 0.947923 0 5.80224 0 1.21912e-08 0
0.826 0.948497 0 5.80575 0 1.21986e-08 0
0.8265 0.949072 0 5.80927 0 1.22059e-08 0
0.827 0.949646 0 5.81278 0 1.22133e-08 0
0.8275 0.95022 0 5.81629 0 1.22207e-08 0
0.828 0.950794 0 5.81981 0 1.22281e-08 0
0.8285 0.951368 0 5.82332 0 1.22355e-08 0
0.829 0.951942 0 5.82684 0 1.22429e-08 0
0.8295 0.952517 0 5.83035 0 1.22503e-08 0
0.83 0.953091 0 5.83387 0 1.22576e-08 0
0.8305 0.953665 0 5.83738 0 1.2265e-08 0
0.831 0.954239 0 5.8409 0 1.22724e-08 0
0.8315 0.954813 0 5.84441 0 1.22798e-08 0
0.832 0.955387 0 5.84792 0 1.22872e-08 0
0.8325 0.955961 0 5.85144 0 1.22946e-08 0
0.833 0.956536 0 5.85495 0 1.23019e-08 0
0.8335 0.95711 0 5.85847 0 1.23093e-08 0
0.834 0.957684 0 5.86198 0 1.23167e-08 0
0.8345 0.958258 0 5.8655 0 1.23241e-08 0
0.835 0.958832 0 5.86901 0 1.23315e-08 0
0.8355 0.959406 0 5.87252 0 1.23389e-08 0
0.836 0.959981 0 5.87604 0 1.23462e-08 0
0.8365 0.960555 0 5.87955 0 1.23536e-08 0
0.837 0.961129 0 5.88307 0 1.2361e-08 0
0.8375 0.961703 0 5.88658 0 1.23684e-08 0
0.838 0.962277 0 5.8901 0 1.23758e-08 0
0.8385 0.962851 0 5.89361 0 1.23832e-08 0
0.839 0.963425 0 5.89713 0 1.23905e-08 0
0.8395 0.964 0 5.90064 0 1.23979e-08 0
0.84 0.964574 0 5.90415 0 1.24053e-08 0
0.8405 0.965148 0 5.90767 0 1.24127e-08 0
0.841 0.965722 0 5.91118 0 1.24201e-08 0
0.8415 0.966296 0 5.9147 0 1.24275e-08 0
0.842 0.96687 0 5.91821 0 1.24349e-08 0
0.8425 0.967444 0 5.92173 0 1.24422e-08 0
0.843 0.968019 0 5.92524 0 1.24496e-08 0
0.8435 0.968593 0 5.92875 0 1.2457e-08 0
0.844 0.969167 0 5.93227 0 1.24644e-08 0
0.8445 0.969741 0 5.93578 0 1.24718e-08 0
0.845 0.970315 0 5.9393 0 1.24792e-08 0
0.8455 0.970889 0 5.94281 0 1.24865e-08 0
0.846 0.971464 0 5.94633 0 1.24939e-08 0
0.8465 0.972038 0 5.94984 0 1.25013e-08 0
0.847 0.972612 0 5.95336 0 1.25087e-08 0
0.8475 0.973186 0 5.95687 0 1.25161e-08 0
0.848 0.97376 0 5.96038 0 1.25235e-08 0
0.8485 0.974334 0 5.9639 0 1.25308e-08 0
0.849 0.974908 0 5.96741 0 1.25382e-08 0
0.8495 0.975483 0 5.97093 0 1.25456e-08 0
0.85 0.976057 0 5.97444 0 1.2553e-08 0
0.8505 0.976631 0 5.97796 0 1.25604e-08 0
0.851 0.977205 0 5.98147 0 1.25678e-08 0
0.8515 0.977779 0 5.98498 0 1.25752e-08 0
0.852 0.978353 0 5.9885 0 1.25825e-08 0
0.8525 0.978928 0 5.99201 0 1.25899e-08 0
0.853 0.979502 0 5.99553 0 1.25973e-08 0
0.8535 0.980076 0 5.99904 0 1.26047e-08 0
0.854 0.98065 0 6.00256 0 1.26121e-08 0
0.8545 0.981224 0 6.00607 0 1.26195e-08 0
0.855 0.981798 0 6.00959 0 1.26268e-08 0
0.8555 0.982372 0 6.0131 0 1.26342e-08 0
0.856 0.982947 0 6.01661 0 1.26416e-08 0
0.8565 0.983521 0 6.02013 0 1.2649e-08 0
0.857 0.984095 0 6.02364 0 1.26564e-08 0
0.8575 0.984669 0 6.02716 0 1.26638e-08 0
0.858 0.985243 0 6.03067 0 1.26711e-08 0
0.8585 0.985817 0 6.03419 0 1.26785e-08 0
0.859 0.986391 0 6.0377 0 1.26859e-08 0
0.8595 0.986966 0 6.04121 0 1.26933e-08 0
0.86 0.98754 0 6.04473 0 1.27007e-08 0
0.8605 0.988114 0 6.04824 0 1.27081e-08 0
0.861 0.988688 0 6.05176 0 1.27155e-08 0
0.8615 0.989262 0 6.05527 0 1.27228e-08 0
0.862 0.989836 0 6.05879 0 1.27302e-08 0
0.8625 0.990411 0 6.0623 0 1.27376e-08 0
0.863 0.990985 0 6.06582 0 1.2745e-08 0
0.8635 0.991559 0 6.06933 0 1.27524e-08 0
0.864 0.992133 0 6.07284 0 1.27598e-08 0
0.8645 0.992707 0 6.07636 0 1.27671e-08 0
0.865 0.993281 0 6.07987 0 1.27745e-08 0
0.8655 0.993855 0 6.08339 0 1.27819e-08 0
0.866 0.99443 0 6.0869 0 1.27893e-08 0
0.8665 0.995004 0 6.09042 0 1.27967e-08 0
0.867 0.995578 0 6.09393 0 1.28041e-08 0
0.8675 0.996152 0 6.09744 0 1.28114e-08 0
0.868 0.996726 0 6.10096 0 1.28188e-08 0
0.8685 0.9973 0 6.10447 0 1.28262e-08 0
0.869 0.997874 0 6.10799 0 1.28336e-08 0
0.8695 0.998449 0 6.1115 0 1.2841e-08 0
0.87 0.999023 0 6.11502 0 1.28484e-08 0
0.8705 0.999597 0 6.11853 0 1.28557e-08 0
0.871 1.00017 0 6.12205 0 1.28631e-08 0
0.8715 1.00075 0 6.12556 0 1.28705e-08 0
0.872 1.00132 0 6.12907 0 1.28779e-08 0
0.8725 1.00189 0 6.13259 0 1.28853e-08 0
0.873 1.00247 0 6.1361 0 1.28927e-08 0
0.8735 1.00304 0 6.13962 0 1.29001e-08 0
0.874 1.00362 0 6.14313 0 1.29074e-08 0
0.8745 1.00419 0 6.14665 0 1.29148e-08 0
0.875 1.00476 0 6.15016 0 1.29222e-08 0
0.8755 1.00534 0 6.15368 0 1.29296e-08 0
0.876 1.00591 0 6.15719 0 1.2937e-08 0
0.8765 1.00649 0 6.1607 0 1.29444e-08 0
0.877 1.00706 0 6.16422 0 1.29517e-08 0
0.8775 1.00764 0 6.16773 0 1.29591e-08 0
0.878 1.00821 0 6.17125 0 1.29665e-08 0
0.8785 1.00878 0 6.17476 0 1.29739e-08 0
0.879 1.00936 0 6.17828 0 1.29813e-08 0
0.8795 1.00993 0 6.18179 0 1.29887e-08 0
0.88 1.01051 0 6.1853 0 1.2996e-08 0
0.8805 1.01108 0 6.18882 0 1.30034e-08 0
0.881 1.01165 0 6.19233 0 1.30108e-08 0
0.8815 1.01223 0 6.19585 0 1.30182e-08 0
0.882 1.0128 0 6.19936 0 1.30256e-08 0
0.8825 1.01338 0 6.20288 0 1.3033e-08 0
0.883 1.01395 0 6.20639 0 1.30404e-08 0
0.8835 1.01452 0 6.20991 0 1.30477e-08 0
0.884 1.0151 0 6.21342 0 1.30551e-08 0
0.8845 1.01567 0 6.21693 0 1.30625e-08 0
0.885 1.01625 0 6.22045 0 1.30699e-08 0
0.8855 1.01682 0 6.22396 0 1.30773e-08 0
0.886 1.0174 0 6.22748 0 1.30847e-08 0
0.8865 1.01797 0 6.23099 0 1.3092e-08 0
0.887 1.01854 0 6.23451 0 1.30994e-08 0
0.8875 1.01912 0 6.23802 0 1.31068e-08 0
0.888 1.01969 0 6.24153 0 1.31142e-08 0
0.8885 1.02027 0 6.24505 0 1.31216e-08 0
0.889 1.02084 0 6.24856 0 1.3129e-08 0
0.8895 1.02141 0 6.25208 0 1.31363e-08 0
0.89 1.02199 0 6.25559 0 1.31437e-08 0
0.8905 1.02256 0 6.25911 0 1.31511e-08 0
0.891 1.02314 0 6.26262 0 1.31585e-08 0
0.8915 1.02371 0 6.26614 0 1.31659e-08 0
0.892 1.02429 0 6.26965 0 1.31733e-08 0
0.8925 1.02486 0 6.27316 0 1.31807e-08 0
0.893 1.02543 0 6.27668 0 1.3188e-08 0
0.8935 1.02601 0 6.28019 0 1.31954e-08 0
0.894 1.02658 0 6.28371 0 1.32028e-08 0
0.8945 1.02716 0 6.28722 0 1.32102e-08 0
0.895 1.02773 0 6.29074 0 1.32176e-08 0
0.8955 1.0283 0 6.29425 0 1.3225e-08 0
0.896 1.02888 0 6.29776 0 1.32323e-08 0
0.8965 1.02945 0 6.30128 0 1.32397e-08 0
0.897 1.03003 0 6.30479 0 1.32471e-08 0
0.8975 1.0306 0 6.30831 0 1.32545e-08 0
0.898 1.03118 0 6.31182 0 1.32619e-08 0
0.8985 1.03175 0 6.31534 0 1.32693e-08 0
0.899 1.03232 0 6.31885 0 1.32766e-08 0
0.8995 1.0329 0 6.32237 0 1.3284e-08 0
0.9 1.03347 0 6.32588 0 1.32914e-08 0
0.9005 1.03405 0 6.32939 0 1.32988e-08 0
0.901 1.03462 0 6.33291 0 1.33062e-08 0
0.9015 1.03519 0 6.33642 0 1.33136e-08 0
0.902 1.03577 0 6.33994 0 1.33209e-08 0
0.9025 1.03634 0 6.34345 0 1.33283e-08 0
0.903 1.03692 0 6.34697 0 1.33357e-08 0
0.9035 1.03749 0 6.35048 0 1.33431e-08 0
0.904 1.03807 0 6.35399 0 1.33505e-08 0
0.9045 1.03864 0 6.35751 0 1.33579e-08 0
0.905 1.03921 0 6.36102 0 1.33653e-08 0
0.9055 1.03979 0 6.36454 0 1.33726e-08 0
0.906 1.04036 0 6.36805 0 1.338e-08 0
0.9065 1.04094 0 6.37157 0 1.33874e-08 0
0.907 1.04151 0 6.37508 0 1.33948e-08 0
0.9075 1.04208 0 6.3786 0 1.34022e-08 0
0.908 1.04266 0 6.38211 0 1.34096e-08 0
0.9085 1.04323 0 6.38562 0 1.34169e-08 0
0.909 1.04381 0 6.38914 0 1.34243e-08 0
0.9095 1.04438 0 6.39265 0 1.34317e-08 0
0.91 1.04495 0 6.39617 0 1.34391e-08 0
0.9105 1.04553 0 6.39968 0 1.34465e-08 0
0.911 1.0461 0 6.4032 0 1.34539e-08 0
0.9115 1.04668 0 6.40671 0 1.34612e-08 0
0.912 1.04725 0 6.41022 0 1.34686e-08 0
0.9125 1.04783 0 6.41374 0 1.3476e-08 0
0.913 1.0484 0 6.41725 0 1.34834e-08 0
0.9135 1.04897 0 6.42077 0 1.34908e-08 0
0.914 1.04955 0 6.42428 0 1.34982e-08 0
0.9145 1.05012 0 6.4278 0 1.35056e-08 0
0.915 1.0507 0 6.43131 0 1.35129e-08 0
0.9155 1.05127 0 6.43483 0 1.35203e-08 0
0.916 1.05184 0 6.43834 0 1.35277e-08 0
0.9165 1.05242 0 6.44185 0 1.35351e-08 0
0.917 1.05299 0 6.44537 0 1.35425e-08 0
0.9175 1.05357 0 6.44888 0 1.35499e-08 0
0.918 1.05414 0 6.4524 0 1.35572e-08 0
0.9185 1.05472 0 6.45591 0 1.35646e-08 0
0.919 1.05529 0 6.45943 0 1.3572e-08 0
0.9195 1.05586 0 6.46294 0 1.35794e-08 0
0.92 1.05644 0 6.46645 0 1.35868e-08 0
0.9205 1.05701 0 6.46997 0 1.35942e-08 0
0.921 1.05759 0 6.47348 0 1.36015e-08 0
0.9215 1.05816 0 6.477 0 1.36089e-08 0
0.922 1.05873 0 6.48051 0 1.36163e-08 0
0.9225 1.05931 0 6.48403 0 1.36237e-08 0
0.923 1.05988 0 6.48754 0 1.36311e-08 0
0.9235 1.06046 0 6.49106 0 1.36385e-08 0
0.924 1.06103 0 6.49457 0 1.36458e-08 0
0.9245 1.06161 0 6.49808 0 1.36532e-08 0
0.925 1.06218 0 6.5016 0 1.36606e-08 0
0.9255 1.06275 0 6.50511 0 1.3668e-08 0
0.926 1.06333 0 6.50863 0 1.36754e-08 0
0.9265 1.0639 0 6.51214 0 1.36828e-08 0
0.927 1.06448 0 6.51566 0 1.36902e-08 0
0.9275 1.06505 0 6.51917 0 1.36975e-08 0
0.928 1.06562 0 6.52268 0 1.37049e-08 0
0.9285 1.0662 0 6.5262 0 1.37123e-08 0
0.929 1.06677 0 6.52971 0 1.37197e-08 0
0.9295 1.06735 0 6.53323 0 1.37271e-08 0
0.93 1.06792 0 6.53674 0 1.37345e-08 0
0.9305 1.0685 0 6.54026 0 1.37418e-08 0
0.931 1.06907 0 6.54377 0 1.37492e-08 0
0.9315 1.06964 0 6.54729 0 1.37566e-08 0
0.932 1.07022 0 6.5508 0 1.3764e-08 0
0.9325 1.07079 0 6.55431 0 1.37714e-08 0
0.933 1.07137 0 6.55783 0 1.37788e-08 0
0.9335 1.07194 0 6.56134 0 1.37861e-08 0
0.934 1.07251 0 6.56486 0 1.37935e-08 0
0.9345 1.07309 0 6.56837 0 1.38009e-08 0
0.935 1.07366 0 6.57189 0 1.38083e-08 0
0.9355 1.07424 0 6.5754 0 1.38157e-08 0
0.936 1.07481 0 6.57891 0 1.38231e-08 0
0.9365 1.07538 0 6.58243 0 1.38305e-08 0
0.937 1.07596 0 6.58594 0 1.38378e-08 0
0.9375 1.07653 0 6.58946 0 1.38452e-08 0
0.938 1.07711 0 6.59297 0 1.38526e-08 0
0.9385 1.07768 0 6.59649 0 1.386e-08 0
0.939 1.07826 0 6.6 0 1.38674e-08 0
0.9395 1.07883 0 6.60352 0 1.38748e-08 0
0.94 1.0794 0 6.60703 0 1.38821e-08 0
0.9405 1.07998 0 6.61054 0 1.38895e-08 0
0.941 1.08055 0 6.61406 0 1.38969e-08 0
0.9415 1.08113 0 6.61757 0 1.39043e-08 0
0.942 1.0817 0 6.62109 0 1.39117e-08 0
0.9425 1.08227 0 6.6246 0 1.39191e-08 0
0.943 1.08285 0 6.62812 0 1.39264e-08 0
0.9435 1.08342 0 6.63163 0 1.39338e-08 0
0.944 1.084 0 6.63514 0 1.39412e-08 0
0.9445 1.08457 0 6.63866 0 1.39486e-08 0
0.945 1.08515 0 6.64217 0 1.3956e-08 0
0.9455 1.08572 0 6.64569 0 1.39634e-08 0
0.946 1.08629 0 6.6492 0 1.39708e-08 0
0.9465 1.08687 0 6.65272 0 1.39781e-08 0
0.947 1.08744 0 6.65623 0 1.39855e-08 0
0.9475 1.08802 0 6.65975 0 1.39929e-08 0
0.948 1.08859 0 6.66326 0 1.40003e-08 0
0.9485 1.08916 0 6.66677 0 1.40077e-08 0
0.949 1.08974 0 6.67029 0 1.40151e-08 0
0.9495 1.09031 0 6.6738 0 1.40224e-08 0
0.95 1.09089 0 6.67732 0 1.40298e-08 0
0.9505 1.09146 0 6.68083 0 1.40372e-08 0
0.951 1.09204 0 6.68435 0 1.40446e-08 0
0.9515 1.09261 0 6.68786 0 1.4052e-08 0
0.952 1.09318 0 6.69137 0 1.40594e-08 0
0.9525 1.09376 0 6.69489 0 1.40667e-08 0
0.953 1.09433 0 6.6984 0 1.40741e-08 0
0.9535 1.09491 0 6.70192 0 1.40815e-08 0
0.954 1.09548 0 6.70543 0 1.40889e-08 0
0.9545 1.09605 0 6.70895 0 1.40963e-08 0
0.955 1.09663 0 6.71246 0 1.41037e-08 0
0.9555 1.0972 0 6.71598 0 1.4111e-08 0
0.956 1.09778 0 6.71949 0 1.41184e-08 0
0.9565 1.09835 0 6.723 0 1.41258e-08 0
0.957 1.09893 0 6.72652 0 1.41332e-08 0
0.9575 1.0995 0 6.73003 0 1.41406e-08 0
0.958 1.10007 0 6.73355 0 1.4148e-08 0
0.9585 1.10065 0 6.73706 0 1.41554e-08 0
0.959 1.10122 0 6.74058 0 1.41627e-08 0
0.9595 1.1018 0 6.74409 0 1.41701e-08 0
0.96 1.10237 0 6.7476 0 1.41775e-08 0
0.9605 1.10294 0 6.75112 0 1.41849e-08 0
0.961 1.10352 0 6.75463 0 1.41923e-08 0
0.9615 1.10409 0 6.75815 0 1.41997e-08 0
0.962 1.10467 0 6.76166 0 1.4207e-08 0
0.9625 1.10524 0 6.76518 0 1.42144e-08 0
0.963 1.10581 0 6.76869 0 1.42218e-08 0
0.9635 1.10639 0 6.77221 0 1.42292e-08 0
0.964 1.10696 0 6.77572 0 1.42366e-08 0
0.9645 1.10754 0 6.77923 0 1.4244e-08 0
0.965 1.10811 0 6.78275 0 1.42513e-08 0
0.9655 1.10869 0 6.78626 0 1.42587e-08 0
0.966 1.10926 0 6.78978 0 1.42661e-08 0
0.9665 1.10983 0 6.79329 0 1.42735e-08 0
0.967 1.11041 0 6.79681 0 1.42809e-08 0
0.9675 1.11098 0 6.80032 0 1.42883e-08 0
0.968 1.11156 0 6.80383 0 1.42957e-08 0
0.9685 1.11213 0 6.80735 0 1.4303e-08 0
0.969 1.1127 0 6.81086 0 1.43104e-08 0
0.9695 1.11328 0 6.81438 0 1.43178e-08 0
0.97 1.11385 0 6.81789 0 1.43252e-08 0
0.9705 1.11443 0 6.82141 0 1.43326e-08 0
0.971 1.115 0 6.82492 0 1.434e-08 0
0.9715 1.11558 0 6.82844 0 1.43473e-08 0
0.972 1.11615 0 6.83195 0 1.43547e-08 0
0.9725 1.11672 0 6.83546 0 1.43621e-08 0
0.973 1.1173 0 6.83898 0 1.43695e-08 0
0.9735 1.11787 0 6.84249 0 1.43769e-08 0
0.974 1.11845 0 6.84601 0 1.43843e-08 0
0.9745 1.11902 0 6.84952 0 1.43916e-08 0
0.975 1.11959 0 6.85304 0 1.4399e-08 0
0.9755 1.12017 0 6.85655 0 1.44064e-08 0
0.976 1.12074 0 6.86006 0 1.44138e-08 0
0.9765 1.12132 0 6.86358 0 1.44212e-08 0
0.977 1.12189 0 6.86709 0 1.44286e-08 0
0.9775 1.12247 0 6.87061 0 1.4436e-08 0
0.978 1.12304 0 6.87412 0 1.44433e-08 0
0.9785 1.12361 0 6.87764 0 1.44507e-08 0
0.979 1.12419 0 6.88115 0 1.44581e-08 0
0.9795 1.12476 0 6.88467 0 1.44655e-08 0
0.98 1.12534 0 6.88818 0 1.44729e-08 0
0.9805 1.12591 0 6.89169 0 1.44803e-08 0
0.981 1.12648 0 6.89521 0 1.44876e-08 0
0.9815 1.12706 0 6.89872 0 1.4495e-08 0
0.982 1.12763 0 6.90224 0 1.45024e-08 0
0.9825 1.12821 0 6.90575 0 1.45098e-08 0
0.983 1.12878 0 6.90927 0 1.45172e-08 0
0.9835 1.12936 0 6.91278 0 1.45246e-08 0
0.984 1.12993 0 6.91629 0 1.45319e-08 0
0.9845 1.1305 0 6.91981 0 1.45393e-08 0
0.985 1.13108 0 6.92332 0 1.45467e-08 0
0.9855 1.13165 0 6.92684 0 1.45541e-08 0
0.986 1.13223 0 6.93035 0 1.45615e-08 0
0.9865 1.1328 0 6.93387 0 1.45689e-08 0
0.987 1.13337 0 6.93738 0 1.45762e-08 0
0.9875 1.13395 0 6.9409 0 1.45836e-08 0
0.988 1.13452 0 6.94441 0 1.4591e-08 0
0.9885 1.1351 0 6.94792 0 1.45984e-08 0
0.989 1.13567 0 6.95144 0 1.46058e-08 0
0.9895 1.13624 0 6.95495 0 1.46132e-08 0
0.99 1.13682 0 6.95847 0 1.46206e-08 0
0.9905 1.13739 0 6.96198 0 1.46279e-08 0
0.991 1.13797 0 6.9655 0 1.46353e-08 0
0.9915 1.13854 0 6.96901 0 1.46427e-08 0
0.992 1.13912 0 6.97252 0 1.46501e-08 0
0.9925 1.13969 0 6.97604 0 1.46575e-08 0
0.993 1.14026 0 6.97955 0 1.46649e-08 0
0.9935 1.14084 0 6.98307 0 1.46722e-08 0
0.994 1.14141 0 6.98658 0 1.46796e-08 0
0.9945 1.14199 0 6.9901 0 1.4687e-08 0
0.995 1.14256 0 6.99361 0 1.46944e-08 0
0.9955 1.14313 0 6.99713 0 1.47018e-08 0
0.996 1.14371 0 7.00064 0 1.47092e-08 0
0.9965 1.14428 0 7.00415 0 1.47165e-08 0
0.997 1.14486 0 7.00767 0 1.47239e-08 0
0.9975 1.14543 0 7.01118 0 1.47313e-08 0
0.998 1.14601 0 7.0147 0 1.47387e-08 0
0.9985 1.14658 0 7.01821 0 1.47461e-08 0
0.999 1.14715 0 7.02173 0 1.47535e-08 0
0.9995 1.14773 0 7.02524 0 1.47609e-08 0
1 1.1483 0 7.02876 0 1.47682e-08 0
