0.0005 0.0314044 0 0.0063803 0 2.05835e-05 0
0.001 0.0628088 0 0.0127606 0 4.11669e-05 0
0.0015 0.0942132 0 0.0191409 0 6.17504e-05 0
0.002 0.125618 0 0.0255212 0 8.23338e-05 0
0.0025 0.157022 0 0.0319015 0 0.000102917 0
0.003 0.188426 0 0.0382818 0 0.000123501 0
0.0035 0.219831 0 0.0446621 0 0.000144084 0
0.004 0.251235 0 0.0510424 0 0.000164668 0
0.0045 0.28264 0 0.0574227 0 0.000185251 0
0.005 0.314044 0 0.063803 0 0.000205835 0
0.0055 0.345448 0 0.0701833 0 0.000226418 0
0.006 0.376853 0 0.0765636 0 0.000247002 0
0.0065 0.408257 0 0.082944 0 0.000267585 0
0.007 0.439662 0 0.0893243 0 0.000288168 0
0.0075 0.471066 0 0.0957046 0 0.000308752 0
0.008 0.50247 0 0.102085 0 0.000329335 0
0.0085 0.533875 0 0.108465 0 0.000349919 0
0.009 0.565279 0 0.114845 0 0.000370502 0
0.0095 0.596684 0 0.121226 0 0.000391086 0
0.01 0.628088 0 0.127606 0 0.000411669 0
0.0105 0.659492 0 0.133986 0 0.000432253 0
0.011 0.690897 0 0.140367 0 0.000452836 0
0.0115 0.722301 0 0.146747 0 0.00047342 0
0.012 0.753706 0 0.153127 0 0.000494003 0
0.0125 0.78511 0 0.159508 0 0.000514587 0
0.013 0.816514 0 0.165888 0 0.00053517 0
0.0135 0.847919 0 0.172268 0 0.000555753 0
0.014 0.879323 0 0.178649 0 0.000576337 0
0.0145 0.910728 0 0.185029 0 0.00059692 0
0.015 0.942132 0 0.191409 0 0.000617504 0
0.0155 0.973536 0 0.197789 0 0.000638087 0
0.016 1.00494 0 0.20417 0 0.000658671 0
0.0165 1.03635 0 0.21055 0 0.000679254 0
0.017 1.06775 0 0.21693 0 0.000699838 0
0.0175 1.09915 0 0.223311 0 0.000720421 0
0.018 1.13056 0 0.229691 0 0.000741005 0
0.0185 1.16196 0 0.236071 0 0.000761588 0
0.019 1.19337 0 0.242452 0 0.000782171 0
0.0195 1.22477 0 0.248832 0 0.000802755 0
0.02 1.25618 0 0.255212 0 0.000823338 0
0.0205 1.28758 0 0.261592 0 0.000843922 0
0.021 1.31898 0 0.267973 0 0.000864505 0
0.0215 1.35039 0 0.274353 0 0.000885089 0
0.022 1.38179 0 0.280733 0 0.000905672 0
0.0225 1.4132 0 0.287114 0 0.000926256 0
0.023 1.4446 0 0.293494 0 0.000946839 0
0.0235 1.47601 0 0.299874 0 0.000967423 0
0.024 1.50741 0 0.306255 0 0.000988006 0
0.0245 1.53882 0 0.312635 0 0.00100859 0
0.025 1.57022 0 0.319015 0 0.00102917 0
0.0255 1.60162 0 0.325396 0 0.00104976 0
0.026 1.63303 0 0.331776 0 0.00107034 0
0.0265 1.66443 0 0.338156 0 0.00109092 0
0.027 1.69584 0 0.344536 0 0.00111151 0
0.0275 1.72724 0 0.350917 0 0.00113209 0
0.028 1.75865 0 0.357297 0 0.00115267 0
0.0285 1.79005 0 0.363677 0 0.00117326 0
0.029 1.82146 0 0.370058 0 0.00119384 0
0.0295 1.85286 0 0.376438 0 0.00121442 0
0.03 1.88426 0 0.382818 0 0.00123501 0
0.0305 1.91567 0 0.389199 0 0.00125559 0
0.031 1.94707 0 0.395579 0 0.00127617 0
0.0315 1.97848 0 0.401959 0 0.00129676 0
0.032 2.00988 0 0.408339 0 0.00131734 0
0.0325 2.04129 0 0.41472 0 0.00133792 0
0.033 2.07269 0 0.4211 0 0.00135851 0
0.0335 2.10409 0 0.42748 0 0.00137909 0
0.034 2.1355 0 0.433861 0 0.00139968 0
0.0345 2.1669 0 0.440241 0 0.00142026 0
0.035 2.19831 0 0.446621 0 0.00144084 0
0.0355 2.22971 0 0.453002 0 0.00146143 0
0.036 2.26112 0 0.459382 0 0.00148201 0
0.0365 2.29252 0 0.465762 0 0.00150259 0
0.037 2.32393 0 0.472143 0 0.00152318 0
0.0375 2.35533 0 0.478523 0 0.00154376 0
0.038 2.38673 0 0.484903 0 0.00156434 0
0.0385 2.41814 0 0.491283 0 0.00158493 0
0.039 2.44954 0 0.497664 0 0.00160551 0
0.0395 2.48095 0 0.504044 0 0.00162609 0
0.04 2.51235 0 0.510424 0 0.00164668 0
0.0405 2.54376 0 0.516805 0 0.00166726 0
0.041 2.57516 0 0.523185 0 0.00168784 0
0.0415 2.60657 0 0.529565 0 0.00170843 0
0.042 2.63797 0 0.535946 0 0.00172901 0
0.0425 2.66937 0 0.542326 0 0.00174959 0
0.043 2.70078 0 0.548706 0 0.00177018 0
0.0435 2.73218 0 0.555086 0 0.00179076 0
0.044 2.76359 0 0.561467 0 0.00181134 0
0.0445 2.79499 0 0.567847 0 0.00183193 0
0.045 2.8264 0 0.574227 0 0.00185251 0
0.0455 2.8578 0 0.580608 0 0.00187309 0
0.046 2.8892 0 0.586988 0 0.00189368 0
0.0465 2.92061 0 0.593368 0 0.00191426 0
0.047 2.95201 0 0.599749 0 0.00193485 0
0.0475 2.98342 0 0.606129 0 0.00195543 0
0.048 3.01482 0 0.612509 0 0.00197601 0
0.0485 3.04623 0 0.618889 0 0.0019966 0
0.049 3.07763 0 0.62527 0 0.00201718 0
0.0495 3.10904 0 0.63165 0 0.00203776 0
0.05 3.14044 0 0.63803 0 0.00205835 0
0.0505 3.17184 0 0.644411 0 0.00207893 0
0.051 3.20325 0 0.650791 0 0.00209951 0
0.0515 3.23465 0 0.657171 0 0.0021201 0
0.052 3.26606 0 0.663552 0 0.00214068 0
0.0525 3.29746 0 0.669932 0 0.00216126 0
0.053 3.32887 0 0.676312 0 0.00218185 0
0.0535 3.36027 0 0.682693 0 0.00220243 0
0.054 3.39168 0 0.689073 0 0.00222301 0
0.0545 3.42308 0 0.695453 0 0.0022436 0
0.055 3.45448 0 0.701833 0 0.00226418 0
0.0555 3.48589 0 0.708214 0 0.00228476 0
0.056 3.51729 0 0.714594 0 0.00230535 0
0.0565 3.5487 0 0.720974 0 0.00232593 0
0.057 3.5801 0 0.727355 0 0.00234651 0
0.0575 3.61151 0 0.733735 0 0.0023671 0
0.058 3.64291 0 0.740115 0 0.00238768 0
0.0585 3.67432 0 0.746496 0 0.00240826 0
0.059 3.70572 0 0.752876 0 0.00242885 0
0.0595 3.73712 0 0.759256 0 0.00244943 0
0.06 3.76853 0 0.765636 0 0.00247002 0
0.0605 3.79993 0 0.772017 0 0.0024906 0
0.061 3.83134 0 0.778397 0 0.00251118 0
0.0615 3.86274 0 0.784777 0 0.00253177 0
0.062 3.89415 0 0.791158 0 0.00255235 0
0.0625 3.92555 0 0.797538 0 0.00257293 0
0.063 3.95695 0 0.803918 0 0.00259352 0
0.0635 3.98836 0 0.810299 0 0.0026141 0
0.064 4.01976 0 0.816679 0 0.00263468 0
0.0645 4.05117 0 0.823059 0 0.00265527 0
0.065 4.08257 0 0.82944 0 0.00267585 0
0.0655 4.11398 0 0.83582 0 0.00269643 0
0.066 4.14538 0 0.8422 0 0.00271702 0
0.0665 4.17679 0 0.84858 0 0.0027376 0
0.067 4.20819 0 0.854961 0 0.00275818 0
0.0675 4.23959 0 0.861341 0 0.00277877 0
0.068 4.271 0 0.867721 0 0.00279935 0
0.0685 4.3024 0 0.874102 0 0.00281993 0
0.069 4.33381 0 0.880482 0 0.00284052 0
0.0695 4.36521 0 0.886862 0 0.0028611 0
0.07 4.39662 0 0.893243 0 0.00288168 0
0.0705 4.42802 0 0.899623 0 0.00290227 0
0.071 4.45943 0 0.906003 0 0.00292285 0
0.0715 4.49083 0 0.912383 0 0.00294343 0
0.072 4.52223 0 0.918764 0 0.00296402 0
0.0725 4.55364 0 0.925144 0 0.0029846 0
0.073 4.58504 0 0.931524 0 0.00300519 0
0.0735 4.61645 0 0.937905 0 0.00302577 0
0.074 4.64785 0 0.944285 0 0.00304635 0
0.0745 4.67926 0 0.950665 0 0.00306694 0
0.075 4.71066 0 0.957046 0 0.00308752 0
0.0755 4.74206 0 0.963426 0 0.0031081 0
0.076 4.77347 0 0.969806 0 0.00312869 0
0.0765 4.80487 0 0.976187 0 0.00314927 0
0.077 4.83628 0 0.982567 0 0.00316985 0
0.0775 4.86768 0 0.988947 0 0.00319044 0
0.078 4.89909 0 0.995327 0 0.00321102 0
0.0785 4.93049 0 1.00171 0 0.0032316 0
0.079 4.9619 0 1.00809 0 0.00325219 0
0.0795 4.9933 0 1.01447 0 0.00327277 0
0.08 5.0247 0 1.02085 0 0.00329335 0
0.0805 5.05611 0 1.02723 0 0.00331394 0
0.081 5.08751 0 1.03361 0 0.00333452 0
0.0815 5.11892 0 1.03999 0 0.0033551 0
0.082 5.15032 0 1.04637 0 0.00337569 0
0.0825 5.18173 0 1.05275 0 0.00339627 0
0.083 5.21313 0 1.05913 0 0.00341685 0
0.0835 5.24454 0 1.06551 0 0.00343744 0
0.084 5.27594 0 1.07189 0 0.00345802 0
0.0845 5.30734 0 1.07827 0 0.0034786 0
0.085 5.33875 0 1.08465 0 0.00349919 0
0.0855 5.37015 0 1.09103 0 0.00351977 0
0.086 5.40156 0 1.09741 0 0.00354036 0
0.0865 5.43296 0 1.10379 0 0.00356094 0
0.087 5.46437 0 1.11017 0 0.00358152 0
0.0875 5.49577 0 1.11655 0 0.00360211 0
0.088 5.52717 0 1.12293 0 0.00362269 0
0.0885 5.55858 0 1.12931 0 0.00364327 0
0.089 5.58998 0 1.13569 0 0.00366386 0
0.0895 5.62139 0 1.14207 0 0.00368444 0
0.09 5.65279 0 1.14845 0 0.00370502 0
0.0905 5.6842 0 1.15484 0 0.00372561 0
0.091 5.7156 0 1.16122 0 0.00374619 0
0.0915 5.74701 0 1.1676 0 0.00376677 0
0.092 5.77841 0 1.17398 0 0.00378736 0
0.0925 5.80981 0 1.18036 0 0.00380794 0
0.093 5.84122 0 1.18674 0 0.00382852 0
0.0935 5.87262 0 1.19312 0 0.00384911 0
0.094 5.90403 0 1.1995 0 0.00386969 0
0.0945 5.93543 0 1.20588 0 0.00389027 0
0.095 5.96684 0 1.21226 0 0.00391086 0
0.0955 5.99824 0 1.21864 0 0.00393144 0
0.096 6.02965 0 1.22502 0 0.00395202 0
0.0965 6.06105 0 1.2314 0 0.00397261 0
0.097 6.09245 0 1.23778 0 0.00399319 0
0.0975 6.12386 0 1.24416 0 0.00401377 0
0.098 6.15526 0 1.25054 0 0.00403436 0
0.0985 6.18667 0 1.25692 0 0.00405494 0
0.099 6.21807 0 1.2633 0 0.00407553 0
0.0995 6.24948 0 1.26968 0 0.00409611 0
0.1 6.28088 0 1.27606 0 0.00411669 0
0.1005 6.31228 0 1.28244 0 0.00413728 0
0.101 6.34369 0 1.28882 0 0.00415786 0
0.1015 6.37509 0 1.2952 0 0.00417844 0
0.102 6.4065 0 1.30158 0 0.00419903 0
0.1025 6.4379 0 1.30796 0 0.00421961 0
0.103 6.46931 0 1.31434 0 0.00424019 0
0.1035 6.50071 0 1.32072 0 0.00426078 0
0.104 6.53212 0 1.3271 0 0.00428136 0
0.1045 6.56352 0 1.33348 0 0.00430194 0
0.105 6.59492 0 1.33986 0 0.00432253 0
0.1055 6.62633 0 1.34624 0 0.00434311 0
0.106 6.65773 0 1.35262 0 0.00436369 0
0.1065 6.68914 0 1.359 0 0.00438428 0
0.107 6.72054 0 1.36539 0 0.00440486 0
0.1075 6.75195 0 1.37177 0 0.00442544 0
0.108 6.78335 0 1.37815 0 0.00444603 0
0.1085 6.81476 0 1.38453 0 0.00446661 0
0.109 6.84616 0 1.39091 0 0.00448719 0
0.1095 6.87756 0 1.39729 0 0.00450778 0
0.11 6.90897 0 1.40367 0 0.00452836 0
0.1105 6.94037 0 1.41005 0 0.00454894 0
0.111 6.97178 0 1.41643 0 0.00456953 0
0.1115 7.00318 0 1.42281 0 0.00459011 0
0.112 7.03459 0 1.42919 0 0.0046107 0
0.1125 7.06599 0 1.43557 0 0.00463128 0
0.113 7.09739 0 1.44195 0 0.00465186 0
0.1135 7.1288 0 1.44833 0 0.00467245 0
0.114 7.1602 0 1.45471 0 0.00469303 0
0.1145 7.19161 0 1.46109 0 0.00471361 0
0.115 7.22301 0 1.46747 0 0.0047342 0
0.1155 7.25442 0 1.47385 0 0.00475478 0
0.116 7.28582 0 1.48023 0 0.00477536 0
0.1165 7.31723 0 1.48661 0 0.00479595 0
0.117 7.34863 0 1.49299 0 0.00481653 0
0.1175 7.38003 0 1.49937 0 0.00483711 0
0.118 7.41144 0 1.50575 0 0.0048577 0
0.1185 7.44284 0 1.51213 0 0.00487828 0
0.119 7.47425 0 1.51851 0 0.00489886 0
0.1195 7.50565 0 1.52489 0 0.00491945 0
0.12 7.53706 0 1.53127 0 0.00494003 0
0.1205 7.56846 0 1.53765 0 0.00496061 0
0.121 7.59987 0 1.54403 0 0.0049812 0
0.1215 7.63127 0 1.55041 0 0.00500178 0
0.122 7.66267 0 1.55679 0 0.00502236 0
0.1225 7.69408 0 1.56317 0 0.00504295 0
0.123 7.72548 0 1.56955 0 0.00506353 0
0.1235 7.75689 0 1.57594 0 0.00508411 0
0.124 7.78829 0 1.58232 0 0.0051047 0
0.1245 7.8197 0 1.5887 0 0.00512528 0
0.125 7.8511 0 1.59508 0 0.00514587 0
0.1255 7.8825 0 1.60146 0 0.00516645 0
0.126 7.91391 0 1.60784 0 0.00518703 0
0.1265 7.94531 0 1.61422 0 0.00520762 0
0.127 7.97672 0 1.6206 0 0.0052282 0
0.1275 8.00812 0 1.62698 0 0.00524878 0
0.128 8.03953 0 1.63336 0 0.00526937 0
0.1285 8.07093 0 1.63974 0 0.00528995 0
0.129 8.10234 0 1.64612 0 0.00531053 0
0.1295 8.13374 0 1.6525 0 0.00533112 0
0.13 8.16514 0 1.65888 0 0.0053517 0
0.1305 8.19655 0 1.66526 0 0.00537228 0
0.131 8.22795 0 1.67164 0 0.00539287 0
0.1315 8.25936 0 1.67802 0 0.00541345 0
0.132 8.29076 0 1.6844 0 0.00543403 0
0.1325 8.32217 0 1.69078 0 0.00545462 0
0.133 8.35357 0 1.69716 0 0.0054752 0
0.1335 8.38498 0 1.70354 0 0.00549578 0
0.134 8.41638 0 1.70992 0 0.00551637 0
0.1345 8.44778 0 1.7163 0 0.00553695 0
0.135 8.47919 0 1.72268 0 0.00555753 0
0.1355 8.51059 0 1.72906 0 0.00557812 0
0.136 8.542 0 1.73544 0 0.0055987 0
0.1365 8.5734 0 1.74182 0 0.00561928 0
0.137 8.60481 0 1.7482 0 0.00563987 0
0.1375 8.63621 0 1.75458 0 0.00566045 0
0.138 8.66761 0 1.76096 0 0.00568103 0
0.1385 8.69902 0 1.76734 0 0.00570162 0
0.139 8.73042 0 1.77372 0 0.0057222 0
0.1395 8.76183 0 1.7801 0 0.00574279 0
0.14 8.79323 0 1.78649 0 0.00576337 0
0.1405 8.82464 0 1.79287 0 0.00578395 0
0.141 8.85604 0 1.79925 0 0.00580454 0
0.1415 8.88745 0 1.80563 0 0.00582512 0
0.142 8.91885 0 1.81201 0 0.0058457 0
0.1425 8.95025 0 1.81839 0 0.00586629 0
0.143 8.98166 0 1.82477 0 0.00588687 0
0.1435 9.01306 0 1.83115 0 0.00590745 0
0.144 9.04447 0 1.83753 0 0.00592804 0
0.1445 9.07587 0 1.84391 0 0.00594862 0
0.145 9.10728 0 1.85029 0 0.0059692 0
0.1455 9.13868 0 1.85667 0 0.00598979 0
0.146 9.17009 0 1.86305 0 0.00601037 0
0.1465 9.20149 0 1.86943 0 0.00603095 0
0.147 9.23289 0 1.87581 0 0.00605154 0
0.1475 9.2643 0 1.88219 0 0.00607212 0
0.148 9.2957 0 1.88857 0 0.0060927 0
0.1485 9.32711 0 1.89495 0 0.00611329 0
0.149 9.35851 0 1.90133 0 0.00613387 0
0.1495 9.38992 0 1.90771 0 0.00615445 0
0.15 9.42132 0 1.91409 0 0.00617504 0
0.1505 9.45272 0 1.92047 0 0.00619562 0
0.151 9.48413 0 1.92685 0 0.0062162 0
0.1515 9.51553 0 1.93323 0 0.00623679 0
0.152 9.54694 0 1.93961 0 0.00625737 0
0.1525 9.57834 0 1.94599 0 0.00627796 0
0.153 9.60975 0 1.95237 0 0.00629854 0
0.1535 9.64115 0 1.95875 0 0.00631912 0
0.154 9.67256 0 1.96513 0 0.00633971 0
0.1545 9.70396 0 1.97151 0 0.00636029 0
0.155 9.73536 0 1.97789 0 0.00638087 0
0.1555 9.76677 0 1.98427 0 0.00640146 0
0.156 9.79817 0 1.99065 0 0.00642204 0
0.1565 9.82958 0 1.99704 0 0.00644262 0
0.157 9.86098 0 2.00342 0 0.00646321 0
0.1575 9.89239 0 2.0098 0 0.00648379 0
0.158 9.92379 0 2.01618 0 0.00650437 0
0.1585 9.9552 0 2.02256 0 0.00652496 0
0.159 9.9866 0 2.02894 0 0.00654554 0
0.1595 10.018 0 2.03532 0 0.00656612 0
0.16 10.0494 0 2.0417 0 0.00658671 0
0.1605 10.0808 0 2.04808 0 0.00660729 0
0.161 10.1122 0 2.05446 0 0.00662787 0
0.1615 10.1436 0 2.06084 0 0.00664846 0
0.162 10.175 0 2.06722 0 0.00666904 0
0.1625 10.2064 0 2.0736 0 0.00668962 0
0.163 10.2378 0 2.07998 0 0.00671021 0
0.1635 10.2692 0 2.08636 0 0.00673079 0
0.164 10.3006 0 2.09274 0 0.00675137 0
0.1645 10.332 0 2.09912 0 0.00677196 0
0.165 10.3635 0 2.1055 0 0.00679254 0
0.1655 10.3949 0 2.11188 0 0.00681313 0
0.166 10.4263 0 2.11826 0 0.00683371 0
0.1665 10.4577 0 2.12464 0 0.00685429 0
0.167 10.4891 0 2.13102 0 0.00687488 0
0.1675 10.5205 0 2.1374 0 0.00689546 0
0.168 10.5519 0 2.14378 0 0.00691604 0
0.1685 10.5833 0 2.15016 0 0.00693663 0
0.169 10.6147 0 2.15654 0 0.00695721 0
0.1695 10.6461 0 2.16292 0 0.00697779 0
0.17 10.6775 0 2.1693 0 0.00699838 0
0.1705 10.7089 0 2.17568 0 0.00701896 0
0.171 10.7403 0 2.18206 0 0.00703954 0
0.1715 10.7717 0 2.18844 0 0.00706013 0
0.172 10.8031 0 2.19482 0 0.00708071 0
0.1725 10.8345 0 2.2012 0 0.00710129 0
0.173 10.8659 0 2.20759 0 0.00712188 0
0.1735 10.8973 0 2.21397 0 0.00714246 0
0.174 10.9287 0 2.22035 0 0.00716304 0
0.1745 10.9601 0 2.22673 0 0.00718363 0
0.175 10.9915 0 2.23311 0 0.00720421 0
0.1755 11.0229 0 2.23949 0 0.00722479 0
0.176 11.0543 0 2.24587 0 0.00724538 0
0.1765 11.0858 0 2.25225 0 0.00726596 0
0.177 11.1172 0 2.25863 0 0.00728654 0
0.1775 11.1486 0 2.26501 0 0.00730713 0
0.178 11.18 0 2.27139 0 0.00732771 0
0.1785 11.2114 0 2.27777 0 0.0073483 0
0.179 11.2428 0 2.28415 0 0.00736888 0
0.1795 11.2742 0 2.29053 0 0.00738946 0
0.18 11.3056 0 2.29691 0 0.00741005 0
0.1805 11.337 0 2.30329 0 0.00743063 0
0.181 11.3684 0 2.30967 0 0.00745121 0
0.1815 11.3998 0 2.31605 0 0.0074718 0
0.182 11.4312 0 2.32243 0 0.00749238 0
0.1825 11.4626 0 2.32881 0 0.00751296 0
0.183 11.494 0 2.33519 0 0.00753355 0
0.1835 11.5254 0 2.34157 0 0.00755413 0
0.184 11.5568 0 2.34795 0 0.00757471 0
0.1845 11.5882 0 2.35433 0 0.0075953 0
0.185 11.6196 0 2.36071 0 0.00761588 0
0.1855 11.651 0 2.36709 0 0.00763646 0
0.186 11.6824 0 2.37347 0 0.00765705 0
0.1865 11.7138 0 2.37985 0 0.00767763 0
0.187 11.7452 0 2.38623 0 0.00769821 0
0.1875 11.7767 0 2.39261 0 0.0077188 0
0.188 11.8081 0 2.39899 0 0.00773938 0
0.1885 11.8395 0 2.40537 0 0.00775996 0
0.189 11.8709 0 2.41175 0 0.00778055 0
0.1895 11.9023 0 2.41814 0 0.00780113 0
0.19 11.9337 0 2.42452 0 0.00782171 0
0.1905 11.9651 0 2.4309 0 0.0078423 0
0.191 11.9965 0 2.43728 0 0.00786288 0
0.1915 12.0279 0 2.44366 0 0.00788347 0
0.192 12.0593 0 2.45004 0 0.00790405 0
0.1925 12.0907 0 2.45642 0 0.00792463 0
0.193 12.1221 0 2.4628 0 0.00794522 0
0.1935 12.1535 0 2.46918 0 0.0079658 0
0.194 12.1849 0 2.47556 0 0.00798638 0
0.1945 12.2163 0 2.48194 0 0.00800697 0
0.195 12.2477 0 2.48832 0 0.00802755 0
0.1955 12.2791 0 2.4947 0 0.00804813 0
0.196 12.3105 0 2.50108 0 0.00806872 0
0.1965 12.3419 0 2.50746 0 0.0080893 0
0.197 12.3733 0 2.51384 0 0.00810988 0
0.1975 12.4047 0 2.52022 0 0.00813047 0
0.198 12.4361 0 2.5266 0 0.00815105 0
0.1985 12.4675 0 2.53298 0 0.00817163 0
0.199 12.499 0 2.53936 0 0.00819222 0
0.1995 12.5304 0 2.54574 0 0.0082128 0
0.2 12.5618 0 2.55212 0 0.00823338 0
0.2005 12.5932 0 2.5585 0 0.00825397 0
0.201 12.6246 0 2.56488 0 0.00827455 0
0.2015 12.656 0 2.57126 0 0.00829513 0
0.202 12.6874 0 2.57764 0 0.00831572 0
0.2025 12.7188 0 2.58402 0 0.0083363 0
0.203 12.7502 0 2.5904 0 0.00835688 0
0.2035 12.7816 0 2.59678 0 0.00837747 0
0.204 12.813 0 2.60316 0 0.00839805 0
0.2045 12.8444 0 2.60954 0 0.00841864 0
0.205 12.8758 0 2.61592 0 0.00843922 0
0.2055 12.9072 0 2.6223 0 0.0084598 0
0.206 12.9386 0 2.62869 0 0.00848039 0
0.2065 12.97 0 2.63507 0 0.00850097 0
0.207 13.0014 0 2.64145 0 0.00852155 0
0.2075 13.0328 0 2.64783 0 0.00854214 0
0.208 13.0642 0 2.65421 0 0.00856272 0
0.2085 13.0956 0 2.66059 0 0.0085833 0
0.209 13.127 0 2.66697 0 0.00860389 0
0.2095 13.1584 0 2.67335 0 0.00862447 0
0.21 13.1898 0 2.67973 0 0.00864505 0
0.2105 13.2213 0 2.68611 0 0.00866564 0
0.211 13.2527 0 2.69249 0 0.00868622 0
0.2115 13.2841 0 2.69887 0 0.0087068 0
0.212 13.3155 0 2.70525 0 0.00872739 0
0.2125 13.3469 0 2.71163 0 0.00874797 0
0.213 13.3783 0 2.71801 0 0.00876855 0
0.2135 13.4097 0 2.72439 0 0.00878914 0
0.214 13.4411 0 2.73077 0 0.00880972 0
0.2145 13.4725 0 2.73715 0 0.0088303 0
0.215 13.5039 0 2.74353 0 0.00885089 0
0.2155 13.5353 0 2.74991 0 0.00887147 0
0.216 13.5667 0 2.75629 0 0.00889205 0
0.2165 13.5981 0 2.76267 0 0.00891264 0
0.217 13.6295 0 2.76905 0 0.00893322 0
0.2175 13.6609 0 2.77543 0 0.00895381 0
0.218 13.6923 0 2.78181 0 0.00897439 0
0.2185 13.7237 0 2.78819 0 0.00899497 0
0.219 13.7551 0 2.79457 0 0.00901556 0
0.2195 13.7865 0 2.80095 0 0.00903614 0
0.22 13.8179 0 2.80733 0 0.00905672 0
0.2205 13.8493 0 2.81371 0 0.00907731 0
0.221 13.8807 0 2.82009 0 0.00909789 0
0.2215 13.9121 0 2.82647 0 0.00911847 0
0.222 13.9436 0 2.83286 0 0.00913906 0
0.2225 13.975 0 2.83924 0 0.00915964 0
0.223 14.0064 0 2.84562 0 0.00918022 0
0.2235 14.0378 0 2.852 0 0.00920081 0
0.224 14.0692 0 2.85838 0 0.00922139 0
0.2245 14.1006 0 2.86476 0 0.00924197 0
0.225 14.132 0 2.87114 0 0.00926256 0
0.2255 14.1634 0 2.87752 0 0.00928314 0
0.226 14.1948 0 2.8839 0 0.00930372 0
0.2265 14.2262 0 2.89028 0 0.00932431 0
0.227 14.2576 0 2.89666 0 0.00934489 0
0.2275 14.289 0 2.90304 0 0.00936547 0
0.228 14.3204 0 2.90942 0 0.00938606 0
0.2285 14.3518 0 2.9158 0 0.00940664 0
0.229 14.3832 0 2.92218 0 0.00942722 0
0.2295 14.4146 0 2.92856 0 0.00944781 0
0.23 14.446 0 2.93494 0 0.00946839 0
0.2305 14.4774 0 2.94132 0 0.00948898 0
0.231 14.5088 0 2.9477 0 0.00950956 0
0.2315 14.5402 0 2.95408 0 0.00953014 0
0.232 14.5716 0 2.96046 0 0.00955073 0
0.2325 14.603 0 2.96684 0 0.00957131 0
0.233 14.6345 0 2.97322 0 0.00959189 0
0.2335 14.6659 0 2.9796 0 0.00961248 0
0.234 14.6973 0 2.98598 0 0.00963306 0
0.2345 14.7287 0 2.99236 0 0.00965364 0
0.235 14.7601 0 2.99874 0 0.00967423 0
0.2355 14.7915 0 3.00512 0 0.00969481 0
0.236 14.8229 0 3.0115 0 0.00971539 0
0.2365 14.8543 0 3.01788 0 0.00973598 0
0.237 14.8857 0 3.02426 0 0.00975656 0
0.2375 14.9171 0 3.03064 0 0.00977714 0
0.238 14.9485 0 3.03702 0 0.00979773 0
0.2385 14.9799 0 3.04341 0 0.00981831 0
0.239 15.0113 0 3.04979 0 0.00983889 0
0.2395 15.0427 0 3.05617 0 0.00985948 0
0.24 15.0741 0 3.06255 0 0.00988006 0
0.2405 15.1055 0 3.06893 0 0.00990064 0
0.241 15.1369 0 3.07531 0 0.00992123 0
0.2415 15.1683 0 3.08169 0 0.00994181 0
0.242 15.1997 0 3.08807 0 0.00996239 0
0.2425 15.2311 0 3.09445 0 0.00998298 0
0.243 15.2625 0 3.10083 0 0.0100036 0
0.2435 15.2939 0 3.10721 0 0.0100241 0
0.244 15.3253 0 3.11359 0 0.0100447 0
0.2445 15.3568 0 3.11997 0 0.0100653 0
0.245 15.3882 0 3.12635 0 0.0100859 0
0.2455 15.4196 0 3.13273 0 0.0101065 0
0.246 15.451 0 3.13911 0 0.0101271 0
0.2465 15.4824 0 3.14549 0 0.0101476 0
0.247 15.5138 0 3.15187 0 0.0101682 0
0.2475 15.5452 0 3.15825 0 0.0101888 0
0.248 15.5766 0 3.16463 0 0.0102094 0
0.2485 15.608 0 3.17101 0 0.01023 0
0.249 15.6394 0 3.17739 0 0.0102506 0
0.2495 15.6708 0 3.18377 0 0.0102711 0
0.25 15.7022 0 3.19015 0 0.0102917 0
0.2505 15.7336 0 3.19653 0 0.0103123 0
0.251 15.765 0 3.20291 0 0.0103329 0
0.2515 15.7964 0 3.20929 0 0.0103535 0
0.252 15.8278 0 3.21567 0 0.0103741 0
0.2525 15.8592 0 3.22205 0 0.0103946 0
0.253 15.8906 0 3.22843 0 0.0104152 0
0.2535 15.922 0 3.23481 0 0.0104358 0
0.254 15.9534 0 3.24119 0 0.0104564 0
0.2545 15.9848 0 3.24757 0 0.010477 0
0.255 16.0162 0 3.25396 0 0.0104976 0
0.2555 16.0476 0 3.26034 0 0.0105181 0
0.256 16.0791 0 3.26672 0 0.0105387 0
0.2565 16.1105 0 3.2731 0 0.0105593 0
0.257 16.1419 0 3.27948 0 0.0105799 0
0.2575 16.1733 0 3.28586 0 0.0106005 0
0.258 16.2047 0 3.29224 0 0.0106211 0
0.2585 16.2361 0 3.29862 0 0.0106416 0
0.259 16.2675 0 3.305 0 0.0106622 0
0.2595 16.2989 0 3.31138 0 0.0106828 0
0.26 16.3303 0 3.31776 0 0.0107034 0
0.2605 16.3617 0 3.32414 0 0.010724 0
0.261 16.3931 0 3.33052 0 0.0107446 0
0.2615 16.4245 0 3.3369 0 0.0107651 0
0.262 16.4559 0 3.34328 0 0.0107857 0
0.2625 16.4873 0 3.34966 0 0.0108063 0
0.263 16.5187 0 3.35604 0 0.0108269 0
0.2635 16.5501 0 3.36242 0 0.0108475 0
0.264 16.5815 0 3.3688 0 0.0108681 0
0.2645 16.6129 0 3.37518 0 0.0108887 0
0.265 16.6443 0 3.38156 0 0.0109092 0
0.2655 16.6757 0 3.38794 0 0.0109298 0
0.266 16.7071 0 3.39432 0 0.0109504 0
0.2665 16.7385 0 3.4007 0 0.010971 0
0.267 16.77 0 3.40708 0 0.0109916 0
0.2675 16.8014 0 3.41346 0 0.0110122 0
0.268 16.8328 0 3.41984 0 0.0110327 0
0.2685 16.8642 0 3.42622 0 0.0110533 0
0.269 16.8956 0 3.4326 0 0.0110739 0
0.2695 16.927 0 3.43898 0 0.0110945 0
0.27 16.9584 0 3.44536 0 0.0111151 0
0.2705 16.9898 0 3.45174 0 0.0111357 0
0.271 17.0212 0 3.45812 0 0.0111562 0
0.2715 17.0526 0 3.46451 0 0.0111768 0
0.272 17.084 0 3.47089 0 0.0111974 0
0.2725 17.1154 0 3.47727 0 0.011218 0
0.273 17.1468 0 3.48365 0 0.0112386 0
0.2735 17.1782 0 3.49003 0 0.0112592 0
0.274 17.2096 0 3.49641 0 0.0112797 0
0.2745 17.241 0 3.50279 0 0.0113003 0
0.275 17.2724 0 3.50917 0 0.0113209 0
0.2755 17.3038 0 3.51555 0 0.0113415 0
0.276 17.3352 0 3.52193 0 0.0113621 0
0.2765 17.3666 0 3.52831 0 0.0113827 0
0.277 17.398 0 3.53469 0 0.0114032 0
0.2775 17.4294 0 3.54107 0 0.0114238 0
0.278 17.4608 0 3.54745 0 0.0114444 0
0.2785 17.4923 0 3.55383 0 0.011465 0
0.279 17.5237 0 3.56021 0 0.0114856 0
0.2795 17.5551 0 3.56659 0 0.0115062 0
0.28 17.5865 0 3.57297 0 0.0115267 0
0.2805 17.6179 0 3.57935 0 0.0115473 0
0.281 17.6493 0 3.58573 0 0.0115679 0
0.2815 17.6807 0 3.59211 0 0.0115885 0
0.282 17.7121 0 3.59849 0 0.0116091 0
0.2825 17.7435 0 3.60487 0 0.0116297 0
0.283 17.7749 0 3.61125 0 0.0116502 0
0.2835 17.8063 0 3.61763 0 0.0116708 0
0.284 17.8377 0 3.62401 0 0.0116914 0
0.2845 17.8691 0 3.63039 0 0.011712 0
0.285 17.9005 0 3.63677 0 0.0117326 0
0.2855 17.9319 0 3.64315 0 0.0117532 0
0.286 17.9633 0 3.64953 0 0.0117737 0
0.2865 17.9947 0 3.65591 0 0.0117943 0
0.287 18.0261 0 3.66229 0 0.0118149 0
0.2875 18.0575 0 3.66867 0 0.0118355 0
0.288 18.0889 0 3.67506 0 0.0118561 0
0.2885 18.1203 0 3.68144 0 0.0118767 0
0.289 18.1517 0 3.68782 0 0.0118972 0
0.2895 18.1831 0 3.6942 0 0.0119178 0
0.29 18.2146 0 3.70058 0 0.0119384 0
0.2905 18.246 0 3.70696 0 0.011959 0
0.291 18.2774 0 3.71334 0 0.0119796 0
0.2915 18.3088 0 3.71972 0 0.0120002 0
0.292 18.3402 0 3.7261 0 0.0120207 0
0.2925 18.3716 0 3.73248 0 0.0120413 0
0.293 18.403 0 3.73886 0 0.0120619 0
0.2935 18.4344 0 3.74524 0 0.0120825 0
0.294 18.4658 0 3.75162 0 0.0121031 0
0.2945 18.4972 0 3.758 0 0.0121237 0
0.295 18.5286 0 3.76438 0 0.0121442 0
0.2955 18.56 0 3.77076 0 0.0121648 0
0.296 18.5914 0 3.77714 0 0.0121854 0
0.2965 18.6228 0 3.78352 0 0.012206 0
0.297 18.6542 0 3.7899 0 0.0122266 0
0.2975 18.6856 0 3.79628 0 0.0122472 0
0.298 18.717 0 3.80266 0 0.0122677 0
0.2985 18.7484 0 3.80904 0 0.0122883 0
0.299 18.7798 0 3.81542 0 0.0123089 0
0.2995 18.8112 0 3.8218 0 0.0123295 0
0.3 18.8426 0 3.82818 0 0.0123501 0
0.3005 18.874 0 3.83456 0 0.0123707 0
0.301 18.9054 0 3.84094 0 0.0123912 0
0.3015 18.9369 0 3.84732 0 0.0124118 0
0.302 18.9683 0 3.8537 0 0.0124324 0
0.3025 18.9997 0 3.86008 0 0.012453 0
0.303 19.0311 0 3.86646 0 0.0124736 0
0.3035 19.0625 0 3.87284 0 0.0124942 0
0.304 19.0939 0 3.87922 0 0.0125147 0
0.3045 19.1253 0 3.88561 0 0.0125353 0
0.305 19.1567 0 3.89199 0 0.0125559 0
0.3055 19.1881 0 3.89837 0 0.0125765 0
0.306 19.2195 0 3.90475 0 0.0125971 0
0.3065 19.2509 0 3.91113 0 0.0126177 0
0.307 19.2823 0 3.91751 0 0.0126382 0
0.3075 19.3137 0 3.92389 0 0.0126588 0
0.308 19.3451 0 3.93027 0 0.0126794 0
0.3085 19.3765 0 3.93665 0 0.0127 0
0.309 19.4079 0 3.94303 0 0.0127206 0
0.3095 19.4393 0 3.94941 0 0.0127412 0
0.31 19.4707 0 3.95579 0 0.0127617 0
0.3105 19.5021 0 3.96217 0 0.0127823 0
0.311 19.5335 0 3.96855 0 0.0128029 0
0.3115 19.5649 0 3.97493 0 0.0128235 0
0.312 19.5963 0 3.98131 0 0.0128441 0
0.3125 19.6278 0 3.98769 0 0.0128647 0
0.313 19.6592 0 3.99407 0 0.0128852 0
0.3135 19.6906 0 4.00045 0 0.0129058 0
0.314 19.722 0 4.00683 0 0.0129264 0
0.3145 19.7534 0 4.01321 0 0.012947 0
0.315 19.7848 0 4.01959 0 0.0129676 0
0.3155 19.8162 0 4.02597 0 0.0129882 0
0.316 19.8476 0 4.03235 0 0.0130087 0
0.3165 19.879 0 4.03873 0 0.0130293 0
0.317 19.9104 0 4.04511 0 0.0130499 0
0.3175 19.9418 0 4.05149 0 0.0130705 0
0.318 19.9732 0 4.05787 0 0.0130911 0
0.3185 20.0046 0 4.06425 0 0.0131117 0
0.319 20.036 0 4.07063 0 0.0131322 0
0.3195 20.0674 0 4.07701 0 0.0131528 0
0.32 20.0988 0 4.08339 0 0.0131734 0
0.3205 20.1302 0 4.08977 0 0.013194 0
0.321 20.1616 0 4.09616 0 0.0132146 0
0.3215 20.193 0 4.10254 0 0.0132352 0
0.322 20.2244 0 4.10892 0 0.0132557 0
0.3225 20.2558 0 4.1153 0 0.0132763 0
0.323 20.2872 0 4.12168 0 0.0132969 0
0.3235 20.3186 0 4.12806 0 0.0133175 0
0.324 20.3501 0 4.13444 0 0.0133381 0
0.3245 20.3815 0 4.14082 0 0.0133587 0
0.325 20.4129 0 4.1472 0 0.0133792 0
0.3255 20.4443 0 4.15358 0 0.0133998 0
0.326 20.4757 0 4.15996 0 0.0134204 0
0.3265 20.5071 0 4.16634 0 0.013441 0
0.327 20.5385 0 4.17272 0 0.0134616 0
0.3275 20.5699 0 4.1791 0 0.0134822 0
0.328 20.6013 0 4.18548 0 0.0135027 0
0.3285 20.6327 0 4.19186 0 0.0135233 0
0.329 20.6641 0 4.19824 0 0.0135439 0
0.3295 20.6955 0 4.20462 0 0.0135645 0
0.33 20.7269 0 4.211 0 0.0135851 0
0.3305 20.7583 0 4.21738 0 0.0136057 0
0.331 20.7897 0 4.22376 0 0.0136263 0
0.3315 20.8211 0 4.23014 0 0.0136468 0
0.332 20.8525 0 4.23652 0 0.0136674 0
0.3325 20.8839 0 4.2429 0 0.013688 0
0.333 20.9153 0 4.24928 0 0.0137086 0
0.3335 20.9467 0 4.25566 0 0.0137292 0
0.334 20.9781 0 4.26204 0 0.0137498 0
0.3345 21.0095 0 4.26842 0 0.0137703 0
0.335 21.0409 0 4.2748 0 0.0137909 0
0.3355 21.0724 0 4.28118 0 0.0138115 0
0.336 21.1038 0 4.28756 0 0.0138321 0
0.3365 21.1352 0 4.29394 0 0.0138527 0
0.337 21.1666 0 4.30032 0 0.0138733 0
0.3375 21.198 0 4.30671 0 0.0138938 0
0.338 21.2294 0 4.31309 0 0.0139144 0
0.3385 21.2608 0 4.31947 0 0.013935 0
0.339 21.2922 0 4.32585 0 0.0139556 0
0.3395 21.3236 0 4.33223 0 0.0139762 0
0.34 21.355 0 4.33861 0 0.0139968 0
0.3405 21.3864 0 4.34499 0 0.0140173 0
0.341 21.4178 0 4.35137 0 0.0140379 0
0.3415 21.4492 0 4.35775 0 0.0140585 0
0.342 21.4806 0 4.36413 0 0.0140791 0
0.3425 21.512 0 4.37051 0 0.0140997 0
0.343 21.5434 0 4.37689 0 0.0141203 0
0.3435 21.5748 0 4.38327 0 0.0141408 0
0.344 21.6062 0 4.38965 0 0.0141614 0
0.3445 21.6376 0 4.39603 0 0.014182 0
0.345 21.669 0 4.40241 0 0.0142026 0
0.3455 21.7004 0 4.40879 0 0.0142232 0
0.346 21.7318 0 4.41517 0 0.0142438 0
0.3465 21.7633 0 4.42155 0 0.0142643 0
0.347 21.7947 0 4.42793 0 0.0142849 0
0.3475 21.8261 0 4.43431 0 0.0143055 0
0.348 21.8575 0 4.44069 0 0.0143261 0
0.3485 21.8889 0 4.44707 0 0.0143467 0
0.349 21.9203 0 4.45345 0 0.0143673 0
0.3495 21.9517 0 4.45983 0 0.0143878 0
0.35 21.9831 0 4.46621 0 0.0144084 0
0.3505 22.0145 0 4.47259 0 0.014429 0
0.351 22.0459 0 4.47897 0 0.0144496 0
0.3515 22.0773 0 4.48535 0 0.0144702 0
0.352 22.1087 0 4.49173 0 0.0144908 0
0.3525 22.1401 0 4.49811 0 0.0145113 0
0.353 22.1715 0 4.50449 0 0.0145319 0
0.3535 22.2029 0 4.51088 0 0.0145525 0
0.354 22.2343 0 4.51726 0 0.0145731 0
0.3545 22.2657 0 4.52364 0 0.0145937 0
0.355 22.2971 0 4.53002 0 0.0146143 0
0.3555 22.3285 0 4.5364 0 0.0146348 0
0.356 22.3599 0 4.54278 0 0.0146554 0
0.3565 22.3913 0 4.54916 0 0.014676 0
0.357 22.4227 0 4.55554 0 0.0146966 0
0.3575 22.4541 0 4.56192 0 0.0147172 0
0.358 22.4856 0 4.5683 0 0.0147378 0
0.3585 22.517 0 4.57468 0 0.0147583 0
0.359 22.5484 0 4.58106 0 0.0147789 0
0.3595 22.5798 0 4.58744 0 0.0147995 0
0.36 22.6112 0 4.59382 0 0.0148201 0
0.3605 22.6426 0 4.6002 0 0.0148407 0
0.361 22.674 0 4.60658 0 0.0148613 0
0.3615 22.7054 0 4.61296 0 0.0148818 0
0.362 22.7368 0 4.61934 0 0.0149024 0
0.3625 22.7682 0 4.62572 0 0.014923 0
0.363 22.7996 0 4.6321 0 0.0149436 0
0.3635 22.831 0 4.63848 0 0.0149642 0
0.364 22.8624 0 4.64486 0 0.0149848 0
0.3645 22.8938 0 4.65124 0 0.0150053 0
0.365 22.9252 0 4.65762 0 0.0150259 0
0.3655 22.9566 0 4.664 0 0.0150465 0
0.366 22.988 0 4.67038 0 0.0150671 0
0.3665 23.0194 0 4.67676 0 0.0150877 0
0.367 23.0508 0 4.68314 0 0.0151083 0
0.3675 23.0822 0 4.68952 0 0.0151288 0
0.368 23.1136 0 4.6959 0 0.0151494 0
0.3685 23.145 0 4.70228 0 0.01517 0
0.369 23.1764 0 4.70866 0 0.0151906 0
0.3695 23.2079 0 4.71504 0 0.0152112 0
0.37 23.2393 0 4.72143 0 0.0152318 0
0.3705 23.2707 0 4.72781 0 0.0152523 0
0.371 23.3021 0 4.73419 0 0.0152729 0
0.3715 23.3335 0 4.74057 0 0.0152935 0
0.372 23.3649 0 4.74695 0 0.0153141 0
0.3725 23.3963 0 4.75333 0 0.0153347 0
0.373 23.4277 0 4.75971 0 0.0153553 0
0.3735 23.4591 0 4.76609 0 0.0153758 0
0.374 23.4905 0 4.77247 0 0.0153964 0
0.3745 23.5219 0 4.77885 0 0.015417 0
0.375 23.5533 0 4.78523 0 0.0154376 0
0.3755 23.5847 0 4.79161 0 0.0154582 0
0.376 23.6161 0 4.79799 0 0.0154788 0
0.3765 23.6475 0 4.80437 0 0.0154993 0
0.377 23.6789 0 4.81075 0 0.0155199 0
0.3775 23.7103 0 4.81713 0 0.0155405 0
0.378 23.7417 0 4.82351 0 0.0155611 0
0.3785 23.7731 0 4.82989 0 0.0155817 0
0.379 23.8045 0 4.83627 0 0.0156023 0
0.3795 23.8359 0 4.84265 0 0.0156228 0
0.38 23.8673 0 4.84903 0 0.0156434 0
0.3805 23.8987 0 4.85541 0 0.015664 0
0.381 23.9302 0 4.86179 0 0.0156846 0
0.3815 23.9616 0 4.86817 0 0.0157052 0
0.382 23.993 0 4.87455 0 0.0157258 0
0.3825 24.0244 0 4.88093 0 0.0157463 0
0.383 24.0558 0 4.88731 0 0.0157669 0
0.3835 24.0872 0 4.89369 0 0.0157875 0
0.384 24.1186 0 4.90007 0 0.0158081 0
0.3845 24.15 0 4.90645 0 0.0158287 0
0.385 24.1814 0 4.91283 0 0.0158493 0
0.3855 24.2128 0 4.91921 0 0.0158698 0
0.386 24.2442 0 4.92559 0 0.0158904 0
0.3865 24.2756 0 4.93198 0 0.015911 0
0.387 24.307 0 4.93836 0 0.0159316 0
0.3875 24.3384 0 4.94474 0 0.0159522 0
0.388 24.3698 0 4.95112 0 0.0159728 0
0.3885 24.4012 0 4.9575 0 0.0159933 0
0.389 24.4326 0 4.96388 0 0.0160139 0
0.3895 24.464 0 4.97026 0 0.0160345 0
0.39 24.4954 0 4.97664 0 0.0160551 0
0.3905 24.5268 0 4.98302 0 0.0160757 0
0.391 24.5582 0 4.9894 0 0.0160963 0
0.3915 24.5896 0 4.99578 0 0.0161168 0
0.392 24.6211 0 5.00216 0 0.0161374 0
0.3925 24.6525 0 5.00854 0 0.016158 0
0.393 24.6839 0 5.01492 0 0.0161786 0
0.3935 24.7153 0 5.0213 0 0.0161992 0
0.394 24.7467 0 5.02768 0 0.0162198 0
0.3945 24.7781 0 5.03406 0 0.0162403 0
0.395 24.8095 0 5.04044 0 0.0162609 0
0.3955 24.8409 0 5.04682 0 0.0162815 0
0.396 24.8723 0 5.0532 0 0.0163021 0
0.3965 24.9037 0 5.05958 0 0.0163227 0
0.397 24.9351 0 5.06596 0 0.0163433 0
0.3975 24.9665 0 5.07234 0 0.0163639 0
0.398 24.9979 0 5.07872 0 0.0163844 0
0.3985 25.0293 0 5.0851 0 0.016405 0
0.399 25.0607 0 5.09148 0 0.0164256 0
0.3995 25.0921 0 5.09786 0 0.0164462 0
0.4 25.1235 0 5.10424 0 0.0164668 0
0.4005 25.1549 0 5.11062 0 0.0164874 0
0.401 25.1863 0 5.117 0 0.0165079 0
0.4015 25.2177 0 5.12338 0 0.0165285 0
0.402 25.2491 0 5.12976 0 0.0165491 0
0.4025 25.2805 0 5.13614 0 0.0165697 0
0.403 25.3119 0 5.14253 0 0.0165903 0
0.4035 25.3434 0 5.14891 0 0.0166109 0
0.404 25.3748 0 5.15529 0 0.0166314 0
0.4045 25.4062 0 5.16167 0 0.016652 0
0.405 25.4376 0 5.16805 0 0.0166726 0
0.4055 25.469 0 5.17443 0 0.0166932 0
0.406 25.5004 0 5.18081 0 0.0167138 0
0.4065 25.5318 0 5.18719 0 0.0167344 0
0.407 25.5632 0 5.19357 0 0.0167549 0
0.4075 25.5946 0 5.19995 0 0.0167755 0
0.408 25.626 0 5.20633 0 0.0167961 0
0.4085 25.6574 0 5.21271 0 0.0168167 0
0.409 25.6888 0 5.21909 0 0.0168373 0
0.4095 25.7202 0 5.22547 0 0.0168579 0
0.41 25.7516 0 5.23185 0 0.0168784 0
0.4105 25.783 0 5.23823 0 0.016899 0
0.411 25.8144 0 5.24461 0 0.0169196 0
0.4115 25.8458 0 5.25099 0 0.0169402 0
0.412 25.8772 0 5.25737 0 0.0169608 0
0.4125 25.9086 0 5.26375 0 0.0169814 0
0.413 25.94 0 5.27013 0 0.0170019 0
0.4135 25.9714 0 5.27651 0 0.0170225 0
0.414 26.0028 0 5.28289 0 0.0170431 0
0.4145 26.0342 0 5.28927 0 0.0170637 0
0.415 26.0657 0 5.29565 0 0.0170843 0
0.4155 26.0971 0 5.30203 0 0.0171049 0
0.416 26.1285 0 5.30841 0 0.0171254 0
0.4165 26.1599 0 5.31479 0 0.017146 0
0.417 26.1913 0 5.32117 0 0.0171666 0
0.4175 26.2227 0 5.32755 0 0.0171872 0
0.418 26.2541 0 5.33393 0 0.0172078 0
0.4185 26.2855 0 5.34031 0 0.0172284 0
0.419 26.3169 0 5.34669 0 0.0172489 0
0.4195 26.3483 0 5.35308 0 0.0172695 0
0.42 26.3797 0 5.35946 0 0.0172901 0
0.4205 26.4111 0 5.36584 0 0.0173107 0
0.421 26.4425 0 5.37222 0 0.0173313 0
0.4215 26.4739 0 5.3786 0 0.0173519 0
0.422 26.5053 0 5.38498 0 0.0173724 0
0.4225 26.5367 0 5.39136 0 0.017393 0
0.423 26.5681 0 5.39774 0 0.0174136 0
0.4235 26.5995 0 5.40412 0 0.0174342 0
0.424 26.6309 0 5.4105 0 0.0174548 0
0.4245 26.6623 0 5.41688 0 0.0174754 0
0.425 26.6937 0 5.42326 0 0.0174959 0
0.4255 26.7251 0 5.42964 0 0.0175165 0
0.426 26.7566 0 5.43602 0 0.0175371 0
0.4265 26.788 0 5.4424 0 0.0175577 0
0.427 26.8194 0 5.44878 0 0.0175783 0
0.4275 26.8508 0 5.45516 0 0.0175989 0
0.428 26.8822 0 5.46154 0 0.0176194 0
0.4285 26.9136 0 5.46792 0 0.01764 0
0.429 26.945 0 5.4743 0 0.0176606 0
0.4295 26.9764 0 5.48068 0 0.0176812 0
0.43 27.0078 0 5.48706 0 0.0177018 0
0.4305 27.0392 0 5.49344 0 0.0177224 0
0.431 27.0706 0 5.49982 0 0.0177429 0
0.4315 27.102 0 5.5062 0 0.0177635 0
0.432 27.1334 0 5.51258 0 0.0177841 0
0.4325 27.1648 0 5.51896 0 0.0178047 0
0.433 27.1962 0 5.52534 0 0.0178253 0
0.4335 27.2276 0 5.53172 0 0.0178459 0
0.434 27.259 0 5.5381 0 0.0178664 0
0.4345 27.2904 0 5.54448 0 0.017887 0
0.435 27.3218 0 5.55086 0 0.0179076 0
0.4355 27.3532 0 5.55724 0 0.0179282 0
0.436 27.3846 0 5.56363 0 0.0179488 0
0.4365 27.416 0 5.57001 0 0.0179694 0
0.437 27.4474 0 5.57639 0 0.0179899 0
0.4375 27.4789 0 5.58277 0 0.0180105 0
0.438 27.5103 0 5.58915 0 0.0180311 0
0.4385 27.5417 0 5.59553 0 0.0180517 0
0.439 27.5731 0 5.60191 0 0.0180723 0
0.4395 27.6045 0 5.60829 0 0.0180929 0
0.44 27.6359 0 5.61467 0 0.0181134 0
0.4405 27.6673 0 5.62105 0 0.018134 0
0.441 27.6987 0 5.62743 0 0.0181546 0
0.4415 27.7301 0 5.63381 0 0.0181752 0
0.442 27.7615 0 5.64019 0 0.0181958 0
0.4425 27.7929 0 5.64657 0 0.0182164 0
0.443 27.8243 0 5.65295 0 0.0182369 0
0.4435 27.8557 0 5.65933 0 0.0182575 0
0.444 27.8871 0 5.66571 0 0.0182781 0
0.4445 27.9185 0 5.67209 0 0.0182987 0
0.445 27.9499 0 5.67847 0 0.0183193 0
0.4455 27.9813 0 5.68485 0 0.0183399 0
0.446 28.0127 0 5.69123 0 0.0183604 0
0.4465 28.0441 0 5.69761 0 0.018381 0
0.447 28.0755 0 5.70399 0 0.0184016 0
0.4475 28.1069 0 5.71037 0 0.0184222 0
0.448 28.1383 0 5.71675 0 0.0184428 0
0.4485 28.1697 0 5.72313 0 0.0184634 0
0.449 28.2012 0 5.72951 0 0.0184839 0
0.4495 28.2326 0 5.73589 0 0.0185045 0
0.45 28.264 0 5.74227 0 0.0185251 0
0.4505 28.2954 0 5.74865 0 0.0185457 0
0.451 28.3268 0 5.75503 0 0.0185663 0
0.4515 28.3582 0 5.76141 0 0.0185869 0
0.452 28.3896 0 5.76779 0 0.0186074 0
0.4525 28.421 0 5.77418 0 0.018628 0
0.453 28.4524 0 5.78056 0 0.0186486 0
0.4535 28.4838 0 5.78694 0 0.0186692 0
0.454 28.5152 0 5.79332 0 0.0186898 0
0.4545 28.5466 0 5.7997 0 0.0187104 0
0.455 28.578 0 5.80608 0 0.0187309 0
0.4555 28.6094 0 5.81246 0 0.0187515 0
0.456 28.6408 0 5.81884 0 0.0187721 0
0.4565 28.6722 0 5.82522 0 0.0187927 0
0.457 28.7036 0 5.8316 0 0.0188133 0
0.4575 28.735 0 5.83798 0 0.0188339 0
0.458 28.7664 0 5.84436 0 0.0188544 0
0.4585 28.7978 0 5.85074 0 0.018875 0
0.459 28.8292 0 5.85712 0 0.0188956 0
0.4595 28.8606 0 5.8635 0 0.0189162 0
0.46 28.892 0 5.86988 0 0.0189368 0
0.4605 28.9235 0 5.87626 0 0.0189574 0
0.461 28.9549 0 5.88264 0 0.018978 0
0.4615 28.9863 0 5.88902 0 0.0189985 0
0.462 29.0177 0 5.8954 0 0.0190191 0
0.4625 29.0491 0 5.90178 0 0.0190397 0
0.463 29.0805 0 5.90816 0 0.0190603 0
0.4635 29.1119 0 5.91454 0 0.0190809 0
0.464 29.1433 0 5.92092 0 0.0191015 0
0.4645 29.1747 0 5.9273 0 0.019122 0
0.465 29.2061 0 5.93368 0 0.0191426 0
0.4655 29.2375 0 5.94006 0 0.0191632 0
0.466 29.2689 0 5.94644 0 0.0191838 0
0.4665 29.3003 0 5.95282 0 0.0192044 0
0.467 29.3317 0 5.9592 0 0.019225 0
0.4675 29.3631 0 5.96558 0 0.0192455 0
0.468 29.3945 0 5.97196 0 0.0192661 0
0.4685 29.4259 0 5.97834 0 0.0192867 0
0.469 29.4573 0 5.98473 0 0.0193073 0
0.4695 29.4887 0 5.99111 0 0.0193279 0
0.47 29.5201 0 5.99749 0 0.0193485 0
0.4705 29.5515 0 6.00387 0 0.019369 0
0.471 29.5829 0 6.01025 0 0.0193896 0
0.4715 29.6144 0 6.01663 0 0.0194102 0
0.472 29.6458 0 6.02301 0 0.0194308 0
0.4725 29.6772 0 6.02939 0 0.0194514 0
0.473 29.7086 0 6.03577 0 0.019472 0
0.4735 29.74 0 6.04215 0 0.0194925 0
0.474 29.7714 0 6.04853 0 0.0195131 0
0.4745 29.8028 0 6.05491 0 0.0195337 0
0.475 29.8342 0 6.06129 0 0.0195543 0
0.4755 29.8656 0 6.06767 0 0.0195749 0
0.476 29.897 0 6.07405 0 0.0195955 0
0.4765 29.9284 0 6.08043 0 0.019616 0
0.477 29.9598 0 6.08681 0 0.0196366 0
0.4775 29.9912 0 6.09319 0 0.0196572 0
0.478 30.0226 0 6.09957 0 0.0196778 0
0.4785 30.054 0 6.10595 0 0.0196984 0
0.479 30.0854 0 6.11233 0 0.019719 0
0.4795 30.1168 0 6.11871 0 0.0197395 0
0.48 30.1482 0 6.12509 0 0.0197601 0
0.4805 30.1796 0 6.13147 0 0.0197807 0
0.481 30.211 0 6.13785 0 0.0198013 0
0.4815 30.2424 0 6.14423 0 0.0198219 0
0.482 30.2738 0 6.15061 0 0.0198425 0
0.4825 30.3052 0 6.15699 0 0.019863 0
0.483 30.3367 0 6.16337 0 0.0198836 0
0.4835 30.3681 0 6.16975 0 0.0199042 0
0.484 30.3995 0 6.17613 0 0.0199248 0
0.4845 30.4309 0 6.18251 0 0.0199454 0
0.485 30.4623 0 6.18889 0 0.019966 0
0.4855 30.4937 0 6.19528 0 0.0199865 0
0.486 30.5251 0 6.20166 0 0.0200071 0
0.4865 30.5565 0 6.20804 0 0.0200277 0
0.487 30.5879 0 6.21442 0 0.0200483 0
0.4875 30.6193 0 6.2208 0 0.0200689 0
0.488 30.6507 0 6.22718 0 0.0200895 0
0.4885 30.6821 0 6.23356 0 0.02011 0
0.489 30.7135 0 6.23994 0 0.0201306 0
0.4895 30.7449 0 6.24632 0 0.0201512 0
0.49 30.7763 0 6.2527 0 0.0201718 0
0.4905 30.8077 0 6.25908 0 0.0201924 0
0.491 30.8391 0 6.26546 0 0.020213 0
0.4915 30.8705 0 6.27184 0 0.0202335 0
0.492 30.9019 0 6.27822 0 0.0202541 0
0.4925 30.9333 0 6.2846 0 0.0202747 0
0.493 30.9647 0 6.29098 0 0.0202953 0
0.4935 30.9961 0 6.29736 0 0.0203159 0
0.494 31.0275 0 6.30374 0 0.0203365 0
0.4945 31.059 0 6.31012 0 0.020357 0
0.495 31.0904 0 6.3165 0 0.0203776 0
0.4955 31.1218 0 6.32288 0 0.0203982 0
0.496 31.1532 0 6.32926 0 0.0204188 0
0.4965 31.1846 0 6.33564 0 0.0204394 0
0.497 31.216 0 6.34202 0 0.02046 0
0.4975 31.2474 0 6.3484 0 0.0204805 0
0.498 31.2788 0 6.35478 0 0.0205011 0
0.4985 31.3102 0 6.36116 0 0.0205217 0
0.499 31.3416 0 6.36754 0 0.0205423 0
0.4995 31.373 0 6.37392 0 0.0205629 0
0.5 31.4044 0 6.3803 0 0.0205835 0
0.5005 31.4358 0 6.38668 0 0.020604 0
0.501 31.4672 0 6.39306 0 0.0206246 0
0.5015 31.4986 0 6.39945 0 0.0206452 0
0.502 31.53 0 6.40583 0 0.0206658 0
0.5025 31.5614 0 6.41221 0 0.0206864 0
0.503 31.5928 0 6.41859 0 0.020707 0
0.5035 31.6242 0 6.42497 0 0.0207275 0
0.504 31.6556 0 6.43135 0 0.0207481 0
0.5045 31.687 0 6.43773 0 0.0207687 0
0.505 31.7184 0 6.44411 0 0.0207893 0
0.5055 31.7499 0 6.45049 0 0.0208099 0
0.506 31.7813 0 6.45687 0 0.0208305 0
0.5065 31.8127 0 6.46325 0 0.020851 0
0.507 31.8441 0 6.46963 0 0.0208716 0
0.5075 31.8755 0 6.47601 0 0.0208922 0
0.508 31.9069 0 6.48239 0 0.0209128 0
0.5085 31.9383 0 6.48877 0 0.0209334 0
0.509 31.9697 0 6.49515 0 0.020954 0
0.5095 32.0011 0 6.50153 0 0.0209745 0
0.51 32.0325 0 6.50791 0 0.0209951 0
0.5105 32.0639 0 6.51429 0 0.0210157 0
0.511 32.0953 0 6.52067 0 0.0210363 0
0.5115 32.1267 0 6.52705 0 0.0210569 0
0.512 32.1581 0 6.53343 0 0.0210775 0
0.5125 32.1895 0 6.53981 0 0.021098 0
0.513 32.2209 0 6.54619 0 0.0211186 0
0.5135 32.2523 0 6.55257 0 0.0211392 0
0.514 32.2837 0 6.55895 0 0.0211598 0
0.5145 32.3151 0 6.56533 0 0.0211804 0
0.515 32.3465 0 6.57171 0 0.021201 0
0.5155 32.3779 0 6.57809 0 0.0212215 0
0.516 32.4093 0 6.58447 0 0.0212421 0
0.5165 32.4407 0 6.59085 0 0.0212627 0
0.517 32.4722 0 6.59723 0 0.0212833 0
0.5175 32.5036 0 6.60361 0 0.0213039 0
0.518 32.535 0 6.61 0 0.0213245 0
0.5185 32.5664 0 6.61638 0 0.021345 0
0.519 32.5978 0 6.62276 0 0.0213656 0
0.5195 32.6292 0 6.62914 0 0.0213862 0
0.52 32.6606 0 6.63552 0 0.0214068 0
0.5205 32.692 0 6.6419 0 0.0214274 0
0.521 32.7234 0 6.64828 0 0.021448 0
0.5215 32.7548 0 6.65466 0 0.0214685 0
0.522 32.7862 0 6.66104 0 0.0214891 0
0.5225 32.8176 0 6.66742 0 0.0215097 0
0.523 32.849 0 6.6738 0 0.0215303 0
0.5235 32.8804 0 6.68018 0 0.0215509 0
0.524 32.9118 0 6.68656 0 0.0215715 0
0.5245 32.9432 0 6.69294 0 0.021592 0
0.525 32.9746 0 6.69932 0 0.0216126 0
0.5255 33.006 0 6.7057 0 0.0216332 0
0.526 33.0374 0 6.71208 0 0.0216538 0
0.5265 33.0688 0 6.71846 0 0.0216744 0
0.527 33.1002 0 6.72484 0 0.021695 0
0.5275 33.1316 0 6.73122 0 0.0217156 0
0.528 33.163 0 6.7376 0 0.0217361 0
0.5285 33.1945 0 6.74398 0 0.0217567 0
0.529 33.2259 0 6.75036 0 0.0217773 0
0.5295 33.2573 0 6.75674 0 0.0217979 0
0.53 33.2887 0 6.76312 0 0.0218185 0
0.5305 33.3201 0 6.7695 0 0.0218391 0
0.531 33.3515 0 6.77588 0 0.0218596 0
0.5315 33.3829 0 6.78226 0 0.0218802 0
0.532 33.4143 0 6.78864 0 0.0219008 0
0.5325 33.4457 0 6.79502 0 0.0219214 0
0.533 33.4771 0 6.8014 0 0.021942 0
0.5335 33.5085 0 6.80778 0 0.0219626 0
0.534 33.5399 0 6.81416 0 0.0219831 0
0.5345 33.5713 0 6.82055 0 0.0220037 0
0.535 33.6027 0 6.82693 0 0.0220243 0
0.5355 33.6341 0 6.83331 0 0.0220449 0
0.536 33.6655 0 6.83969 0 0.0220655 0
0.5365 33.6969 0 6.84607 0 0.0220861 0
0.537 33.7283 0 6.85245 0 0.0221066 0
0.5375 33.7597 0 6.85883 0 0.0221272 0
0.538 33.7911 0 6.86521 0 0.0221478 0
0.5385 33.8225 0 6.87159 0 0.0221684 0
0.539 33.8539 0 6.87797 0 0.022189 0
0.5395 33.8853 0 6.88435 0 0.0222096 0
0.54 33.9168 0 6.89073 0 0.0222301 0
0.5405 33.9482 0 6.89711 0 0.0222507 0
0.541 33.9796 0 6.90349 0 0.0222713 0
0.5415 34.011 0 6.90987 0 0.0222919 0
0.542 34.0424 0 6.91625 0 0.0223125 0
0.5425 34.0738 0 6.92263 0 0.0223331 0
0.543 34.1052 0 6.92901 0 0.0223536 0
0.5435 34.1366 0 6.93539 0 0.0223742 0
0.544 34.168 0 6.94177 0 0.0223948 0
0.5445 34.1994 0 6.94815 0 0.0224154 0
0.545 34.2308 0 6.95453 0 0.022436 0
0.5455 34.2622 0 6.96091 0 0.0224566 0
0.546 34.2936 0 6.96729 0 0.0224771 0
0.5465 34.325 0 6.97367 0 0.0224977 0
0.547 34.3564 0 6.98005 0 0.0225183 0
0.5475 34.3878 0 6.98643 0 0.0225389 0
0.548 34.4192 0 6.99281 0 0.0225595 0
0.5485 34.4506 0 6.99919 0 0.0225801 0
0.549 34.482 0 7.00557 0 0.0226006 0
0.5495 34.5134 0 7.01195 0 0.0226212 0
0.55 34.5448 0 7.01833 0 0.0226418 0
0.5505 34.5762 0 7.02471 0 0.0226624 0
0.551 34.6077 0 7.0311 0 0.022683 0
0.5515 34.6391 0 7.03748 0 0.0227036 0
0.552 34.6705 0 7.04386 0 0.0227241 0
0.5525 34.7019 0 7.05024 0 0.0227447 0
0.553 34.7333 0 7.05662 0 0.0227653 0
0.5535 34.7647 0 7.063 0 0.0227859 0
0.554 34.7961 0 7.06938 0 0.0228065 0
0.5545 34.8275 0 7.07576 0 0.0228271 0
0.555 34.8589 0 7.08214 0 0.0228476 0
0.5555 34.8903 0 7.08852 0 0.0228682 0
0.556 34.9217 0 7.0949 0 0.0228888 0
0.5565 34.9531 0 7.10128 0 0.0229094 0
0.557 34.9845 0 7.10766 0 0.02293 0
0.5575 35.0159 0 7.11404 0 0.0229506 0
0.558 35.0473 0 7.12042 0 0.0229711 0
0.5585 35.0787 0 7.1268 0 0.0229917 0
0.559 35.1101 0 7.13318 0 0.0230123 0
0.5595 35.1415 0 7.13956 0 0.0230329 0
0.56 35.1729 0 7.14594 0 0.0230535 0
0.5605 35.2043 0 7.15232 0 0.0230741 0
0.561 35.2357 0 7.1587 0 0.0230946 0
0.5615 35.2671 0 7.16508 0 0.0231152 0
0.562 35.2985 0 7.17146 0 0.0231358 0
0.5625 35.33 0 7.17784 0 0.0231564 0
0.563 35.3614 0 7.18422 0 0.023177 0
0.5635 35.3928 0 7.1906 0 0.0231976 0
0.564 35.4242 0 7.19698 0 0.0232181 0
0.5645 35.4556 0 7.20336 0 0.0232387 0
0.565 35.487 0 7.20974 0 0.0232593 0
0.5655 35.5184 0 7.21612 0 0.0232799 0
0.566 35.5498 0 7.2225 0 0.0233005 0
0.5665 35.5812 0 7.22888 0 0.0233211 0
0.567 35.6126 0 7.23526 0 0.0233416 0
0.5675 35.644 0 7.24165 0 0.0233622 0
0.568 35.6754 0 7.24803 0 0.0233828 0
0.5685 35.7068 0 7.25441 0 0.0234034 0
0.569 35.7382 0 7.26079 0 0.023424 0
0.5695 35.7696 0 7.26717 0 0.0234446 0
0.57 35.801 0 7.27355 0 0.0234651 0
0.5705 35.8324 0 7.27993 0 0.0234857 0
0.571 35.8638 0 7.28631 0 0.0235063 0
0.5715 35.8952 0 7.29269 0 0.0235269 0
0.572 35.9266 0 7.29907 0 0.0235475 0
0.5725 35.958 0 7.30545 0 0.0235681 0
0.573 35.9894 0 7.31183 0 0.0235886 0
0.5735 36.0208 0 7.31821 0 0.0236092 0
0.574 36.0523 0 7.32459 0 0.0236298 0
0.5745 36.0837 0 7.33097 0 0.0236504 0
0.575 36.1151 0 7.33735 0 0.023671 0
0.5755 36.1465 0 7.34373 0 0.0236916 0
0.576 36.1779 0 7.35011 0 0.0237121 0
0.5765 36.2093 0 7.35649 0 0.0237327 0
0.577 36.2407 0 7.36287 0 0.0237533 0
0.5775 36.2721 0 7.36925 0 0.0237739 0
0.578 36.3035 0 7.37563 0 0.0237945 0
0.5785 36.3349 0 7.38201 0 0.0238151 0
0.579 36.3663 0 7.38839 0 0.0238356 0
0.5795 36.3977 0 7.39477 0 0.0238562 0
0.58 36.4291 0 7.40115 0 0.0238768 0
0.5805 36.4605 0 7.40753 0 0.0238974 0
0.581 36.4919 0 7.41391 0 0.023918 0
0.5815 36.5233 0 7.42029 0 0.0239386 0
0.582 36.5547 0 7.42667 0 0.0239591 0
0.5825 36.5861 0 7.43305 0 0.0239797 0
0.583 36.6175 0 7.43943 0 0.0240003 0
0.5835 36.6489 0 7.44581 0 0.0240209 0
0.584 36.6803 0 7.4522 0 0.0240415 0
0.5845 36.7117 0 7.45858 0 0.0240621 0
0.585 36.7432 0 7.46496 0 0.0240826 0
0.5855 36.7746 0 7.47134 0 0.0241032 0
0.586 36.806 0 7.47772 0 0.0241238 0
0.5865 36.8374 0 7.4841 0 0.0241444 0
0.587 36.8688 0 7.49048 0 0.024165 0
0.5875 36.9002 0 7.49686 0 0.0241856 0
0.588 36.9316 0 7.50324 0 0.0242061 0
0.5885 36.963 0 7.50962 0 0.0242267 0
0.589 36.9944 0 7.516 0 0.0242473 0
0.5895 37.0258 0 7.52238 0 0.0242679 0
0.59 37.0572 0 7.52876 0 0.0242885 0
0.5905 37.0886 0 7.53514 0 0.0243091 0
0.591 37.12 0 7.54152 0 0.0243296 0
0.5915 37.1514 0 7.5479 0 0.0243502 0
0.592 37.1828 0 7.55428 0 0.0243708 0
0.5925 37.2142 0 7.56066 0 0.0243914 0
0.593 37.2456 0 7.56704 0 0.024412 0
0.5935 37.277 0 7.57342 0 0.0244326 0
0.594 37.3084 0 7.5798 0 0.0244532 0
0.5945 37.3398 0 7.58618 0 0.0244737 0
0.595 37.3712 0 7.59256 0 0.0244943 0
0.5955 37.4026 0 7.59894 0 0.0245149 0
0.596 37.434 0 7.60532 0 0.0245355 0
0.5965 37.4655 0 7.6117 0 0.0245561 0
0.597 37.4969 0 7.61808 0 0.0245767 0
0.5975 37.5283 0 7.62446 0 0.0245972 0
0.598 37.5597 0 7.63084 0 0.0246178 0
0.5985 37.5911 0 7.63722 0 0.0246384 0
0.599 37.6225 0 7.6436 0 0.024659 0
0.5995 37.6539 0 7.64998 0 0.0246796 0
0.6 37.6853 0 7.65636 0 0.0247002 0
0.6005 37.7167 0 7.66275 0 0.0247207 0
0.601 37.7481 0 7.66913 0 0.0247413 0
0.6015 37.7795 0 7.67551 0 0.0247619 0
0.602 37.8109 0 7.68189 0 0.0247825 0
0.6025 37.8423 0 7.68827 0 0.0248031 0
0.603 37.8737 0 7.69465 0 0.0248237 0
0.6035 37.9051 0 7.70103 0 0.0248442 0
0.604 37.9365 0 7.70741 0 0.0248648 0
0.6045 37.9679 0 7.71379 0 0.0248854 0
0.605 37.9993 0 7.72017 0 0.024906 0
0.6055 38.0307 0 7.72655 0 0.0249266 0
0.606 38.0621 0 7.73293 0 0.0249472 0
0.6065 38.0935 0 7.73931 0 0.0249677 0
0.607 38.1249 0 7.74569 0 0.0249883 0
0.6075 38.1563 0 7.75207 0 0.0250089 0
0.608 38.1878 0 7.75845 0 0.0250295 0
0.6085 38.2192 0 7.76483 0 0.0250501 0
0.609 38.2506 0 7.77121 0 0.0250707 0
0.6095 38.282 0 7.77759 0 0.0250912 0
0.61 38.3134 0 7.78397 0 0.0251118 0
0.6105 38.3448 0 7.79035 0 0.0251324 0
0.611 38.3762 0 7.79673 0 0.025153 0
0.6115 38.4076 0 7.80311 0 0.0251736 0
0.612 38.439 0 7.80949 0 0.0251942 0
0.6125 38.4704 0 7.81587 0 0.0252147 0
0.613 38.5018 0 7.82225 0 0.0252353 0
0.6135 38.5332 0 7.82863 0 0.0252559 0
0.614 38.5646 0 7.83501 0 0.0252765 0
0.6145 38.596 0 7.84139 0 0.0252971 0
0.615 38.6274 0 7.84777 0 0.0253177 0
0.6155 38.6588 0 7.85415 0 0.0253382 0
0.616 38.6902 0 7.86053 0 0.0253588 0
0.6165 38.7216 0 7.86691 0 0.0253794 0
0.617 38.753 0 7.8733 0 0.0254 0
0.6175 38.7844 0 7.87968 0 0.0254206 0
0.618 38.8158 0 7.88606 0 0.0254412 0
0.6185 38.8472 0 7.89244 0 0.0254617 0
0.619 38.8786 0 7.89882 0 0.0254823 0
0.6195 38.9101 0 7.9052 0 0.0255029 0
0.62 38.9415 0 7.91158 0 0.0255235 0
0.6205 38.9729 0 7.91796 0 0.0255441 0
0.621 39.0043 0 7.92434 0 0.0255647 0
0.6215 39.0357 0 7.93072 0 0.0255852 0
0.622 39.0671 0 7.9371 0 0.0256058 0
0.6225 39.0985 0 7.94348 0 0.0256264 0
0.623 39.1299 0 7.94986 0 0.025647 0
0.6235 39.1613 0 7.95624 0 0.0256676 0
0.624 39.1927 0 7.96262 0 0.0256882 0
0.6245 39.2241 0 7.969 0 0.0257087 0
0.625 39.2555 0 7.97538 0 0.0257293 0
0.6255 39.2869 0 7.98176 0 0.0257499 0
0.626 39.3183 0 7.98814 0 0.0257705 0
0.6265 39.3497 0 7.99452 0 0.0257911 0
0.627 39.3811 0 8.0009 0 0.0258117 0
0.6275 39.4125 0 8.00728 0 0.0258322 0
0.628 39.4439 0 8.01366 0 0.0258528 0
0.6285 39.4753 0 8.02004 0 0.0258734 0
0.629 39.5067 0 8.02642 0 0.025894 0
0.6295 39.5381 0 8.0328 0 0.0259146 0
0.63 39.5695 0 8.03918 0 0.0259352 0
0.6305 39.601 0 8.04556 0 0.0259557 0
0.631 39.6324 0 8.05194 0 0.0259763 0
0.6315 39.6638 0 8.05832 0 0.0259969 0
0.632 39.6952 0 8.0647 0 0.0260175 0
0.6325 39.7266 0 8.07108 0 0.0260381 0
0.633 39.758 0 8.07747 0 0.0260587 0
0.6335 39.7894 0 8.08385 0 0.0260792 0
0.634 39.8208 0 8.09023 0 0.0260998 0
0.6345 39.8522 0 8.09661 0 0.0261204 0
0.635 39.8836 0 8.10299 0 0.026141 0
0.6355 39.915 0 8.10937 0 0.0261616 0
0.636 39.9464 0 8.11575 0 0.0261822 0
0.6365 39.9778 0 8.12213 0 0.0262027 0
0.637 40.0092 0 8.12851 0 0.0262233 0
0.6375 40.0406 0 8.13489 0 0.0262439 0
0.638 40.072 0 8.14127 0 0.0262645 0
0.6385 40.1034 0 8.14765 0 0.0262851 0
0.639 40.1348 0 8.15403 0 0.0263057 0
0.6395 40.1662 0 8.16041 0 0.0263262 0
0.64 40.1976 0 8.16679 0 0.0263468 0
0.6405 40.229 0 8.17317 0 0.0263674 0
0.641 40.2604 0 8.17955 0 0.026388 0
0.6415 40.2918 0 8.18593 0 0.0264086 0
0.642 40.3233 0 8.19231 0 0.0264292 0
0.6425 40.3547 0 8.19869 0 0.0264497 0
0.643 40.3861 0 8.20507 0 0.0264703 0
0.6435 40.4175 0 8.21145 0 0.0264909 0
0.644 40.4489 0 8.21783 0 0.0265115 0
0.6445 40.4803 0 8.22421 0 0.0265321 0
0.645 40.5117 0 8.23059 0 0.0265527 0
0.6455 40.5431 0 8.23697 0 0.0265732 0
0.646 40.5745 0 8.24335 0 0.0265938 0
0.6465 40.6059 0 8.24973 0 0.0266144 0
0.647 40.6373 0 8.25611 0 0.026635 0
0.6475 40.6687 0 8.26249 0 0.0266556 0
0.648 40.7001 0 8.26887 0 0.0266762 0
0.6485 40.7315 0 8.27525 0 0.0266967 0
0.649 40.7629 0 8.28163 0 0.0267173 0
0.6495 40.7943 0 8.28802 0 0.0267379 0
0.65 40.8257 0 8.2944 0 0.0267585 0
0.6505 40.8571 0 8.30078 0 0.0267791 0
0.651 40.8885 0 8.30716 0 0.0267997 0
0.6515 40.9199 0 8.31354 0 0.0268202 0
0.652 40.9513 0 8.31992 0 0.0268408 0
0.6525 40.9827 0 8.3263 0 0.0268614 0
0.653 41.0141 0 8.33268 0 0.026882 0
0.6535 41.0456 0 8.33906 0 0.0269026 0
0.654 41.077 0 8.34544 0 0.0269232 0
0.6545 41.1084 0 8.35182 0 0.0269437 0
0.655 41.1398 0 8.3582 0 0.0269643 0
0.6555 41.1712 0 8.36458 0 0.0269849 0
0.656 41.2026 0 8.37096 0 0.0270055 0
0.6565 41.234 0 8.37734 0 0.0270261 0
0.657 41.2654 0 8.38372 0 0.0270467 0
0.6575 41.2968 0 8.3901 0 0.0270672 0
0.658 41.3282 0 8.39648 0 0.0270878 0
0.6585 41.3596 0 8.40286 0 0.0271084 0
0.659 41.391 0 8.40924 0 0.027129 0
0.6595 41.4224 0 8.41562 0 0.0271496 0
0.66 41.4538 0 8.422 0 0.0271702 0
0.6605 41.4852 0 8.42838 0 0.0271908 0
0.661 41.5166 0 8.43476 0 0.0272113 0
0.6615 41.548 0 8.44114 0 0.0272319 0
0.662 41.5794 0 8.44752 0 0.0272525 0
0.6625 41.6108 0 8.4539 0 0.0272731 0
0.663 41.6422 0 8.46028 0 0.0272937 0
0.6635 41.6736 0 8.46666 0 0.0273143 0
0.664 41.705 0 8.47304 0 0.0273348 0
0.6645 41.7364 0 8.47942 0 0.0273554 0
0.665 41.7679 0 8.4858 0 0.027376 0
0.6655 41.7993 0 8.49218 0 0.0273966 0
0.666 41.8307 0 8.49857 0 0.0274172 0
0.6665 41.8621 0 8.50495 0 0.0274378 0
0.667 41.8935 0 8.51133 0 0.0274583 0
0.6675 41.9249 0 8.51771 0 0.0274789 0
0.668 41.9563 0 8.52409 0 0.0274995 0
0.6685 41.9877 0 8.53047 0 0.0275201 0
0.669 42.0191 0 8.53685 0 0.0275407 0
0.6695 42.0505 0 8.54323 0 0.0275613 0
0.67 42.0819 0 8.54961 0 0.0275818 0
0.6705 42.1133 0 8.55599 0 0.0276024 0
0.671 42.1447 0 8.56237 0 0.027623 0
0.6715 42.1761 0 8.56875 0 0.0276436 0
0.672 42.2075 0 8.57513 0 0.0276642 0
0.6725 42.2389 0 8.58151 0 0.0276848 0
0.673 42.2703 0 8.58789 0 0.0277053 0
0.6735 42.3017 0 8.59427 0 0.0277259 0
0.674 42.3331 0 8.60065 0 0.0277465 0
0.6745 42.3645 0 8.60703 0 0.0277671 0
0.675 42.3959 0 8.61341 0 0.0277877 0
0.6755 42.4273 0 8.61979 0 0.0278083 0
0.676 42.4588 0 8.62617 0 0.0278288 0
0.6765 42.4902 0 8.63255 0 0.0278494 0
0.677 42.5216 0 8.63893 0 0.02787 0
0.6775 42.553 0 8.64531 0 0.0278906 0
0.678 42.5844 0 8.65169 0 0.0279112 0
0.6785 42.6158 0 8.65807 0 0.0279318 0
0.679 42.6472 0 8.66445 0 0.0279523 0
0.6795 42.6786 0 8.67083 0 0.0279729 0
0.68 42.71 0 8.67721 0 0.0279935 0
0.6805 42.7414 0 8.68359 0 0.0280141 0
0.681 42.7728 0 8.68997 0 0.0280347 0
0.6815 42.8042 0 8.69635 0 0.0280553 0
0.682 42.8356 0 8.70273 0 0.0280758 0
0.6825 42.867 0 8.70912 0 0.0280964 0
0.683 42.8984 0 8.7155 0 0.028117 0
0.6835 42.9298 0 8.72188 0 0.0281376 0
0.684 42.9612 0 8.72826 0 0.0281582 0
0.6845 42.9926 0 8.73464 0 0.0281788 0
0.685 43.024 0 8.74102 0 0.0281993 0
0.6855 43.0554 0 8.7474 0 0.0282199 0
0.686 43.0868 0 8.75378 0 0.0282405 0
0.6865 43.1182 0 8.76016 0 0.0282611 0
0.687 43.1496 0 8.76654 0 0.0282817 0
0.6875 43.1811 0 8.77292 0 0.0283023 0
0.688 43.2125 0 8.7793 0 0.0283228 0
0.6885 43.2439 0 8.78568 0 0.0283434 0
0.689 43.2753 0 8.79206 0 0.028364 0
0.6895 43.3067 0 8.79844 0 0.0283846 0
0.69 43.3381 0 8.80482 0 0.0284052 0
0.6905 43.3695 0 8.8112 0 0.0284258 0
0.691 43.4009 0 8.81758 0 0.0284463 0
0.6915 43.4323 0 8.82396 0 0.0284669 0
0.692 43.4637 0 8.83034 0 0.0284875 0
0.6925 43.4951 0 8.83672 0 0.0285081 0
0.693 43.5265 0 8.8431 0 0.0285287 0
0.6935 43.5579 0 8.84948 0 0.0285493 0
0.694 43.5893 0 8.85586 0 0.0285698 0
0.6945 43.6207 0 8.86224 0 0.0285904 0
0.695 43.6521 0 8.86862 0 0.028611 0
0.6955 43.6835 0 8.875 0 0.0286316 0
0.696 43.7149 0 8.88138 0 0.0286522 0
0.6965 43.7463 0 8.88776 0 0.0286728 0
0.697 43.7777 0 8.89414 0 0.0286933 0
0.6975 43.8091 0 8.90052 0 0.0287139 0
0.698 43.8405 0 8.9069 0 0.0287345 0
0.6985 43.8719 0 8.91328 0 0.0287551 0
0.699 43.9034 0 8.91967 0 0.0287757 0
0.6995 43.9348 0 8.92605 0 0.0287963 0
0.7 43.9662 0 8.93243 0 0.0288168 0
0.7005 43.9976 0 8.93881 0 0.0288374 0
0.701 44.029 0 8.94519 0 0.028858 0
0.7015 44.0604 0 8.95157 0 0.0288786 0
0.702 44.0918 0 8.95795 0 0.0288992 0
0.7025 44.1232 0 8.96433 0 0.0289198 0
0.703 44.1546 0 8.97071 0 0.0289403 0
0.7035 44.186 0 8.97709 0 0.0289609 0
0.704 44.2174 0 8.98347 0 0.0289815 0
0.7045 44.2488 0 8.98985 0 0.0290021 0
0.705 44.2802 0 8.99623 0 0.0290227 0
0.7055 44.3116 0 9.00261 0 0.0290433 0
0.706 44.343 0 9.00899 0 0.0290638 0
0.7065 44.3744 0 9.01537 0 0.0290844 0
0.707 44.4058 0 9.02175 0 0.029105 0
0.7075 44.4372 0 9.02813 0 0.0291256 0
0.708 44.4686 0 9.03451 0 0.0291462 0
0.7085 44.5 0 9.04089 0 0.0291668 0
0.709 44.5314 0 9.04727 0 0.0291873 0
0.7095 44.5628 0 9.05365 0 0.0292079 0
0.71 44.5943 0 9.06003 0 0.0292285 0
0.7105 44.6257 0 9.06641 0 0.0292491 0
0.711 44.6571 0 9.07279 0 0.0292697 0
0.7115 44.6885 0 9.07917 0 0.0292903 0
0.712 44.7199 0 9.08555 0 0.0293108 0
0.7125 44.7513 0 9.09193 0 0.0293314 0
0.713 44.7827 0 9.09831 0 0.029352 0
0.7135 44.8141 0 9.10469 0 0.0293726 0
0.714 44.8455 0 9.11107 0 0.0293932 0
0.7145 44.8769 0 9.11745 0 0.0294138 0
0.715 44.9083 0 9.12383 0 0.0294343 0
0.7155 44.9397 0 9.13022 0 0.0294549 0
0.716 44.9711 0 9.1366 0 0.0294755 0
0.7165 45.0025 0 9.14298 0 0.0294961 0
0.717 45.0339 0 9.14936 0 0.0295167 0
0.7175 45.0653 0 9.15574 0 0.0295373 0
0.718 45.0967 0 9.16212 0 0.0295578 0
0.7185 45.1281 0 9.1685 0 0.0295784 0
0.719 45.1595 0 9.17488 0 0.029599 0
0.7195 45.1909 0 9.18126 0 0.0296196 0
0.72 45.2223 0 9.18764 0 0.0296402 0
0.7205 45.2537 0 9.19402 0 0.0296608 0
0.721 45.2851 0 9.2004 0 0.0296813 0
0.7215 45.3166 0 9.20678 0 0.0297019 0
0.722 45.348 0 9.21316 0 0.0297225 0
0.7225 45.3794 0 9.21954 0 0.0297431 0
0.723 45.4108 0 9.22592 0 0.0297637 0
0.7235 45.4422 0 9.2323 0 0.0297843 0
0.724 45.4736 0 9.23868 0 0.0298049 0
0.7245 45.505 0 9.24506 0 0.0298254 0
0.725 45.5364 0 9.25144 0 0.029846 0
0.7255 45.5678 0 9.25782 0 0.0298666 0
0.726 45.5992 0 9.2642 0 0.0298872 0
0.7265 45.6306 0 9.27058 0 0.0299078 0
0.727 45.662 0 9.27696 0 0.0299284 0
0.7275 45.6934 0 9.28334 0 0.0299489 0
0.728 45.7248 0 9.28972 0 0.0299695 0
0.7285 45.7562 0 9.2961 0 0.0299901 0
0.729 45.7876 0 9.30248 0 0.0300107 0
0.7295 45.819 0 9.30886 0 0.0300313 0
0.73 45.8504 0 9.31524 0 0.0300519 0
0.7305 45.8818 0 9.32162 0 0.0300724 0
0.731 45.9132 0 9.328 0 0.030093 0
0.7315 45.9446 0 9.33438 0 0.0301136 0
0.732 45.976 0 9.34077 0 0.0301342 0
0.7325 46.0074 0 9.34715 0 0.0301548 0
0.733 46.0389 0 9.35353 0 0.0301754 0
0.7335 46.0703 0 9.35991 0 0.0301959 0
0.734 46.1017 0 9.36629 0 0.0302165 0
0.7345 46.1331 0 9.37267 0 0.0302371 0
0.735 46.1645 0 9.37905 0 0.0302577 0
0.7355 46.1959 0 9.38543 0 0.0302783 0
0.736 46.2273 0 9.39181 0 0.0302989 0
0.7365 46.2587 0 9.39819 0 0.0303194 0
0.737 46.2901 0 9.40457 0 0.03034 0
0.7375 46.3215 0 9.41095 0 0.0303606 0
0.738 46.3529 0 9.41733 0 0.0303812 0
0.7385 46.3843 0 9.42371 0 0.0304018 0
0.739 46.4157 0 9.43009 0 0.0304224 0
0.7395 46.4471 0 9.43647 0 0.0304429 0
0.74 46.4785 0 9.44285 0 0.0304635 0
0.7405 46.5099 0 9.44923 0 0.0304841 0
0.741 46.5413 0 9.45561 0 0.0305047 0
0.7415 46.5727 0 9.46199 0 0.0305253 0
0.742 46.6041 0 9.46837 0 0.0305459 0
0.7425 46.6355 0 9.47475 0 0.0305664 0
0.743 46.6669 0 9.48113 0 0.030587 0
0.7435 46.6983 0 9.48751 0 0.0306076 0
0.744 46.7297 0 9.49389 0 0.0306282 0
0.7445 46.7612 0 9.50027 0 0.0306488 0
0.745 46.7926 0 9.50665 0 0.0306694 0
0.7455 46.824 0 9.51303 0 0.0306899 0
0.746 46.8554 0 9.51941 0 0.0307105 0
0.7465 46.8868 0 9.52579 0 0.0307311 0
0.747 46.9182 0 9.53217 0 0.0307517 0
0.7475 46.9496 0 9.53855 0 0.0307723 0
0.748 46.981 0 9.54493 0 0.0307929 0
0.7485 47.0124 0 9.55132 0 0.0308134 0
0.749 47.0438 0 9.5577 0 0.030834 0
0.7495 47.0752 0 9.56408 0 0.0308546 0
0.75 47.1066 0 9.57046 0 0.0308752 0
0.7505 47.138 0 9.57684 0 0.0308958 0
0.751 47.1694 0 9.58322 0 0.0309164 0
0.7515 47.2008 0 9.5896 0 0.0309369 0
0.752 47.2322 0 9.59598 0 0.0309575 0
0.7525 47.2636 0 9.60236 0 0.0309781 0
0.753 47.295 0 9.60874 0 0.0309987 0
0.7535 47.3264 0 9.61512 0 0.0310193 0
0.754 47.3578 0 9.6215 0 0.0310399 0
0.7545 47.3892 0 9.62788 0 0.0310604 0
0.755 47.4206 0 9.63426 0 0.031081 0
0.7555 47.4521 0 9.64064 0 0.0311016 0
0.756 47.4835 0 9.64702 0 0.0311222 0
0.7565 47.5149 0 9.6534 0 0.0311428 0
0.757 47.5463 0 9.65978 0 0.0311634 0
0.7575 47.5777 0 9.66616 0 0.0311839 0
0.758 47.6091 0 9.67254 0 0.0312045 0
0.7585 47.6405 0 9.67892 0 0.0312251 0
0.759 47.6719 0 9.6853 0 0.0312457 0
0.7595 47.7033 0 9.69168 0 0.0312663 0
0.76 47.7347 0 9.69806 0 0.0312869 0
0.7605 47.7661 0 9.70444 0 0.0313074 0
0.761 47.7975 0 9.71082 0 0.031328 0
0.7615 47.8289 0 9.7172 0 0.0313486 0
0.762 47.8603 0 9.72358 0 0.0313692 0
0.7625 47.8917 0 9.72996 0 0.0313898 0
0.763 47.9231 0 9.73634 0 0.0314104 0
0.7635 47.9545 0 9.74272 0 0.0314309 0
0.764 47.9859 0 9.7491 0 0.0314515 0
0.7645 48.0173 0 9.75548 0 0.0314721 0
0.765 48.0487 0 9.76187 0 0.0314927 0
0.7655 48.0801 0 9.76825 0 0.0315133 0
0.766 48.1115 0 9.77463 0 0.0315339 0
0.7665 48.1429 0 9.78101 0 0.0315544 0
0.767 48.1744 0 9.78739 0 0.031575 0
0.7675 48.2058 0 9.79377 0 0.0315956 0
0.768 48.2372 0 9.80015 0 0.0316162 0
0.7685 48.2686 0 9.80653 0 0.0316368 0
0.769 48.3 0 9.81291 0 0.0316574 0
0.7695 48.3314 0 9.81929 0 0.0316779 0
0.77 48.3628 0 9.82567 0 0.0316985 0
0.7705 48.3942 0 9.83205 0 0.0317191 0
0.771 48.4256 0 9.83843 0 0.0317397 0
0.7715 48.457 0 9.84481 0 0.0317603 0
0.772 48.4884 0 9.85119 0 0.0317809 0
0.7725 48.5198 0 9.85757 0 0.0318014 0
0.773 48.5512 0 9.86395 0 0.031822 0
0.7735 48.5826 0 9.87033 0 0.0318426 0
0.774 48.614 0 9.87671 0 0.0318632 0
0.7745 48.6454 0 9.88309 0 0.0318838 0
0.775 48.6768 0 9.88947 0 0.0319044 0
0.7755 48.7082 0 9.89585 0 0.0319249 0
0.776 48.7396 0 9.90223 0 0.0319455 0
0.7765 48.771 0 9.90861 0 0.0319661 0
0.777 48.8024 0 9.91499 0 0.0319867 0
0.7775 48.8338 0 9.92137 0 0.0320073 0
0.778 48.8652 0 9.92775 0 0.0320279 0
0.7785 48.8967 0 9.93413 0 0.0320484 0
0.779 48.9281 0 9.94051 0 0.032069 0
0.7795 48.9595 0 9.94689 0 0.0320896 0
0.78 48.9909 0 9.95327 0 0.0321102 0
0.7805 49.0223 0 9.95965 0 0.0321308 0
0.781 49.0537 0 9.96604 0 0.0321514 0
0.7815 49.0851 0 9.97242 0 0.0321719 0
0.782 49.1165 0 9.9788 0 0.0321925 0
0.7825 49.1479 0 9.98518 0 0.0322131 0
0.783 49.1793 0 9.99156 0 0.0322337 0
0.7835 49.2107 0 9.99794 0 0.0322543 0
0.784 49.2421 0 10.0043 0 0.0322749 0
0.7845 49.2735 0 10.0107 0 0.0322954 0
0.785 49.3049 0 10.0171 0 0.032316 0
0.7855 49.3363 0 10.0235 0 0.0323366 0
0.786 49.3677 0 10.0298 0 0.0323572 0
0.7865 49.3991 0 10.0362 0 0.0323778 0
0.787 49.4305 0 10.0426 0 0.0323984 0
0.7875 49.4619 0 10.049 0 0.0324189 0
0.788 49.4933 0 10.0554 0 0.0324395 0
0.7885 49.5247 0 10.0617 0 0.0324601 0
0.789 49.5561 0 10.0681 0 0.0324807 0
0.7895 49.5876 0 10.0745 0 0.0325013 0
0.79 49.619 0 10.0809 0 0.0325219 0
0.7905 49.6504 0 10.0873 0 0.0325425 0
0.791 49.6818 0 10.0936 0 0.032563 0
0.7915 49.7132 0 10.1 0 0.0325836 0
0.792 49.7446 0 10.1064 0 0.0326042 0
0.7925 49.776 0 10.1128 0 0.0326248 0
0.793 49.8074 0 10.1192 0 0.0326454 0
0.7935 49.8388 0 10.1255 0 0.032666 0
0.794 49.8702 0 10.1319 0 0.0326865 0
0.7945 49.9016 0 10.1383 0 0.0327071 0
0.795 49.933 0 10.1447 0 0.0327277 0
0.7955 49.9644 0 10.1511 0 0.0327483 0
0.796 49.9958 0 10.1574 0 0.0327689 0
0.7965 50.0272 0 10.1638 0 0.0327895 0
0.797 50.0586 0 10.1702 0 0.03281 0
0.7975 50.09 0 10.1766 0 0.0328306 0
0.798 50.1214 0 10.183 0 0.0328512 0
0.7985 50.1528 0 10.1893 0 0.0328718 0
0.799 50.1842 0 10.1957 0 0.0328924 0
0.7995 50.2156 0 10.2021 0 0.032913 0
0.8 50.247 0 10.2085 0 0.0329335 0
0.8005 50.2784 0 10.2149 0 0.0329541 0
0.801 50.3099 0 10.2212 0 0.0329747 0
0.8015 50.3413 0 10.2276 0 0.0329953 0
0.802 50.3727 0 10.234 0 0.0330159 0
0.8025 50.4041 0 10.2404 0 0.0330365 0
0.803 50.4355 0 10.2468 0 0.033057 0
0.8035 50.4669 0 10.2531 0 0.0330776 0
0.804 50.4983 0 10.2595 0 0.0330982 0
0.8045 50.5297 0 10.2659 0 0.0331188 0
0.805 50.5611 0 10.2723 0 0.0331394 0
0.8055 50.5925 0 10.2787 0 0.03316 0
0.806 50.6239 0 10.2851 0 0.0331805 0
0.8065 50.6553 0 10.2914 0 0.0332011 0
0.807 50.6867 0 10.2978 0 0.0332217 0
0.8075 50.7181 0 10.3042 0 0.0332423 0
0.808 50.7495 0 10.3106 0 0.0332629 0
0.8085 50.7809 0 10.317 0 0.0332835 0
0.809 50.8123 0 10.3233 0 0.033304 0
0.8095 50.8437 0 10.3297 0 0.0333246 0
0.81 50.8751 0 10.3361 0 0.0333452 0
0.8105 50.9065 0 10.3425 0 0.0333658 0
0.811 50.9379 0 10.3489 0 0.0333864 0
0.8115 50.9693 0 10.3552 0 0.033407 0
0.812 51.0007 0 10.3616 0 0.0334275 0
0.8125 51.0322 0 10.368 0 0.0334481 0
0.813 51.0636 0 10.3744 0 0.0334687 0
0.8135 51.095 0 10.3808 0 0.0334893 0
0.814 51.1264 0 10.3871 0 0.0335099 0
0.8145 51.1578 0 10.3935 0 0.0335305 0
0.815 51.1892 0 10.3999 0 0.033551 0
0.8155 51.2206 0 10.4063 0 0.0335716 0
0.816 51.252 0 10.4127 0 0.0335922 0
0.8165 51.2834 0 10.419 0 0.0336128 0
0.817 51.3148 0 10.4254 0 0.0336334 0
0.8175 51.3462 0 10.4318 0 0.033654 0
0.818 51.3776 0 10.4382 0 0.0336745 0
0.8185 51.409 0 10.4446 0 0.0336951 0
0.819 51.4404 0 10.4509 0 0.0337157 0
0.8195 51.4718 0 10.4573 0 0.0337363 0
0.82 51.5032 0 10.4637 0 0.0337569 0
0.8205 51.5346 0 10.4701 0 0.0337775 0
0.821 51.566 0 10.4765 0 0.033798 0
0.8215 51.5974 0 10.4828 0 0.0338186 0
0.822 51.6288 0 10.4892 0 0.0338392 0
0.8225 51.6602 0 10.4956 0 0.0338598 0
0.823 51.6916 0 10.502 0 0.0338804 0
0.8235 51.723 0 10.5084 0 0.033901 0
0.824 51.7545 0 10.5147 0 0.0339215 0
0.8245 51.7859 0 10.5211 0 0.0339421 0
0.825 51.8173 0 10.5275 0 0.0339627 0
0.8255 51.8487 0 10.5339 0 0.0339833 0
0.826 51.8801 0 10.5403 0 0.0340039 0
0.8265 51.9115 0 10.5466 0 0.0340245 0
0.827 51.9429 0 10.553 0 0.034045 0
0.8275 51.9743 0 10.5594 0 0.0340656 0
0.828 52.0057 0 10.5658 0 0.0340862 0
0.8285 52.0371 0 10.5722 0 0.0341068 0
0.829 52.0685 0 10.5785 0 0.0341274 0
0.8295 52.0999 0 10.5849 0 0.034148 0
0.83 52.1313 0 10.5913 0 0.0341685 0
0.8305 52.1627 0 10.5977 0 0.0341891 0
0.831 52.1941 0 10.6041 0 0.0342097 0
0.8315 52.2255 0 10.6104 0 0.0342303 0
0.832 52.2569 0 10.6168 0 0.0342509 0
0.8325 52.2883 0 10.6232 0 0.0342715 0
0.833 52.3197 0 10.6296 0 0.034292 0
0.8335 52.3511 0 10.636 0 0.0343126 0
0.834 52.3825 0 10.6423 0 0.0343332 0
0.8345 52.4139 0 10.6487 0 0.0343538 0
0.835 52.4454 0 10.6551 0 0.0343744 0
0.8355 52.4768 0 10.6615 0 0.034395 0
0.836 52.5082 0 10.6679 0 0.0344155 0
0.8365 52.5396 0 10.6742 0 0.0344361 0
0.837 52.571 0 10.6806 0 0.0344567 0
0.8375 52.6024 0 10.687 0 0.0344773 0
0.838 52.6338 0 10.6934 0 0.0344979 0
0.8385 52.6652 0 10.6998 0 0.0345185 0
0.839 52.6966 0 10.7062 0 0.034539 0
0.8395 52.728 0 10.7125 0 0.0345596 0
0.84 52.7594 0 10.7189 0 0.0345802 0
0.8405 52.7908 0 10.7253 0 0.0346008 0
0.841 52.8222 0 10.7317 0 0.0346214 0
0.8415 52.8536 0 10.7381 0 0.034642 0
0.842 52.885 0 10.7444 0 0.0346625 0
0.8425 52.9164 0 10.7508 0 0.0346831 0
0.843 52.9478 0 10.7572 0 0.0347037 0
0.8435 52.9792 0 10.7636 0 0.0347243 0
0.844 53.0106 0 10.77 0 0.0347449 0
0.8445 53.042 0 10.7763 0 0.0347655 0
0.845 53.0734 0 10.7827 0 0.034786 0
0.8455 53.1048 0 10.7891 0 0.0348066 0
0.846 53.1362 0 10.7955 0 0.0348272 0
0.8465 53.1677 0 10.8019 0 0.0348478 0
0.847 53.1991 0 10.8082 0 0.0348684 0
0.8475 53.2305 0 10.8146 0 0.034889 0
0.848 53.2619 0 10.821 0 0.0349095 0
0.8485 53.2933 0 10.8274 0 0.0349301 0
0.849 53.3247 0 10.8338 0 0.0349507 0
0.8495 53.3561 0 10.8401 0 0.0349713 0
0.85 53.3875 0 10.8465 0 0.0349919 0
0.8505 53.4189 0 10.8529 0 0.0350125 0
0.851 53.4503 0 10.8593 0 0.035033 0
0.8515 53.4817 0 10.8657 0 0.0350536 0
0.852 53.5131 0 10.872 0 0.0350742 0
0.8525 53.5445 0 10.8784 0 0.0350948 0
0.853 53.5759 0 10.8848 0 0.0351154 0
0.8535 53.6073 0 10.8912 0 0.035136 0
0.854 53.6387 0 10.8976 0 0.0351565 0
0.8545 53.6701 0 10.9039 0 0.0351771 0
0.855 53.7015 0 10.9103 0 0.0351977 0
0.8555 53.7329 0 10.9167 0 0.0352183 0
0.856 53.7643 0 10.9231 0 0.0352389 0
0.8565 53.7957 0 10.9295 0 0.0352595 0
0.857 53.8271 0 10.9358 0 0.0352801 0
0.8575 53.8585 0 10.9422 0 0.0353006 0
0.858 53.89 0 10.9486 0 0.0353212 0
0.8585 53.9214 0 10.955 0 0.0353418 0
0.859 53.9528 0 10.9614 0 0.0353624 0
0.8595 53.9842 0 10.9677 0 0.035383 0
0.86 54.0156 0 10.9741 0 0.0354036 0
0.8605 54.047 0 10.9805 0 0.0354241 0
0.861 54.0784 0 10.9869 0 0.0354447 0
0.8615 54.1098 0 10.9933 0 0.0354653 0
0.862 54.1412 0 10.9996 0 0.0354859 0
0.8625 54.1726 0 11.006 0 0.0355065 0
0.863 54.204 0 11.0124 0 0.0355271 0
0.8635 54.2354 0 11.0188 0 0.0355476 0
0.864 54.2668 0 11.0252 0 0.0355682 0
0.8645 54.2982 0 11.0315 0 0.0355888 0
0.865 54.3296 0 11.0379 0 0.0356094 0
0.8655 54.361 0 11.0443 0 0.03563 0
0.866 54.3924 0 11.0507 0 0.0356506 0
0.8665 54.4238 0 11.0571 0 0.0356711 0
0.867 54.4552 0 11.0634 0 0.0356917 0
0.8675 54.4866 0 11.0698 0 0.0357123 0
0.868 54.518 0 11.0762 0 0.0357329 0
0.8685 54.5494 0 11.0826 0 0.0357535 0
0.869 54.5809 0 11.089 0 0.0357741 0
0.8695 54.6123 0 11.0953 0 0.0357946 0
0.87 54.6437 0 11.1017 0 0.0358152 0
0.8705 54.6751 0 11.1081 0 0.0358358 0
0.871 54.7065 0 11.1145 0 0.0358564 0
0.8715 54.7379 0 11.1209 0 0.035877 0
0.872 54.7693 0 11.1273 0 0.0358976 0
0.8725 54.8007 0 11.1336 0 0.0359181 0
0.873 54.8321 0 11.14 0 0.0359387 0
0.8735 54.8635 0 11.1464 0 0.0359593 0
0.874 54.8949 0 11.1528 0 0.0359799 0
0.8745 54.9263 0 11.1592 0 0.0360005 0
0.875 54.9577 0 11.1655 0 0.0360211 0
0.8755 54.9891 0 11.1719 0 0.0360416 0
0.876 55.0205 0 11.1783 0 0.0360622 0
0.8765 55.0519 0 11.1847 0 0.0360828 0
0.877 55.0833 0 11.1911 0 0.0361034 0
0.8775 55.1147 0 11.1974 0 0.036124 0
0.878 55.1461 0 11.2038 0 0.0361446 0
0.8785 55.1775 0 11.2102 0 0.0361651 0
0.879 55.2089 0 11.2166 0 0.0361857 0
0.8795 55.2403 0 11.223 0 0.0362063 0
0.88 55.2717 0 11.2293 0 0.0362269 0
0.8805 55.3032 0 11.2357 0 0.0362475 0
0.881 55.3346 0 11.2421 0 0.0362681 0
0.8815 55.366 0 11.2485 0 0.0362886 0
0.882 55.3974 0 11.2549 0 0.0363092 0
0.8825 55.4288 0 11.2612 0 0.0363298 0
0.883 55.4602 0 11.2676 0 0.0363504 0
0.8835 55.4916 0 11.274 0 0.036371 0
0.884 55.523 0 11.2804 0 0.0363916 0
0.8845 55.5544 0 11.2868 0 0.0364121 0
0.885 55.5858 0 11.2931 0 0.0364327 0
0.8855 55.6172 0 11.2995 0 0.0364533 0
0.886 55.6486 0 11.3059 0 0.0364739 0
0.8865 55.68 0 11.3123 0 0.0364945 0
0.887 55.7114 0 11.3187 0 0.0365151 0
0.8875 55.7428 0 11.325 0 0.0365356 0
0.888 55.7742 0 11.3314 0 0.0365562 0
0.8885 55.8056 0 11.3378 0 0.0365768 0
0.889 55.837 0 11.3442 0 0.0365974 0
0.8895 55.8684 0 11.3506 0 0.036618 0
0.89 55.8998 0 11.3569 0 0.0366386 0
0.8905 55.9312 0 11.3633 0 0.0366591 0
0.891 55.9626 0 11.3697 0 0.0366797 0
0.8915 55.994 0 11.3761 0 0.0367003 0
0.892 56.0255 0 11.3825 0 0.0367209 0
0.8925 56.0569 0 11.3888 0 0.0367415 0
0.893 56.0883 0 11.3952 0 0.0367621 0
0.8935 56.1197 0 11.4016 0 0.0367826 0
0.894 56.1511 0 11.408 0 0.0368032 0
0.8945 56.1825 0 11.4144 0 0.0368238 0
0.895 56.2139 0 11.4207 0 0.0368444 0
0.8955 56.2453 0 11.4271 0 0.036865 0
0.896 56.2767 0 11.4335 0 0.0368856 0
0.8965 56.3081 0 11.4399 0 0.0369061 0
0.897 56.3395 0 11.4463 0 0.0369267 0
0.8975 56.3709 0 11.4526 0 0.0369473 0
0.898 56.4023 0 11.459 0 0.0369679 0
0.8985 56.4337 0 11.4654 0 0.0369885 0
0.899 56.4651 0 11.4718 0 0.0370091 0
0.8995 56.4965 0 11.4782 0 0.0370296 0
0.9 56.5279 0 11.4845 0 0.0370502 0
0.9005 56.5593 0 11.4909 0 0.0370708 0
0.901 56.5907 0 11.4973 0 0.0370914 0
0.9015 56.6221 0 11.5037 0 0.037112 0
0.902 56.6535 0 11.5101 0 0.0371326 0
0.9025 56.6849 0 11.5164 0 0.0371531 0
0.903 56.7163 0 11.5228 0 0.0371737 0
0.9035 56.7478 0 11.5292 0 0.0371943 0
0.904 56.7792 0 11.5356 0 0.0372149 0
0.9045 56.8106 0 11.542 0 0.0372355 0
0.905 56.842 0 11.5484 0 0.0372561 0
0.9055 56.8734 0 11.5547 0 0.0372766 0
0.906 56.9048 0 11.5611 0 0.0372972 0
0.9065 56.9362 0 11.5675 0 0.0373178 0
0.907 56.9676 0 11.5739 0 0.0373384 0
0.9075 56.999 0 11.5803 0 0.037359 0
0.908 57.0304 0 11.5866 0 0.0373796 0
0.9085 57.0618 0 11.593 0 0.0374001 0
0.909 57.0932 0 11.5994 0 0.0374207 0
0.9095 57.1246 0 11.6058 0 0.0374413 0
0.91 57.156 0 11.6122 0 0.0374619 0
0.9105 57.1874 0 11.6185 0 0.0374825 0
0.911 57.2188 0 11.6249 0 0.0375031 0
0.9115 57.2502 0 11.6313 0 0.0375236 0
0.912 57.2816 0 11.6377 0 0.0375442 0
0.9125 57.313 0 11.6441 0 0.0375648 0
0.913 57.3444 0 11.6504 0 0.0375854 0
0.9135 57.3758 0 11.6568 0 0.037606 0
0.914 57.4072 0 11.6632 0 0.0376266 0
0.9145 57.4387 0 11.6696 0 0.0376471 0
0.915 57.4701 0 11.676 0 0.0376677 0
0.9155 57.5015 0 11.6823 0 0.0376883 0
0.916 57.5329 0 11.6887 0 0.0377089 0
0.9165 57.5643 0 11.6951 0 0.0377295 0
0.917 57.5957 0 11.7015 0 0.0377501 0
0.9175 57.6271 0 11.7079 0 0.0377706 0
0.918 57.6585 0 11.7142 0 0.0377912 0
0.9185 57.6899 0 11.7206 0 0.0378118 0
0.919 57.7213 0 11.727 0 0.0378324 0
0.9195 57.7527 0 11.7334 0 0.037853 0
0.92 57.7841 0 11.7398 0 0.0378736 0
0.9205 57.8155 0 11.7461 0 0.0378941 0
0.921 57.8469 0 11.7525 0 0.0379147 0
0.9215 57.8783 0 11.7589 0 0.0379353 0
0.922 57.9097 0 11.7653 0 0.0379559 0
0.9225 57.9411 0 11.7717 0 0.0379765 0
0.923 57.9725 0 11.778 0 0.0379971 0
0.9235 58.0039 0 11.7844 0 0.0380177 0
0.924 58.0353 0 11.7908 0 0.0380382 0
0.9245 58.0667 0 11.7972 0 0.0380588 0
0.925 58.0981 0 11.8036 0 0.0380794 0
0.9255 58.1295 0 11.8099 0 0.0381 0
0.926 58.161 0 11.8163 0 0.0381206 0
0.9265 58.1924 0 11.8227 0 0.0381412 0
0.927 58.2238 0 11.8291 0 0.0381617 0
0.9275 58.2552 0 11.8355 0 0.0381823 0
0.928 58.2866 0 11.8418 0 0.0382029 0
0.9285 58.318 0 11.8482 0 0.0382235 0
0.929 58.3494 0 11.8546 0 0.0382441 0
0.9295 58.3808 0 11.861 0 0.0382647 0
0.93 58.4122 0 11.8674 0 0.0382852 0
0.9305 58.4436 0 11.8737 0 0.0383058 0
0.931 58.475 0 11.8801 0 0.0383264 0
0.9315 58.5064 0 11.8865 0 0.038347 0
0.932 58.5378 0 11.8929 0 0.0383676 0
0.9325 58.5692 0 11.8993 0 0.0383882 0
0.933 58.6006 0 11.9056 0 0.0384087 0
0.9335 58.632 0 11.912 0 0.0384293 0
0.934 58.6634 0 11.9184 0 0.0384499 0
0.9345 58.6948 0 11.9248 0 0.0384705 0
0.935 58.7262 0 11.9312 0 0.0384911 0
0.9355 58.7576 0 11.9375 0 0.0385117 0
0.936 58.789 0 11.9439 0 0.0385322 0
0.9365 58.8204 0 11.9503 0 0.0385528 0
0.937 58.8518 0 11.9567 0 0.0385734 0
0.9375 58.8833 0 11.9631 0 0.038594 0
0.938 58.9147 0 11.9695 0 0.0386146 0
0.9385 58.9461 0 11.9758 0 0.0386352 0
0.939 58.9775 0 11.9822 0 0.0386557 0
0.9395 59.0089 0 11.9886 0 0.0386763 0
0.94 59.0403 0 11.995 0 0.0386969 0
0.9405 59.0717 0 12.0014 0 0.0387175 0
0.941 59.1031 0 12.0077 0 0.0387381 0
0.9415 59.1345 0 12.0141 0 0.0387587 0
0.942 59.1659 0 12.0205 0 0.0387792 0
0.9425 59.1973 0 12.0269 0 0.0387998 0
0.943 59.2287 0 12.0333 0 0.0388204 0
0.9435 59.2601 0 12.0396 0 0.038841 0
0.944 59.2915 0 12.046 0 0.0388616 0
0.9445 59.3229 0 12.0524 0 0.0388822 0
0.945 59.3543 0 12.0588 0 0.0389027 0
0.9455 59.3857 0 12.0652 0 0.0389233 0
0.946 59.4171 0 12.0715 0 0.0389439 0
0.9465 59.4485 0 12.0779 0 0.0389645 0
0.947 59.4799 0 12.0843 0 0.0389851 0
0.9475 59.5113 0 12.0907 0 0.0390057 0
0.948 59.5427 0 12.0971 0 0.0390262 0
0.9485 59.5742 0 12.1034 0 0.0390468 0
0.949 59.6056 0 12.1098 0 0.0390674 0
0.9495 59.637 0 12.1162 0 0.039088 0
0.95 59.6684 0 12.1226 0 0.0391086 0
0.9505 59.6998 0 12.129 0 0.0391292 0
0.951 59.7312 0 12.1353 0 0.0391497 0
0.9515 59.7626 0 12.1417 0 0.0391703 0
0.952 59.794 0 12.1481 0 0.0391909 0
0.9525 59.8254 0 12.1545 0 0.0392115 0
0.953 59.8568 0 12.1609 0 0.0392321 0
0.9535 59.8882 0 12.1672 0 0.0392527 0
0.954 59.9196 0 12.1736 0 0.0392732 0
0.9545 59.951 0 12.18 0 0.0392938 0
0.955 59.9824 0 12.1864 0 0.0393144 0
0.9555 60.0138 0 12.1928 0 0.039335 0
0.956 60.0452 0 12.1991 0 0.0393556 0
0.9565 60.0766 0 12.2055 0 0.0393762 0
0.957 60.108 0 12.2119 0 0.0393967 0
0.9575 60.1394 0 12.2183 0 0.0394173 0
0.958 60.1708 0 12.2247 0 0.0394379 0
0.9585 60.2022 0 12.231 0 0.0394585 0
0.959 60.2336 0 12.2374 0 0.0394791 0
0.9595 60.265 0 12.2438 0 0.0394997 0
0.96 60.2965 0 12.2502 0 0.0395202 0
0.9605 60.3279 0 12.2566 0 0.0395408 0
0.961 60.3593 0 12.2629 0 0.0395614 0
0.9615 60.3907 0 12.2693 0 0.039582 0
0.962 60.4221 0 12.2757 0 0.0396026 0
0.9625 60.4535 0 12.2821 0 0.0396232 0
0.963 60.4849 0 12.2885 0 0.0396437 0
0.9635 60.5163 0 12.2948 0 0.0396643 0
0.964 60.5477 0 12.3012 0 0.0396849 0
0.9645 60.5791 0 12.3076 0 0.0397055 0
0.965 60.6105 0 12.314 0 0.0397261 0
0.9655 60.6419 0 12.3204 0 0.0397467 0
0.966 60.6733 0 12.3267 0 0.0397672 0
0.9665 60.7047 0 12.3331 0 0.0397878 0
0.967 60.7361 0 12.3395 0 0.0398084 0
0.9675 60.7675 0 12.3459 0 0.039829 0
0.968 60.7989 0 12.3523 0 0.0398496 0
0.9685 60.8303 0 12.3586 0 0.0398702 0
0.969 60.8617 0 12.365 0 0.0398907 0
0.9695 60.8931 0 12.3714 0 0.0399113 0
0.97 60.9245 0 12.3778 0 0.0399319 0
0.9705 60.9559 0 12.3842 0 0.0399525 0
0.971 60.9873 0 12.3906 0 0.0399731 0
0.9715 61.0188 0 12.3969 0 0.0399937 0
0.972 61.0502 0 12.4033 0 0.0400142 0
0.9725 61.0816 0 12.4097 0 0.0400348 0
0.973 61.113 0 12.4161 0 0.0400554 0
0.9735 61.1444 0 12.4225 0 0.040076 0
0.974 61.1758 0 12.4288 0 0.0400966 0
0.9745 61.2072 0 12.4352 0 0.0401172 0
0.975 61.2386 0 12.4416 0 0.0401377 0
0.9755 61.27 0 12.448 0 0.0401583 0
0.976 61.3014 0 12.4544 0 0.0401789 0
0.9765 61.3328 0 12.4607 0 0.0401995 0
0.977 61.3642 0 12.4671 0 0.0402201 0
0.9775 61.3956 0 12.4735 0 0.0402407 0
0.978 61.427 0 12.4799 0 0.0402612 0
0.9785 61.4584 0 12.4863 0 0.0402818 0
0.979 61.4898 0 12.4926 0 0.0403024 0
0.9795 61.5212 0 12.499 0 0.040323 0
0.98 61.5526 0 12.5054 0 0.0403436 0
0.9805 61.584 0 12.5118 0 0.0403642 0
0.981 61.6154 0 12.5182 0 0.0403847 0
0.9815 61.6468 0 12.5245 0 0.0404053 0
0.982 61.6782 0 12.5309 0 0.0404259 0
0.9825 61.7096 0 12.5373 0 0.0404465 0
0.983 61.7411 0 12.5437 0 0.0404671 0
0.9835 61.7725 0 12.5501 0 0.0404877 0
0.984 61.8039 0 12.5564 0 0.0405082 0
0.9845 61.8353 0 12.5628 0 0.0405288 0
0.985 61.8667 0 12.5692 0 0.0405494 0
0.9855 61.8981 0 12.5756 0 0.04057 0
0.986 61.9295 0 12.582 0 0.0405906 0
0.9865 61.9609 0 12.5883 0 0.0406112 0
0.987 61.9923 0 12.5947 0 0.0406318 0
0.9875 62.0237 0 12.6011 0 0.0406523 0
0.988 62.0551 0 12.6075 0 0.0406729 0
0.9885 62.0865 0 12.6139 0 0.0406935 0
0.989 62.1179 0 12.6202 0 0.0407141 0
0.9895 62.1493 0 12.6266 0 0.0407347 0
0.99 62.1807 0 12.633 0 0.0407553 0
0.9905 62.2121 0 12.6394 0 0.0407758 0
0.991 62.2435 0 12.6458 0 0.0407964 0
0.9915 62.2749 0 12.6521 0 0.040817 0
0.992 62.3063 0 12.6585 0 0.0408376 0
0.9925 62.3377 0 12.6649 0 0.0408582 0
0.993 62.3691 0 12.6713 0 0.0408788 0
0.9935 62.4005 0 12.6777 0 0.0408993 0
0.994 62.432 0 12.684 0 0.0409199 0
0.9945 62.4634 0 12.6904 0 0.0409405 0
0.995 62.4948 0 12.6968 0 0.0409611 0
0.9955 62.5262 0 12.7032 0 0.0409817 0
0.996 62.5576 0 12.7096 0 0.0410023 0
0.9965 62.589 0 12.7159 0 0.0410228 0
0.997 62.6204 0 12.7223 0 0.0410434 0
0.9975 62.6518 0 12.7287 0 0.041064 0
0.998 62.6832 0 12.7351 0 0.0410846 0
0.9985 62.7146 0 12.7415 0 0.0411052 0
0.999 62.746 0 12.7478 0 0.0411258 0
0.9995 62.7774 0 12.7542 0 0.0411463 0
1 62.8088 0 12.7606 0 0.0411669 0
