0.0005 0.0313605 0 0.000615025 0 2.00875e-05 0
0.001 0.062721 0 0.00123005 0 4.0175e-05 0
0.0015 0.0940816 0 0.00184508 0 6.02625e-05 0
0.002 0.125442 0 0.0024601 0 8.035e-05 0
0.0025 0.156803 0 0.00307513 0 0.000100437 0
0.003 0.188163 0 0.00369015 0 0.000120525 0
0.0035 0.219524 0 0.00430518 0 0.000140612 0
0.004 0.250884 0 0.0049202 0 0.0001607 0
0.0045 0.282245 0 0.00553523 0 0.000180787 0
0.005 0.313605 0 0.00615025 0 0.000200875 0
0.0055 0.344966 0 0.00676528 0 0.000220962 0
0.006 0.376326 0 0.0073803 0 0.00024105 0
0.0065 0.407687 0 0.00799533 0 0.000261137 0
0.007 0.439047 0 0.00861035 0 0.000281225 0
0.0075 0.470408 0 0.00922538 0 0.000301312 0
0.008 0.501768 0 0.0098404 0 0.0003214 0
0.0085 0.533129 0 0.0104554 0 0.000341487 0
0.009 0.564489 0 0.0110705 0 0.000361575 0
0.0095 0.59585 0 0.0116855 0 0.000381662 0
0.01 0.62721 0 0.0123005 0 0.00040175 0
0.0105 0.658571 0 0.0129155 0 0.000421837 0
0.011 0.689931 0 0.0135306 0 0.000441925 0
0.0115 0.721292 0 0.0141456 0 0.000462012 0
0.012 0.752652 0 0.0147606 0 0.0004821 0
0.0125 0.784013 0 0.0153756 0 0.000502187 0
0.013 0.815373 0 0.0159907 0 0.000522275 0
0.0135 0.846734 0 0.0166057 0 0.000542362 0
0.014 0.878094 0 0.0172207 0 0.00056245 0
0.0145 0.909455 0 0.0178357 0 0.000582537 0
0.015 0.940816 0 0.0184508 0 0.000602625 0
0.0155 0.972176 0 0.0190658 0 0.000622712 0
0.016 1.00354 0 0.0196808 0 0.0006428 0
0.0165 1.0349 0 0.0202958 0 0.000662887 0
0.017 1.06626 0 0.0209109 0 0.000682975 0
0.0175 1.09762 0 0.0215259 0 0.000703062 0
0.018 1.12898 0 0.0221409 0 0.00072315 0
0.0185 1.16034 0 0.0227559 0 0.000743237 0
0.019 1.1917 0 0.023371 0 0.000763325 0
0.0195 1.22306 0 0.023986 0 0.000783412 0
0.02 1.25442 0 0.024601 0 0.0008035 0
0.0205 1.28578 0 0.025216 0 0.000823587 0
0.021 1.31714 0 0.0258311 0 0.000843674 0
0.0215 1.3485 0 0.0264461 0 0.000863762 0
0.022 1.37986 0 0.0270611 0 0.000883849 0
0.0225 1.41122 0 0.0276761 0 0.000903937 0
0.023 1.44258 0 0.0282912 0 0.000924024 0
0.0235 1.47394 0 0.0289062 0 0.000944112 0
0.024 1.5053 0 0.0295212 0 0.000964199 0
0.0245 1.53667 0 0.0301362 0 0.000984287 0
0.025 1.56803 0 0.0307513 0 0.00100437 0
0.0255 1.59939 0 0.0313663 0 0.00102446 0
0.026 1.63075 0 0.0319813 0 0.00104455 0
0.0265 1.66211 0 0.0325963 0 0.00106464 0
0.027 1.69347 0 0.0332114 0 0.00108472 0
0.0275 1.72483 0 0.0338264 0 0.00110481 0
0.028 1.75619 0 0.0344414 0 0.0011249 0
0.0285 1.78755 0 0.0350564 0 0.00114499 0
0.029 1.81891 0 0.0356715 0 0.00116507 0
0.0295 1.85027 0 0.0362865 0 0.00118516 0
0.03 1.88163 0 0.0369015 0 0.00120525 0
0.0305 1.91299 0 0.0375165 0 0.00122534 0
0.031 1.94435 0 0.0381316 0 0.00124542 0
0.0315 1.97571 0 0.0387466 0 0.00126551 0
0.032 2.00707 0 0.0393616 0 0.0012856 0
0.0325 2.03843 0 0.0399766 0 0.00130569 0
0.033 2.06979 0 0.0405917 0 0.00132577 0
0.0335 2.10115 0 0.0412067 0 0.00134586 0
0.034 2.13252 0 0.0418217 0 0.00136595 0
0.0345 2.16388 0 0.0424367 0 0.00138604 0
0.035 2.19524 0 0.0430518 0 0.00140612 0
0.0355 2.2266 0 0.0436668 0 0.00142621 0
0.036 2.25796 0 0.0442818 0 0.0014463 0
0.0365 2.28932 0 0.0448968 0 0.00146639 0
0.037 2.32068 0 0.0455119 0 0.00148647 0
0.0375 2.35204 0 0.0461269 0 0.00150656 0
0.038 2.3834 0 0.0467419 0 0.00152665 0
0.0385 2.41476 0 0.0473569 0 0.00154674 0
0.039 2.44612 0 0.047972 0 0.00156682 0
0.0395 2.47748 0 0.048587 0 0.00158691 0
0.04 2.50884 0 0.049202 0 0.001607 0
0.0405 2.5402 0 0.049817 0 0.00162709 0
0.041 2.57156 0 0.0504321 0 0.00164717 0
0.0415 2.60292 0 0.0510471 0 0.00166726 0
0.042 2.63428 0 0.0516621 0 0.00168735 0
0.0425 2.66564 0 0.0522771 0 0.00170744 0
0.043 2.697 0 0.0528922 0 0.00172752 0
0.0435 2.72836 0 0.0535072 0 0.00174761 0
0.044 2.75973 0 0.0541222 0 0.0017677 0
0.0445 2.79109 0 0.0547372 0 0.00178779 0
0.045 2.82245 0 0.0553523 0 0.00180787 0
0.0455 2.85381 0 0.0559673 0 0.00182796 0
0.046 2.88517 0 0.0565823 0 0.00184805 0
0.0465 2.91653 0 0.0571973 0 0.00186814 0
0.047 2.94789 0 0.0578124 0 0.00188822 0
0.0475 2.97925 0 0.0584274 0 0.00190831 0
0.048 3.01061 0 0.0590424 0 0.0019284 0
0.0485 3.04197 0 0.0596574 0 0.00194849 0
0.049 3.07333 0 0.0602725 0 0.00196857 0
0.0495 3.10469 0 0.0608875 0 0.00198866 0
0.05 3.13605 0 0.0615025 0 0.00200875 0
0.0505 3.16741 0 0.0621175 0 0.00202884 0
0.051 3.19877 0 0.0627326 0 0.00204892 0
0.0515 3.23013 0 0.0633476 0 0.00206901 0
0.052 3.26149 0 0.0639626 0 0.0020891 0
0.0525 3.29285 0 0.0645776 0 0.00210919 0
0.053 3.32421 0 0.0651927 0 0.00212927 0
0.0535 3.35558 0 0.0658077 0 0.00214936 0
0.054 3.38694 0 0.0664227 0 0.00216945 0
0.0545 3.4183 0 0.0670377 0 0.00218954 0
0.055 3.44966 0 0.0676528 0 0.00220962 0
0.0555 3.48102 0 0.0682678 0 0.00222971 0
0.056 3.51238 0 0.0688828 0 0.0022498 0
0.0565 3.54374 0 0.0694978 0 0.00226989 0
0.057 3.5751 0 0.0701129 0 0.00228997 0
0.0575 3.60646 0 0.0707279 0 0.00231006 0
0.058 3.63782 0 0.0713429 0 0.00233015 0
0.0585 3.66918 0 0.0719579 0 0.00235024 0
0.059 3.70054 0 0.072573 0 0.00237032 0
0.0595 3.7319 0 0.073188 0 0.00239041 0
0.06 3.76326 0 0.073803 0 0.0024105 0
0.0605 3.79462 0 0.074418 0 0.00243059 0
0.061 3.82598 0 0.0750331 0 0.00245067 0
0.0615 3.85734 0 0.0756481 0 0.00247076 0
0.062 3.8887 0 0.0762631 0 0.00249085 0
0.0625 3.92006 0 0.0768781 0 0.00251094 0
0.063 3.95143 0 0.0774932 0 0.00253102 0
0.0635 3.98279 0 0.0781082 0 0.00255111 0
0.064 4.01415 0 0.0787232 0 0.0025712 0
0.0645 4.04551 0 0.0793382 0 0.00259129 0
0.065 4.07687 0 0.0799533 0 0.00261137 0
0.0655 4.10823 0 0.0805683 0 0.00263146 0
0.066 4.13959 0 0.0811833 0 0.00265155 0
0.0665 4.17095 0 0.0817983 0 0.00267164 0
0.067 4.20231 0 0.0824134 0 0.00269172 0
0.0675 4.23367 0 0.0830284 0 0.00271181 0
0.068 4.26503 0 0.0836434 0 0.0027319 0
0.0685 4.29639 0 0.0842584 0 0.00275199 0
0.069 4.32775 0 0.0848735 0 0.00277207 0
0.0695 4.35911 0 0.0854885 0 0.00279216 0
0.07 4.39047 0 0.0861035 0 0.00281225 0
0.0705 4.42183 0 0.0867185 0 0.00283234 0
0.071 4.45319 0 0.0873336 0 0.00285242 0
0.0715 4.48455 0 0.0879486 0 0.00287251 0
0.072 4.51591 0 0.0885636 0 0.0028926 0
0.0725 4.54727 0 0.0891786 0 0.00291269 0
0.073 4.57864 0 0.0897937 0 0.00293277 0
0.0735 4.61 0 0.0904087 0 0.00295286 0
0.074 4.64136 0 0.0910237 0 0.00297295 0
0.0745 4.67272 0 0.0916387 0 0.00299304 0
0.075 4.70408 0 0.0922538 0 0.00301312 0
0.0755 4.73544 0 0.0928688 0 0.00303321 0
0.076 4.7668 0 0.0934838 0 0.0030533 0
0.0765 4.79816 0 0.0940988 0 0.00307339 0
0.077 4.82952 0 0.0947139 0 0.00309347 0
0.0775 4.86088 0 0.0953289 0 0.00311356 0
0.078 4.89224 0 0.0959439 0 0.00313365 0
0.0785 4.9236 0 0.0965589 0 0.00315374 0
0.079 4.95496 0 0.097174 0 0.00317382 0
0.0795 4.98632 0 0.097789 0 0.00319391 0
0.08 5.01768 0 0.098404 0 0.003214 0
0.0805 5.04904 0 0.099019 0 0.00323409 0
0.081 5.0804 0 0.0996341 0 0.00325417 0
0.0815 5.11176 0 0.100249 0 0.00327426 0
0.082 5.14312 0 0.100864 0 0.00329435 0
0.0825 5.17449 0 0.101479 0 0.00331444 0
0.083 5.20585 0 0.102094 0 0.00333452 0
0.0835 5.23721 0 0.102709 0 0.00335461 0
0.084 5.26857 0 0.103324 0 0.0033747 0
0.0845 5.29993 0 0.103939 0 0.00339479 0
0.085 5.33129 0 0.104554 0 0.00341487 0
0.0855 5.36265 0 0.105169 0 0.00343496 0
0.086 5.39401 0 0.105784 0 0.00345505 0
0.0865 5.42537 0 0.106399 0 0.00347514 0
0.087 5.45673 0 0.107014 0 0.00349522 0
0.0875 5.48809 0 0.107629 0 0.00351531 0
0.088 5.51945 0 0.108244 0 0.0035354 0
0.0885 5.55081 0 0.108859 0 0.00355549 0
0.089 5.58217 0 0.109474 0 0.00357557 0
0.0895 5.61353 0 0.110089 0 0.00359566 0
0.09 5.64489 0 0.110705 0 0.00361575 0
0.0905 5.67625 0 0.11132 0 0.00363584 0
0.091 5.70761 0 0.111935 0 0.00365592 0
0.0915 5.73897 0 0.11255 0 0.00367601 0
0.092 5.77034 0 0.113165 0 0.0036961 0
0.0925 5.8017 0 0.11378 0 0.00371619 0
0.093 5.83306 0 0.114395 0 0.00373627 0
0.0935 5.86442 0 0.11501 0 0.00375636 0
0.094 5.89578 0 0.115625 0 0.00377645 0
0.0945 5.92714 0 0.11624 0 0.00379654 0
0.095 5.9585 0 0.116855 0 0.00381662 0
0.0955 5.98986 0 0.11747 0 0.00383671 0
0.096 6.02122 0 0.118085 0 0.0038568 0
0.0965 6.05258 0 0.1187 0 0.00387689 0
0.097 6.08394 0 0.119315 0 0.00389697 0
0.0975 6.1153 0 0.11993 0 0.00391706 0
0.098 6.14666 0 0.120545 0 0.00393715 0
0.0985 6.17802 0 0.12116 0 0.00395724 0
0.099 6.20938 0 0.121775 0 0.00397732 0
0.0995 6.24074 0 0.12239 0 0.00399741 0
0.1 6.2721 0 0.123005 0 0.0040175 0
0.1005 6.30346 0 0.12362 0 0.00403759 0
0.101 6.33482 0 0.124235 0 0.00405767 0
0.1015 6.36618 0 0.12485 0 0.00407776 0
0.102 6.39755 0 0.125465 0 0.00409785 0
0.1025 6.42891 0 0.12608 0 0.00411793 0
0.103 6.46027 0 0.126695 0 0.00413802 0
0.1035 6.49163 0 0.12731 0 0.00415811 0
0.104 6.52299 0 0.127925 0 0.0041782 0
0.1045 6.55435 0 0.12854 0 0.00419828 0
0.105 6.58571 0 0.129155 0 0.00421837 0
0.1055 6.61707 0 0.12977 0 0.00423846 0
0.106 6.64843 0 0.130385 0 0.00425855 0
0.1065 6.67979 0 0.131 0 0.00427863 0
0.107 6.71115 0 0.131615 0 0.00429872 0
0.1075 6.74251 0 0.13223 0 0.00431881 0
0.108 6.77387 0 0.132845 0 0.0043389 0
0.1085 6.80523 0 0.13346 0 0.00435898 0
0.109 6.83659 0 0.134075 0 0.00437907 0
0.1095 6.86795 0 0.13469 0 0.00439916 0
0.11 6.89931 0 0.135306 0 0.00441925 0
0.1105 6.93067 0 0.135921 0 0.00443933 0
0.111 6.96203 0 0.136536 0 0.00445942 0
0.1115 6.9934 0 0.137151 0 0.00447951 0
0.112 7.02476 0 0.137766 0 0.0044996 0
0.1125 7.05612 0 0.138381 0 0.00451968 0
0.113 7.08748 0 0.138996 0 0.00453977 0
0.1135 7.11884 0 0.139611 0 0.00455986 0
0.114 7.1502 0 0.140226 0 0.00457995 0
0.1145 7.18156 0 0.140841 0 0.00460003 0
0.115 7.21292 0 0.141456 0 0.00462012 0
0.1155 7.24428 0 0.142071 0 0.00464021 0
0.116 7.27564 0 0.142686 0 0.0046603 0
0.1165 7.307 0 0.143301 0 0.00468038 0
0.117 7.33836 0 0.143916 0 0.00470047 0
0.1175 7.36972 0 0.144531 0 0.00472056 0
0.118 7.40108 0 0.145146 0 0.00474065 0
0.1185 7.43244 0 0.145761 0 0.00476073 0
0.119 7.4638 0 0.146376 0 0.00478082 0
0.1195 7.49516 0 0.146991 0 0.00480091 0
0.12 7.52652 0 0.147606 0 0.004821 0
0.1205 7.55788 0 0.148221 0 0.00484108 0
0.121 7.58925 0 0.148836 0 0.00486117 0
0.1215 7.62061 0 0.149451 0 0.00488126 0
0.122 7.65197 0 0.150066 0 0.00490135 0
0.1225 7.68333 0 0.150681 0 0.00492143 0
0.123 7.71469 0 0.151296 0 0.00494152 0
0.1235 7.74605 0 0.151911 0 0.00496161 0
0.124 7.77741 0 0.152526 0 0.0049817 0
0.1245 7.80877 0 0.153141 0 0.00500178 0
0.125 7.84013 0 0.153756 0 0.00502187 0
0.1255 7.87149 0 0.154371 0 0.00504196 0
0.126 7.90285 0 0.154986 0 0.00506205 0
0.1265 7.93421 0 0.155601 0 0.00508213 0
0.127 7.96557 0 0.156216 0 0.00510222 0
0.1275 7.99693 0 0.156831 0 0.00512231 0
0.128 8.02829 0 0.157446 0 0.0051424 0
0.1285 8.05965 0 0.158061 0 0.00516248 0
0.129 8.09101 0 0.158676 0 0.00518257 0
0.1295 8.12237 0 0.159291 0 0.00520266 0
0.13 8.15373 0 0.159907 0 0.00522275 0
0.1305 8.18509 0 0.160522 0 0.00524283 0
0.131 8.21646 0 0.161137 0 0.00526292 0
0.1315 8.24782 0 0.161752 0 0.00528301 0
0.132 8.27918 0 0.162367 0 0.0053031 0
0.1325 8.31054 0 0.162982 0 0.00532318 0
0.133 8.3419 0 0.163597 0 0.00534327 0
0.1335 8.37326 0 0.164212 0 0.00536336 0
0.134 8.40462 0 0.164827 0 0.00538345 0
0.1345 8.43598 0 0.165442 0 0.00540353 0
0.135 8.46734 0 0.166057 0 0.00542362 0
0.1355 8.4987 0 0.166672 0 0.00544371 0
0.136 8.53006 0 0.167287 0 0.0054638 0
0.1365 8.56142 0 0.167902 0 0.00548388 0
0.137 8.59278 0 0.168517 0 0.00550397 0
0.1375 8.62414 0 0.169132 0 0.00552406 0
0.138 8.6555 0 0.169747 0 0.00554415 0
0.1385 8.68686 0 0.170362 0 0.00556423 0
0.139 8.71822 0 0.170977 0 0.00558432 0
0.1395 8.74958 0 0.171592 0 0.00560441 0
0.14 8.78094 0 0.172207 0 0.0056245 0
0.1405 8.81231 0 0.172822 0 0.00564458 0
0.141 8.84367 0 0.173437 0 0.00566467 0
0.1415 8.87503 0 0.174052 0 0.00568476 0
0.142 8.90639 0 0.174667 0 0.00570485 0
0.1425 8.93775 0 0.175282 0 0.00572493 0
0.143 8.96911 0 0.175897 0 0.00574502 0
0.1435 9.00047 0 0.176512 0 0.00576511 0
0.144 9.03183 0 0.177127 0 0.0057852 0
0.1445 9.06319 0 0.177742 0 0.00580528 0
0.145 9.09455 0 0.178357 0 0.00582537 0
0.1455 9.12591 0 0.178972 0 0.00584546 0
0.146 9.15727 0 0.179587 0 0.00586555 0
0.1465 9.18863 0 0.180202 0 0.00588563 0
0.147 9.21999 0 0.180817 0 0.00590572 0
0.1475 9.25135 0 0.181432 0 0.00592581 0
0.148 9.28271 0 0.182047 0 0.0059459 0
0.1485 9.31407 0 0.182662 0 0.00596598 0
0.149 9.34543 0 0.183277 0 0.00598607 0
0.1495 9.37679 0 0.183892 0 0.00600616 0
0.15 9.40816 0 0.184508 0 0.00602625 0
0.1505 9.43952 0 0.185123 0 0.00604633 0
0.151 9.47088 0 0.185738 0 0.00606642 0
0.1515 9.50224 0 0.186353 0 0.00608651 0
0.152 9.5336 0 0.186968 0 0.0061066 0
0.1525 9.56496 0 0.187583 0 0.00612668 0
0.153 9.59632 0 0.188198 0 0.00614677 0
0.1535 9.62768 0 0.188813 0 0.00616686 0
0.154 9.65904 0 0.189428 0 0.00618695 0
0.1545 9.6904 0 0.190043 0 0.00620703 0
0.155 9.72176 0 0.190658 0 0.00622712 0
0.1555 9.75312 0 0.191273 0 0.00624721 0
0.156 9.78448 0 0.191888 0 0.0062673 0
0.1565 9.81584 0 0.192503 0 0.00628738 0
0.157 9.8472 0 0.193118 0 0.00630747 0
0.1575 9.87856 0 0.193733 0 0.00632756 0
0.158 9.90992 0 0.194348 0 0.00634765 0
0.1585 9.94128 0 0.194963 0 0.00636773 0
0.159 9.97264 0 0.195578 0 0.00638782 0
0.1595 10.004 0 0.196193 0 0.00640791 0
0.16 10.0354 0 0.196808 0 0.006428 0
0.1605 10.0667 0 0.197423 0 0.00644808 0
0.161 10.0981 0 0.198038 0 0.00646817 0
0.1615 10.1294 0 0.198653 0 0.00648826 0
0.162 10.1608 0 0.199268 0 0.00650835 0
0.1625 10.1922 0 0.199883 0 0.00652843 0
0.163 10.2235 0 0.200498 0 0.00654852 0
0.1635 10.2549 0 0.201113 0 0.00656861 0
0.164 10.2862 0 0.201728 0 0.0065887 0
0.1645 10.3176 0 0.202343 0 0.00660878 0
0.165 10.349 0 0.202958 0 0.00662887 0
0.1655 10.3803 0 0.203573 0 0.00664896 0
0.166 10.4117 0 0.204188 0 0.00666905 0
0.1665 10.4431 0 0.204803 0 0.00668913 0
0.167 10.4744 0 0.205418 0 0.00670922 0
0.1675 10.5058 0 0.206033 0 0.00672931 0
0.168 10.5371 0 0.206648 0 0.0067494 0
0.1685 10.5685 0 0.207263 0 0.00676948 0
0.169 10.5999 0 0.207878 0 0.00678957 0
0.1695 10.6312 0 0.208493 0 0.00680966 0
0.17 10.6626 0 0.209109 0 0.00682975 0
0.1705 10.6939 0 0.209724 0 0.00684983 0
0.171 10.7253 0 0.210339 0 0.00686992 0
0.1715 10.7567 0 0.210954 0 0.00689001 0
0.172 10.788 0 0.211569 0 0.0069101 0
0.1725 10.8194 0 0.212184 0 0.00693018 0
0.173 10.8507 0 0.212799 0 0.00695027 0
0.1735 10.8821 0 0.213414 0 0.00697036 0
0.174 10.9135 0 0.214029 0 0.00699045 0
0.1745 10.9448 0 0.214644 0 0.00701053 0
0.175 10.9762 0 0.215259 0 0.00703062 0
0.1755 11.0075 0 0.215874 0 0.00705071 0
0.176 11.0389 0 0.216489 0 0.0070708 0
0.1765 11.0703 0 0.217104 0 0.00709088 0
0.177 11.1016 0 0.217719 0 0.00711097 0
0.1775 11.133 0 0.218334 0 0.00713106 0
0.178 11.1643 0 0.218949 0 0.00715115 0
0.1785 11.1957 0 0.219564 0 0.00717123 0
0.179 11.2271 0 0.220179 0 0.00719132 0
0.1795 11.2584 0 0.220794 0 0.00721141 0
0.18 11.2898 0 0.221409 0 0.0072315 0
0.1805 11.3211 0 0.222024 0 0.00725158 0
0.181 11.3525 0 0.222639 0 0.00727167 0
0.1815 11.3839 0 0.223254 0 0.00729176 0
0.182 11.4152 0 0.223869 0 0.00731185 0
0.1825 11.4466 0 0.224484 0 0.00733193 0
0.183 11.4779 0 0.225099 0 0.00735202 0
0.1835 11.5093 0 0.225714 0 0.00737211 0
0.184 11.5407 0 0.226329 0 0.0073922 0
0.1845 11.572 0 0.226944 0 0.00741228 0
0.185 11.6034 0 0.227559 0 0.00743237 0
0.1855 11.6348 0 0.228174 0 0.00745246 0
0.186 11.6661 0 0.228789 0 0.00747255 0
0.1865 11.6975 0 0.229404 0 0.00749263 0
0.187 11.7288 0 0.230019 0 0.00751272 0
0.1875 11.7602 0 0.230634 0 0.00753281 0
0.188 11.7916 0 0.231249 0 0.0075529 0
0.1885 11.8229 0 0.231864 0 0.00757298 0
0.189 11.8543 0 0.232479 0 0.00759307 0
0.1895 11.8856 0 0.233095 0 0.00761316 0
0.19 11.917 0 0.23371 0 0.00763325 0
0.1905 11.9484 0 0.234325 0 0.00765333 0
0.191 11.9797 0 0.23494 0 0.00767342 0
0.1915 12.0111 0 0.235555 0 0.00769351 0
0.192 12.0424 0 0.23617 0 0.0077136 0
0.1925 12.0738 0 0.236785 0 0.00773368 0
0.193 12.1052 0 0.2374 0 0.00775377 0
0.1935 12.1365 0 0.238015 0 0.00777386 0
0.194 12.1679 0 0.23863 0 0.00779395 0
0.1945 12.1992 0 0.239245 0 0.00781403 0
0.195 12.2306 0 0.23986 0 0.00783412 0
0.1955 12.262 0 0.240475 0 0.00785421 0
0.196 12.2933 0 0.24109 0 0.0078743 0
0.1965 12.3247 0 0.241705 0 0.00789438 0
0.197 12.356 0 0.24232 0 0.00791447 0
0.1975 12.3874 0 0.242935 0 0.00793456 0
0.198 12.4188 0 0.24355 0 0.00795465 0
0.1985 12.4501 0 0.244165 0 0.00797473 0
0.199 12.4815 0 0.24478 0 0.00799482 0
0.1995 12.5128 0 0.245395 0 0.00801491 0
0.2 12.5442 0 0.24601 0 0.008035 0
0.2005 12.5756 0 0.246625 0 0.00805508 0
0.201 12.6069 0 0.24724 0 0.00807517 0
0.2015 12.6383 0 0.247855 0 0.00809526 0
0.202 12.6696 0 0.24847 0 0.00811535 0
0.2025 12.701 0 0.249085 0 0.00813543 0
0.203 12.7324 0 0.2497 0 0.00815552 0
0.2035 12.7637 0 0.250315 0 0.00817561 0
0.204 12.7951 0 0.25093 0 0.00819569 0
0.2045 12.8265 0 0.251545 0 0.00821578 0
0.205 12.8578 0 0.25216 0 0.00823587 0
0.2055 12.8892 0 0.252775 0 0.00825596 0
0.206 12.9205 0 0.25339 0 0.00827604 0
0.2065 12.9519 0 0.254005 0 0.00829613 0
0.207 12.9833 0 0.25462 0 0.00831622 0
0.2075 13.0146 0 0.255235 0 0.00833631 0
0.208 13.046 0 0.25585 0 0.00835639 0
0.2085 13.0773 0 0.256465 0 0.00837648 0
0.209 13.1087 0 0.25708 0 0.00839657 0
0.2095 13.1401 0 0.257696 0 0.00841666 0
0.21 13.1714 0 0.258311 0 0.00843674 0
0.2105 13.2028 0 0.258926 0 0.00845683 0
0.211 13.2341 0 0.259541 0 0.00847692 0
0.2115 13.2655 0 0.260156 0 0.00849701 0
0.212 13.2969 0 0.260771 0 0.00851709 0
0.2125 13.3282 0 0.261386 0 0.00853718 0
0.213 13.3596 0 0.262001 0 0.00855727 0
0.2135 13.3909 0 0.262616 0 0.00857736 0
0.214 13.4223 0 0.263231 0 0.00859744 0
0.2145 13.4537 0 0.263846 0 0.00861753 0
0.215 13.485 0 0.264461 0 0.00863762 0
0.2155 13.5164 0 0.265076 0 0.00865771 0
0.216 13.5477 0 0.265691 0 0.00867779 0
0.2165 13.5791 0 0.266306 0 0.00869788 0
0.217 13.6105 0 0.266921 0 0.00871797 0
0.2175 13.6418 0 0.267536 0 0.00873806 0
0.218 13.6732 0 0.268151 0 0.00875814 0
0.2185 13.7045 0 0.268766 0 0.00877823 0
0.219 13.7359 0 0.269381 0 0.00879832 0
0.2195 13.7673 0 0.269996 0 0.00881841 0
0.22 13.7986 0 0.270611 0 0.00883849 0
0.2205 13.83 0 0.271226 0 0.00885858 0
0.221 13.8613 0 0.271841 0 0.00887867 0
0.2215 13.8927 0 0.272456 0 0.00889876 0
0.222 13.9241 0 0.273071 0 0.00891884 0
0.2225 13.9554 0 0.273686 0 0.00893893 0
0.223 13.9868 0 0.274301 0 0.00895902 0
0.2235 14.0182 0 0.274916 0 0.00897911 0
0.224 14.0495 0 0.275531 0 0.00899919 0
0.2245 14.0809 0 0.276146 0 0.00901928 0
0.225 14.1122 0 0.276761 0 0.00903937 0
0.2255 14.1436 0 0.277376 0 0.00905946 0
0.226 14.175 0 0.277991 0 0.00907954 0
0.2265 14.2063 0 0.278606 0 0.00909963 0
0.227 14.2377 0 0.279221 0 0.00911972 0
0.2275 14.269 0 0.279836 0 0.00913981 0
0.228 14.3004 0 0.280451 0 0.00915989 0
0.2285 14.3318 0 0.281066 0 0.00917998 0
0.229 14.3631 0 0.281681 0 0.00920007 0
0.2295 14.3945 0 0.282297 0 0.00922016 0
0.23 14.4258 0 0.282912 0 0.00924024 0
0.2305 14.4572 0 0.283527 0 0.00926033 0
0.231 14.4886 0 0.284142 0 0.00928042 0
0.2315 14.5199 0 0.284757 0 0.00930051 0
0.232 14.5513 0 0.285372 0 0.00932059 0
0.2325 14.5826 0 0.285987 0 0.00934068 0
0.233 14.614 0 0.286602 0 0.00936077 0
0.2335 14.6454 0 0.287217 0 0.00938086 0
0.234 14.6767 0 0.287832 0 0.00940094 0
0.2345 14.7081 0 0.288447 0 0.00942103 0
0.235 14.7394 0 0.289062 0 0.00944112 0
0.2355 14.7708 0 0.289677 0 0.00946121 0
0.236 14.8022 0 0.290292 0 0.00948129 0
0.2365 14.8335 0 0.290907 0 0.00950138 0
0.237 14.8649 0 0.291522 0 0.00952147 0
0.2375 14.8962 0 0.292137 0 0.00954156 0
0.238 14.9276 0 0.292752 0 0.00956164 0
0.2385 14.959 0 0.293367 0 0.00958173 0
0.239 14.9903 0 0.293982 0 0.00960182 0
0.2395 15.0217 0 0.294597 0 0.00962191 0
0.24 15.053 0 0.295212 0 0.00964199 0
0.2405 15.0844 0 0.295827 0 0.00966208 0
0.241 15.1158 0 0.296442 0 0.00968217 0
0.2415 15.1471 0 0.297057 0 0.00970226 0
0.242 15.1785 0 0.297672 0 0.00972234 0
0.2425 15.2099 0 0.298287 0 0.00974243 0
0.243 15.2412 0 0.298902 0 0.00976252 0
0.2435 15.2726 0 0.299517 0 0.00978261 0
0.244 15.3039 0 0.300132 0 0.00980269 0
0.2445 15.3353 0 0.300747 0 0.00982278 0
0.245 15.3667 0 0.301362 0 0.00984287 0
0.2455 15.398 0 0.301977 0 0.00986296 0
0.246 15.4294 0 0.302592 0 0.00988304 0
0.2465 15.4607 0 0.303207 0 0.00990313 0
0.247 15.4921 0 0.303822 0 0.00992322 0
0.2475 15.5235 0 0.304437 0 0.00994331 0
0.248 15.5548 0 0.305052 0 0.00996339 0
0.2485 15.5862 0 0.305667 0 0.00998348 0
0.249 15.6175 0 0.306282 0 0.0100036 0
0.2495 15.6489 0 0.306898 0 0.0100237 0
0.25 15.6803 0 0.307513 0 0.0100437 0
0.2505 15.7116 0 0.308128 0 0.0100638 0
0.251 15.743 0 0.308743 0 0.0100839 0
0.2515 15.7743 0 0.309358 0 0.010104 0
0.252 15.8057 0 0.309973 0 0.0101241 0
0.2525 15.8371 0 0.310588 0 0.0101442 0
0.253 15.8684 0 0.311203 0 0.0101643 0
0.2535 15.8998 0 0.311818 0 0.0101844 0
0.254 15.9311 0 0.312433 0 0.0102044 0
0.2545 15.9625 0 0.313048 0 0.0102245 0
0.255 15.9939 0 0.313663 0 0.0102446 0
0.2555 16.0252 0 0.314278 0 0.0102647 0
0.256 16.0566 0 0.314893 0 0.0102848 0
0.2565 16.0879 0 0.315508 0 0.0103049 0
0.257 16.1193 0 0.316123 0 0.010325 0
0.2575 16.1507 0 0.316738 0 0.0103451 0
0.258 16.182 0 0.317353 0 0.0103651 0
0.2585 16.2134 0 0.317968 0 0.0103852 0
0.259 16.2447 0 0.318583 0 0.0104053 0
0.2595 16.2761 0 0.319198 0 0.0104254 0
0.26 16.3075 0 0.319813 0 0.0104455 0
0.2605 16.3388 0 0.320428 0 0.0104656 0
0.261 16.3702 0 0.321043 0 0.0104857 0
0.2615 16.4016 0 0.321658 0 0.0105058 0
0.262 16.4329 0 0.322273 0 0.0105258 0
0.2625 16.4643 0 0.322888 0 0.0105459 0
0.263 16.4956 0 0.323503 0 0.010566 0
0.2635 16.527 0 0.324118 0 0.0105861 0
0.264 16.5584 0 0.324733 0 0.0106062 0
0.2645 16.5897 0 0.325348 0 0.0106263 0
0.265 16.6211 0 0.325963 0 0.0106464 0
0.2655 16.6524 0 0.326578 0 0.0106665 0
0.266 16.6838 0 0.327193 0 0.0106865 0
0.2665 16.7152 0 0.327808 0 0.0107066 0
0.267 16.7465 0 0.328423 0 0.0107267 0
0.2675 16.7779 0 0.329038 0 0.0107468 0
0.268 16.8092 0 0.329653 0 0.0107669 0
0.2685 16.8406 0 0.330268 0 0.010787 0
0.269 16.872 0 0.330883 0 0.0108071 0
0.2695 16.9033 0 0.331499 0 0.0108272 0
0.27 16.9347 0 0.332114 0 0.0108472 0
0.2705 16.966 0 0.332729 0 0.0108673 0
0.271 16.9974 0 0.333344 0 0.0108874 0
0.2715 17.0288 0 0.333959 0 0.0109075 0
0.272 17.0601 0 0.334574 0 0.0109276 0
0.2725 17.0915 0 0.335189 0 0.0109477 0
0.273 17.1228 0 0.335804 0 0.0109678 0
0.2735 17.1542 0 0.336419 0 0.0109879 0
0.274 17.1856 0 0.337034 0 0.0110079 0
0.2745 17.2169 0 0.337649 0 0.011028 0
0.275 17.2483 0 0.338264 0 0.0110481 0
0.2755 17.2796 0 0.338879 0 0.0110682 0
0.276 17.311 0 0.339494 0 0.0110883 0
0.2765 17.3424 0 0.340109 0 0.0111084 0
0.277 17.3737 0 0.340724 0 0.0111285 0
0.2775 17.4051 0 0.341339 0 0.0111486 0
0.278 17.4364 0 0.341954 0 0.0111686 0
0.2785 17.4678 0 0.342569 0 0.0111887 0
0.279 17.4992 0 0.343184 0 0.0112088 0
0.2795 17.5305 0 0.343799 0 0.0112289 0
0.28 17.5619 0 0.344414 0 0.011249 0
0.2805 17.5932 0 0.345029 0 0.0112691 0
0.281 17.6246 0 0.345644 0 0.0112892 0
0.2815 17.656 0 0.346259 0 0.0113093 0
0.282 17.6873 0 0.346874 0 0.0113293 0
0.2825 17.7187 0 0.347489 0 0.0113494 0
0.283 17.7501 0 0.348104 0 0.0113695 0
0.2835 17.7814 0 0.348719 0 0.0113896 0
0.284 17.8128 0 0.349334 0 0.0114097 0
0.2845 17.8441 0 0.349949 0 0.0114298 0
0.285 17.8755 0 0.350564 0 0.0114499 0
0.2855 17.9069 0 0.351179 0 0.01147 0
0.286 17.9382 0 0.351794 0 0.01149 0
0.2865 17.9696 0 0.352409 0 0.0115101 0
0.287 18.0009 0 0.353024 0 0.0115302 0
0.2875 18.0323 0 0.353639 0 0.0115503 0
0.288 18.0637 0 0.354254 0 0.0115704 0
0.2885 18.095 0 0.354869 0 0.0115905 0
0.289 18.1264 0 0.355484 0 0.0116106 0
0.2895 18.1577 0 0.3561 0 0.0116307 0
0.29 18.1891 0 0.356715 0 0.0116507 0
0.2905 18.2205 0 0.35733 0 0.0116708 0
0.291 18.2518 0 0.357945 0 0.0116909 0
0.2915 18.2832 0 0.35856 0 0.011711 0
0.292 18.3145 0 0.359175 0 0.0117311 0
0.2925 18.3459 0 0.35979 0 0.0117512 0
0.293 18.3773 0 0.360405 0 0.0117713 0
0.2935 18.4086 0 0.36102 0 0.0117914 0
0.294 18.44 0 0.361635 0 0.0118114 0
0.2945 18.4713 0 0.36225 0 0.0118315 0
0.295 18.5027 0 0.362865 0 0.0118516 0
0.2955 18.5341 0 0.36348 0 0.0118717 0
0.296 18.5654 0 0.364095 0 0.0118918 0
0.2965 18.5968 0 0.36471 0 0.0119119 0
0.297 18.6281 0 0.365325 0 0.011932 0
0.2975 18.6595 0 0.36594 0 0.0119521 0
0.298 18.6909 0 0.366555 0 0.0119721 0
0.2985 18.7222 0 0.36717 0 0.0119922 0
0.299 18.7536 0 0.367785 0 0.0120123 0
0.2995 18.7849 0 0.3684 0 0.0120324 0
0.3 18.8163 0 0.369015 0 0.0120525 0
0.3005 18.8477 0 0.36963 0 0.0120726 0
0.301 18.879 0 0.370245 0 0.0120927 0
0.3015 18.9104 0 0.37086 0 0.0121128 0
0.302 18.9418 0 0.371475 0 0.0121328 0
0.3025 18.9731 0 0.37209 0 0.0121529 0
0.303 19.0045 0 0.372705 0 0.012173 0
0.3035 19.0358 0 0.37332 0 0.0121931 0
0.304 19.0672 0 0.373935 0 0.0122132 0
0.3045 19.0986 0 0.37455 0 0.0122333 0
0.305 19.1299 0 0.375165 0 0.0122534 0
0.3055 19.1613 0 0.37578 0 0.0122735 0
0.306 19.1926 0 0.376395 0 0.0122935 0
0.3065 19.224 0 0.37701 0 0.0123136 0
0.307 19.2554 0 0.377625 0 0.0123337 0
0.3075 19.2867 0 0.37824 0 0.0123538 0
0.308 19.3181 0 0.378855 0 0.0123739 0
0.3085 19.3494 0 0.37947 0 0.012394 0
0.309 19.3808 0 0.380085 0 0.0124141 0
0.3095 19.4122 0 0.380701 0 0.0124342 0
0.31 19.4435 0 0.381316 0 0.0124542 0
0.3105 19.4749 0 0.381931 0 0.0124743 0
0.311 19.5062 0 0.382546 0 0.0124944 0
0.3115 19.5376 0 0.383161 0 0.0125145 0
0.312 19.569 0 0.383776 0 0.0125346 0
0.3125 19.6003 0 0.384391 0 0.0125547 0
0.313 19.6317 0 0.385006 0 0.0125748 0
0.3135 19.663 0 0.385621 0 0.0125949 0
0.314 19.6944 0 0.386236 0 0.0126149 0
0.3145 19.7258 0 0.386851 0 0.012635 0
0.315 19.7571 0 0.387466 0 0.0126551 0
0.3155 19.7885 0 0.388081 0 0.0126752 0
0.316 19.8198 0 0.388696 0 0.0126953 0
0.3165 19.8512 0 0.389311 0 0.0127154 0
0.317 19.8826 0 0.389926 0 0.0127355 0
0.3175 19.9139 0 0.390541 0 0.0127556 0
0.318 19.9453 0 0.391156 0 0.0127756 0
0.3185 19.9766 0 0.391771 0 0.0127957 0
0.319 20.008 0 0.392386 0 0.0128158 0
0.3195 20.0394 0 0.393001 0 0.0128359 0
0.32 20.0707 0 0.393616 0 0.012856 0
0.3205 20.1021 0 0.394231 0 0.0128761 0
0.321 20.1335 0 0.394846 0 0.0128962 0
0.3215 20.1648 0 0.395461 0 0.0129163 0
0.322 20.1962 0 0.396076 0 0.0129363 0
0.3225 20.2275 0 0.396691 0 0.0129564 0
0.323 20.2589 0 0.397306 0 0.0129765 0
0.3235 20.2903 0 0.397921 0 0.0129966 0
0.324 20.3216 0 0.398536 0 0.0130167 0
0.3245 20.353 0 0.399151 0 0.0130368 0
0.325 20.3843 0 0.399766 0 0.0130569 0
0.3255 20.4157 0 0.400381 0 0.013077 0
0.326 20.4471 0 0.400996 0 0.013097 0
0.3265 20.4784 0 0.401611 0 0.0131171 0
0.327 20.5098 0 0.402226 0 0.0131372 0
0.3275 20.5411 0 0.402841 0 0.0131573 0
0.328 20.5725 0 0.403456 0 0.0131774 0
0.3285 20.6039 0 0.404071 0 0.0131975 0
0.329 20.6352 0 0.404686 0 0.0132176 0
0.3295 20.6666 0 0.405302 0 0.0132377 0
0.33 20.6979 0 0.405917 0 0.0132577 0
0.3305 20.7293 0 0.406532 0 0.0132778 0
0.331 20.7607 0 0.407147 0 0.0132979 0
0.3315 20.792 0 0.407762 0 0.013318 0
0.332 20.8234 0 0.408377 0 0.0133381 0
0.3325 20.8547 0 0.408992 0 0.0133582 0
0.333 20.8861 0 0.409607 0 0.0133783 0
0.3335 20.9175 0 0.410222 0 0.0133984 0
0.334 20.9488 0 0.410837 0 0.0134184 0
0.3345 20.9802 0 0.411452 0 0.0134385 0
0.335 21.0115 0 0.412067 0 0.0134586 0
0.3355 21.0429 0 0.412682 0 0.0134787 0
0.336 21.0743 0 0.413297 0 0.0134988 0
0.3365 21.1056 0 0.413912 0 0.0135189 0
0.337 21.137 0 0.414527 0 0.013539 0
0.3375 21.1683 0 0.415142 0 0.0135591 0
0.338 21.1997 0 0.415757 0 0.0135791 0
0.3385 21.2311 0 0.416372 0 0.0135992 0
0.339 21.2624 0 0.416987 0 0.0136193 0
0.3395 21.2938 0 0.417602 0 0.0136394 0
0.34 21.3252 0 0.418217 0 0.0136595 0
0.3405 21.3565 0 0.418832 0 0.0136796 0
0.341 21.3879 0 0.419447 0 0.0136997 0
0.3415 21.4192 0 0.420062 0 0.0137198 0
0.342 21.4506 0 0.420677 0 0.0137398 0
0.3425 21.482 0 0.421292 0 0.0137599 0
0.343 21.5133 0 0.421907 0 0.01378 0
0.3435 21.5447 0 0.422522 0 0.0138001 0
0.344 21.576 0 0.423137 0 0.0138202 0
0.3445 21.6074 0 0.423752 0 0.0138403 0
0.345 21.6388 0 0.424367 0 0.0138604 0
0.3455 21.6701 0 0.424982 0 0.0138805 0
0.346 21.7015 0 0.425597 0 0.0139005 0
0.3465 21.7328 0 0.426212 0 0.0139206 0
0.347 21.7642 0 0.426827 0 0.0139407 0
0.3475 21.7956 0 0.427442 0 0.0139608 0
0.348 21.8269 0 0.428057 0 0.0139809 0
0.3485 21.8583 0 0.428672 0 0.014001 0
0.349 21.8896 0 0.429287 0 0.0140211 0
0.3495 21.921 0 0.429903 0 0.0140412 0
0.35 21.9524 0 0.430518 0 0.0140612 0
0.3505 21.9837 0 0.431133 0 0.0140813 0
0.351 22.0151 0 0.431748 0 0.0141014 0
0.3515 22.0464 0 0.432363 0 0.0141215 0
0.352 22.0778 0 0.432978 0 0.0141416 0
0.3525 22.1092 0 0.433593 0 0.0141617 0
0.353 22.1405 0 0.434208 0 0.0141818 0
0.3535 22.1719 0 0.434823 0 0.0142019 0
0.354 22.2032 0 0.435438 0 0.0142219 0
0.3545 22.2346 0 0.436053 0 0.014242 0
0.355 22.266 0 0.436668 0 0.0142621 0
0.3555 22.2973 0 0.437283 0 0.0142822 0
0.356 22.3287 0 0.437898 0 0.0143023 0
0.3565 22.36 0 0.438513 0 0.0143224 0
0.357 22.3914 0 0.439128 0 0.0143425 0
0.3575 22.4228 0 0.439743 0 0.0143626 0
0.358 22.4541 0 0.440358 0 0.0143826 0
0.3585 22.4855 0 0.440973 0 0.0144027 0
0.359 22.5169 0 0.441588 0 0.0144228 0
0.3595 22.5482 0 0.442203 0 0.0144429 0
0.36 22.5796 0 0.442818 0 0.014463 0
0.3605 22.6109 0 0.443433 0 0.0144831 0
0.361 22.6423 0 0.444048 0 0.0145032 0
0.3615 22.6737 0 0.444663 0 0.0145233 0
0.362 22.705 0 0.445278 0 0.0145433 0
0.3625 22.7364 0 0.445893 0 0.0145634 0
0.363 22.7677 0 0.446508 0 0.0145835 0
0.3635 22.7991 0 0.447123 0 0.0146036 0
0.364 22.8305 0 0.447738 0 0.0146237 0
0.3645 22.8618 0 0.448353 0 0.0146438 0
0.365 22.8932 0 0.448968 0 0.0146639 0
0.3655 22.9245 0 0.449583 0 0.014684 0
0.366 22.9559 0 0.450198 0 0.014704 0
0.3665 22.9873 0 0.450813 0 0.0147241 0
0.367 23.0186 0 0.451428 0 0.0147442 0
0.3675 23.05 0 0.452043 0 0.0147643 0
0.368 23.0813 0 0.452658 0 0.0147844 0
0.3685 23.1127 0 0.453273 0 0.0148045 0
0.369 23.1441 0 0.453889 0 0.0148246 0
0.3695 23.1754 0 0.454504 0 0.0148447 0
0.37 23.2068 0 0.455119 0 0.0148647 0
0.3705 23.2381 0 0.455734 0 0.0148848 0
0.371 23.2695 0 0.456349 0 0.0149049 0
0.3715 23.3009 0 0.456964 0 0.014925 0
0.372 23.3322 0 0.457579 0 0.0149451 0
0.3725 23.3636 0 0.458194 0 0.0149652 0
0.373 23.3949 0 0.458809 0 0.0149853 0
0.3735 23.4263 0 0.459424 0 0.0150054 0
0.374 23.4577 0 0.460039 0 0.0150254 0
0.3745 23.489 0 0.460654 0 0.0150455 0
0.375 23.5204 0 0.461269 0 0.0150656 0
0.3755 23.5517 0 0.461884 0 0.0150857 0
0.376 23.5831 0 0.462499 0 0.0151058 0
0.3765 23.6145 0 0.463114 0 0.0151259 0
0.377 23.6458 0 0.463729 0 0.015146 0
0.3775 23.6772 0 0.464344 0 0.0151661 0
0.378 23.7086 0 0.464959 0 0.0151861 0
0.3785 23.7399 0 0.465574 0 0.0152062 0
0.379 23.7713 0 0.466189 0 0.0152263 0
0.3795 23.8026 0 0.466804 0 0.0152464 0
0.38 23.834 0 0.467419 0 0.0152665 0
0.3805 23.8654 0 0.468034 0 0.0152866 0
0.381 23.8967 0 0.468649 0 0.0153067 0
0.3815 23.9281 0 0.469264 0 0.0153268 0
0.382 23.9594 0 0.469879 0 0.0153468 0
0.3825 23.9908 0 0.470494 0 0.0153669 0
0.383 24.0222 0 0.471109 0 0.015387 0
0.3835 24.0535 0 0.471724 0 0.0154071 0
0.384 24.0849 0 0.472339 0 0.0154272 0
0.3845 24.1162 0 0.472954 0 0.0154473 0
0.385 24.1476 0 0.473569 0 0.0154674 0
0.3855 24.179 0 0.474184 0 0.0154875 0
0.386 24.2103 0 0.474799 0 0.0155075 0
0.3865 24.2417 0 0.475414 0 0.0155276 0
0.387 24.273 0 0.476029 0 0.0155477 0
0.3875 24.3044 0 0.476644 0 0.0155678 0
0.388 24.3358 0 0.477259 0 0.0155879 0
0.3885 24.3671 0 0.477874 0 0.015608 0
0.389 24.3985 0 0.47849 0 0.0156281 0
0.3895 24.4298 0 0.479105 0 0.0156482 0
0.39 24.4612 0 0.47972 0 0.0156682 0
0.3905 24.4926 0 0.480335 0 0.0156883 0
0.391 24.5239 0 0.48095 0 0.0157084 0
0.3915 24.5553 0 0.481565 0 0.0157285 0
0.392 24.5866 0 0.48218 0 0.0157486 0
0.3925 24.618 0 0.482795 0 0.0157687 0
0.393 24.6494 0 0.48341 0 0.0157888 0
0.3935 24.6807 0 0.484025 0 0.0158089 0
0.394 24.7121 0 0.48464 0 0.0158289 0
0.3945 24.7434 0 0.485255 0 0.015849 0
0.395 24.7748 0 0.48587 0 0.0158691 0
0.3955 24.8062 0 0.486485 0 0.0158892 0
0.396 24.8375 0 0.4871 0 0.0159093 0
0.3965 24.8689 0 0.487715 0 0.0159294 0
0.397 24.9003 0 0.48833 0 0.0159495 0
0.3975 24.9316 0 0.488945 0 0.0159696 0
0.398 24.963 0 0.48956 0 0.0159896 0
0.3985 24.9943 0 0.490175 0 0.0160097 0
0.399 25.0257 0 0.49079 0 0.0160298 0
0.3995 25.0571 0 0.491405 0 0.0160499 0
0.4 25.0884 0 0.49202 0 0.01607 0
0.4005 25.1198 0 0.492635 0 0.0160901 0
0.401 25.1511 0 0.49325 0 0.0161102 0
0.4015 25.1825 0 0.493865 0 0.0161303 0
0.402 25.2139 0 0.49448 0 0.0161503 0
0.4025 25.2452 0 0.495095 0 0.0161704 0
0.403 25.2766 0 0.49571 0 0.0161905 0
0.4035 25.3079 0 0.496325 0 0.0162106 0
0.404 25.3393 0 0.49694 0 0.0162307 0
0.4045 25.3707 0 0.497555 0 0.0162508 0
0.405 25.402 0 0.49817 0 0.0162709 0
0.4055 25.4334 0 0.498785 0 0.016291 0
0.406 25.4647 0 0.4994 0 0.016311 0
0.4065 25.4961 0 0.500015 0 0.0163311 0
0.407 25.5275 0 0.50063 0 0.0163512 0
0.4075 25.5588 0 0.501245 0 0.0163713 0
0.408 25.5902 0 0.50186 0 0.0163914 0
0.4085 25.6215 0 0.502475 0 0.0164115 0
0.409 25.6529 0 0.503091 0 0.0164316 0
0.4095 25.6843 0 0.503706 0 0.0164517 0
0.41 25.7156 0 0.504321 0 0.0164717 0
0.4105 25.747 0 0.504936 0 0.0164918 0
0.411 25.7783 0 0.505551 0 0.0165119 0
0.4115 25.8097 0 0.506166 0 0.016532 0
0.412 25.8411 0 0.506781 0 0.0165521 0
0.4125 25.8724 0 0.507396 0 0.0165722 0
0.413 25.9038 0 0.508011 0 0.0165923 0
0.4135 25.9351 0 0.508626 0 0.0166124 0
0.414 25.9665 0 0.509241 0 0.0166324 0
0.4145 25.9979 0 0.509856 0 0.0166525 0
0.415 26.0292 0 0.510471 0 0.0166726 0
0.4155 26.0606 0 0.511086 0 0.0166927 0
0.416 26.0919 0 0.511701 0 0.0167128 0
0.4165 26.1233 0 0.512316 0 0.0167329 0
0.417 26.1547 0 0.512931 0 0.016753 0
0.4175 26.186 0 0.513546 0 0.0167731 0
0.418 26.2174 0 0.514161 0 0.0167931 0
0.4185 26.2488 0 0.514776 0 0.0168132 0
0.419 26.2801 0 0.515391 0 0.0168333 0
0.4195 26.3115 0 0.516006 0 0.0168534 0
0.42 26.3428 0 0.516621 0 0.0168735 0
0.4205 26.3742 0 0.517236 0 0.0168936 0
0.421 26.4056 0 0.517851 0 0.0169137 0
0.4215 26.4369 0 0.518466 0 0.0169338 0
0.422 26.4683 0 0.519081 0 0.0169538 0
0.4225 26.4996 0 0.519696 0 0.0169739 0
0.423 26.531 0 0.520311 0 0.016994 0
0.4235 26.5624 0 0.520926 0 0.0170141 0
0.424 26.5937 0 0.521541 0 0.0170342 0
0.4245 26.6251 0 0.522156 0 0.0170543 0
0.425 26.6564 0 0.522771 0 0.0170744 0
0.4255 26.6878 0 0.523386 0 0.0170945 0
0.426 26.7192 0 0.524001 0 0.0171145 0
0.4265 26.7505 0 0.524616 0 0.0171346 0
0.427 26.7819 0 0.525231 0 0.0171547 0
0.4275 26.8132 0 0.525846 0 0.0171748 0
0.428 26.8446 0 0.526461 0 0.0171949 0
0.4285 26.876 0 0.527076 0 0.017215 0
0.429 26.9073 0 0.527692 0 0.0172351 0
0.4295 26.9387 0 0.528307 0 0.0172552 0
0.43 26.97 0 0.528922 0 0.0172752 0
0.4305 27.0014 0 0.529537 0 0.0172953 0
0.431 27.0328 0 0.530152 0 0.0173154 0
0.4315 27.0641 0 0.530767 0 0.0173355 0
0.432 27.0955 0 0.531382 0 0.0173556 0
0.4325 27.1268 0 0.531997 0 0.0173757 0
0.433 27.1582 0 0.532612 0 0.0173958 0
0.4335 27.1896 0 0.533227 0 0.0174159 0
0.434 27.2209 0 0.533842 0 0.0174359 0
0.4345 27.2523 0 0.534457 0 0.017456 0
0.435 27.2836 0 0.535072 0 0.0174761 0
0.4355 27.315 0 0.535687 0 0.0174962 0
0.436 27.3464 0 0.536302 0 0.0175163 0
0.4365 27.3777 0 0.536917 0 0.0175364 0
0.437 27.4091 0 0.537532 0 0.0175565 0
0.4375 27.4405 0 0.538147 0 0.0175766 0
0.438 27.4718 0 0.538762 0 0.0175966 0
0.4385 27.5032 0 0.539377 0 0.0176167 0
0.439 27.5345 0 0.539992 0 0.0176368 0
0.4395 27.5659 0 0.540607 0 0.0176569 0
0.44 27.5973 0 0.541222 0 0.017677 0
0.4405 27.6286 0 0.541837 0 0.0176971 0
0.441 27.66 0 0.542452 0 0.0177172 0
0.4415 27.6913 0 0.543067 0 0.0177373 0
0.442 27.7227 0 0.543682 0 0.0177573 0
0.4425 27.7541 0 0.544297 0 0.0177774 0
0.443 27.7854 0 0.544912 0 0.0177975 0
0.4435 27.8168 0 0.545527 0 0.0178176 0
0.444 27.8481 0 0.546142 0 0.0178377 0
0.4445 27.8795 0 0.546757 0 0.0178578 0
0.445 27.9109 0 0.547372 0 0.0178779 0
0.4455 27.9422 0 0.547987 0 0.017898 0
0.446 27.9736 0 0.548602 0 0.017918 0
0.4465 28.0049 0 0.549217 0 0.0179381 0
0.447 28.0363 0 0.549832 0 0.0179582 0
0.4475 28.0677 0 0.550447 0 0.0179783 0
0.448 28.099 0 0.551062 0 0.0179984 0
0.4485 28.1304 0 0.551677 0 0.0180185 0
0.449 28.1617 0 0.552293 0 0.0180386 0
0.4495 28.1931 0 0.552908 0 0.0180587 0
0.45 28.2245 0 0.553523 0 0.0180787 0
0.4505 28.2558 0 0.554138 0 0.0180988 0
0.451 28.2872 0 0.554753 0 0.0181189 0
0.4515 28.3185 0 0.555368 0 0.018139 0
0.452 28.3499 0 0.555983 0 0.0181591 0
0.4525 28.3813 0 0.556598 0 0.0181792 0
0.453 28.4126 0 0.557213 0 0.0181993 0
0.4535 28.444 0 0.557828 0 0.0182194 0
0.454 28.4753 0 0.558443 0 0.0182394 0
0.4545 28.5067 0 0.559058 0 0.0182595 0
0.455 28.5381 0 0.559673 0 0.0182796 0
0.4555 28.5694 0 0.560288 0 0.0182997 0
0.456 28.6008 0 0.560903 0 0.0183198 0
0.4565 28.6322 0 0.561518 0 0.0183399 0
0.457 28.6635 0 0.562133 0 0.01836 0
0.4575 28.6949 0 0.562748 0 0.0183801 0
0.458 28.7262 0 0.563363 0 0.0184001 0
0.4585 28.7576 0 0.563978 0 0.0184202 0
0.459 28.789 0 0.564593 0 0.0184403 0
0.4595 28.8203 0 0.565208 0 0.0184604 0
0.46 28.8517 0 0.565823 0 0.0184805 0
0.4605 28.883 0 0.566438 0 0.0185006 0
0.461 28.9144 0 0.567053 0 0.0185207 0
0.4615 28.9458 0 0.567668 0 0.0185408 0
0.462 28.9771 0 0.568283 0 0.0185608 0
0.4625 29.0085 0 0.568898 0 0.0185809 0
0.463 29.0398 0 0.569513 0 0.018601 0
0.4635 29.0712 0 0.570128 0 0.0186211 0
0.464 29.1026 0 0.570743 0 0.0186412 0
0.4645 29.1339 0 0.571358 0 0.0186613 0
0.465 29.1653 0 0.571973 0 0.0186814 0
0.4655 29.1966 0 0.572588 0 0.0187015 0
0.466 29.228 0 0.573203 0 0.0187215 0
0.4665 29.2594 0 0.573818 0 0.0187416 0
0.467 29.2907 0 0.574433 0 0.0187617 0
0.4675 29.3221 0 0.575048 0 0.0187818 0
0.468 29.3534 0 0.575663 0 0.0188019 0
0.4685 29.3848 0 0.576278 0 0.018822 0
0.469 29.4162 0 0.576894 0 0.0188421 0
0.4695 29.4475 0 0.577509 0 0.0188622 0
0.47 29.4789 0 0.578124 0 0.0188822 0
0.4705 29.5102 0 0.578739 0 0.0189023 0
0.471 29.5416 0 0.579354 0 0.0189224 0
0.4715 29.573 0 0.579969 0 0.0189425 0
0.472 29.6043 0 0.580584 0 0.0189626 0
0.4725 29.6357 0 0.581199 0 0.0189827 0
0.473 29.667 0 0.581814 0 0.0190028 0
0.4735 29.6984 0 0.582429 0 0.0190229 0
0.474 29.7298 0 0.583044 0 0.0190429 0
0.4745 29.7611 0 0.583659 0 0.019063 0
0.475 29.7925 0 0.584274 0 0.0190831 0
0.4755 29.8239 0 0.584889 0 0.0191032 0
0.476 29.8552 0 0.585504 0 0.0191233 0
0.4765 29.8866 0 0.586119 0 0.0191434 0
0.477 29.9179 0 0.586734 0 0.0191635 0
0.4775 29.9493 0 0.587349 0 0.0191836 0
0.478 29.9807 0 0.587964 0 0.0192036 0
0.4785 30.012 0 0.588579 0 0.0192237 0
0.479 30.0434 0 0.589194 0 0.0192438 0
0.4795 30.0747 0 0.589809 0 0.0192639 0
0.48 30.1061 0 0.590424 0 0.019284 0
0.4805 30.1375 0 0.591039 0 0.0193041 0
0.481 30.1688 0 0.591654 0 0.0193242 0
0.4815 30.2002 0 0.592269 0 0.0193443 0
0.482 30.2315 0 0.592884 0 0.0193643 0
0.4825 30.2629 0 0.593499 0 0.0193844 0
0.483 30.2943 0 0.594114 0 0.0194045 0
0.4835 30.3256 0 0.594729 0 0.0194246 0
0.484 30.357 0 0.595344 0 0.0194447 0
0.4845 30.3883 0 0.595959 0 0.0194648 0
0.485 30.4197 0 0.596574 0 0.0194849 0
0.4855 30.4511 0 0.597189 0 0.019505 0
0.486 30.4824 0 0.597804 0 0.019525 0
0.4865 30.5138 0 0.598419 0 0.0195451 0
0.487 30.5451 0 0.599034 0 0.0195652 0
0.4875 30.5765 0 0.599649 0 0.0195853 0
0.488 30.6079 0 0.600264 0 0.0196054 0
0.4885 30.6392 0 0.600879 0 0.0196255 0
0.489 30.6706 0 0.601495 0 0.0196456 0
0.4895 30.7019 0 0.60211 0 0.0196657 0
0.49 30.7333 0 0.602725 0 0.0196857 0
0.4905 30.7647 0 0.60334 0 0.0197058 0
0.491 30.796 0 0.603955 0 0.0197259 0
0.4915 30.8274 0 0.60457 0 0.019746 0
0.492 30.8587 0 0.605185 0 0.0197661 0
0.4925 30.8901 0 0.6058 0 0.0197862 0
0.493 30.9215 0 0.606415 0 0.0198063 0
0.4935 30.9528 0 0.60703 0 0.0198264 0
0.494 30.9842 0 0.607645 0 0.0198464 0
0.4945 31.0156 0 0.60826 0 0.0198665 0
0.495 31.0469 0 0.608875 0 0.0198866 0
0.4955 31.0783 0 0.60949 0 0.0199067 0
0.496 31.1096 0 0.610105 0 0.0199268 0
0.4965 31.141 0 0.61072 0 0.0199469 0
0.497 31.1724 0 0.611335 0 0.019967 0
0.4975 31.2037 0 0.61195 0 0.0199871 0
0.498 31.2351 0 0.612565 0 0.0200071 0
0.4985 31.2664 0 0.61318 0 0.0200272 0
0.499 31.2978 0 0.613795 0 0.0200473 0
0.4995 31.3292 0 0.61441 0 0.0200674 0
0.5 31.3605 0 0.615025 0 0.0200875 0
0.5005 31.3919 0 0.61564 0 0.0201076 0
0.501 31.4232 0 0.616255 0 0.0201277 0
0.5015 31.4546 0 0.61687 0 0.0201478 0
0.502 31.486 0 0.617485 0 0.0201678 0
0.5025 31.5173 0 0.6181 0 0.0201879 0
0.503 31.5487 0 0.618715 0 0.020208 0
0.5035 31.58 0 0.61933 0 0.0202281 0
0.504 31.6114 0 0.619945 0 0.0202482 0
0.5045 31.6428 0 0.62056 0 0.0202683 0
0.505 31.6741 0 0.621175 0 0.0202884 0
0.5055 31.7055 0 0.62179 0 0.0203085 0
0.506 31.7368 0 0.622405 0 0.0203285 0
0.5065 31.7682 0 0.62302 0 0.0203486 0
0.507 31.7996 0 0.623635 0 0.0203687 0
0.5075 31.8309 0 0.62425 0 0.0203888 0
0.508 31.8623 0 0.624865 0 0.0204089 0
0.5085 31.8936 0 0.62548 0 0.020429 0
0.509 31.925 0 0.626096 0 0.0204491 0
0.5095 31.9564 0 0.626711 0 0.0204691 0
0.51 31.9877 0 0.627326 0 0.0204892 0
0.5105 32.0191 0 0.627941 0 0.0205093 0
0.511 32.0504 0 0.628556 0 0.0205294 0
0.5115 32.0818 0 0.629171 0 0.0205495 0
0.512 32.1132 0 0.629786 0 0.0205696 0
0.5125 32.1445 0 0.630401 0 0.0205897 0
0.513 32.1759 0 0.631016 0 0.0206098 0
0.5135 32.2073 0 0.631631 0 0.0206298 0
0.514 32.2386 0 0.632246 0 0.0206499 0
0.5145 32.27 0 0.632861 0 0.02067 0
0.515 32.3013 0 0.633476 0 0.0206901 0
0.5155 32.3327 0 0.634091 0 0.0207102 0
0.516 32.3641 0 0.634706 0 0.0207303 0
0.5165 32.3954 0 0.635321 0 0.0207504 0
0.517 32.4268 0 0.635936 0 0.0207705 0
0.5175 32.4581 0 0.636551 0 0.0207905 0
0.518 32.4895 0 0.637166 0 0.0208106 0
0.5185 32.5209 0 0.637781 0 0.0208307 0
0.519 32.5522 0 0.638396 0 0.0208508 0
0.5195 32.5836 0 0.639011 0 0.0208709 0
0.52 32.6149 0 0.639626 0 0.020891 0
0.5205 32.6463 0 0.640241 0 0.0209111 0
0.521 32.6777 0 0.640856 0 0.0209312 0
0.5215 32.709 0 0.641471 0 0.0209512 0
0.522 32.7404 0 0.642086 0 0.0209713 0
0.5225 32.7717 0 0.642701 0 0.0209914 0
0.523 32.8031 0 0.643316 0 0.0210115 0
0.5235 32.8345 0 0.643931 0 0.0210316 0
0.524 32.8658 0 0.644546 0 0.0210517 0
0.5245 32.8972 0 0.645161 0 0.0210718 0
0.525 32.9285 0 0.645776 0 0.0210919 0
0.5255 32.9599 0 0.646391 0 0.0211119 0
0.526 32.9913 0 0.647006 0 0.021132 0
0.5265 33.0226 0 0.647621 0 0.0211521 0
0.527 33.054 0 0.648236 0 0.0211722 0
0.5275 33.0853 0 0.648851 0 0.0211923 0
0.528 33.1167 0 0.649466 0 0.0212124 0
0.5285 33.1481 0 0.650081 0 0.0212325 0
0.529 33.1794 0 0.650697 0 0.0212526 0
0.5295 33.2108 0 0.651312 0 0.0212726 0
0.53 33.2421 0 0.651927 0 0.0212927 0
0.5305 33.2735 0 0.652542 0 0.0213128 0
0.531 33.3049 0 0.653157 0 0.0213329 0
0.5315 33.3362 0 0.653772 0 0.021353 0
0.532 33.3676 0 0.654387 0 0.0213731 0
0.5325 33.399 0 0.655002 0 0.0213932 0
0.533 33.4303 0 0.655617 0 0.0214133 0
0.5335 33.4617 0 0.656232 0 0.0214333 0
0.534 33.493 0 0.656847 0 0.0214534 0
0.5345 33.5244 0 0.657462 0 0.0214735 0
0.535 33.5558 0 0.658077 0 0.0214936 0
0.5355 33.5871 0 0.658692 0 0.0215137 0
0.536 33.6185 0 0.659307 0 0.0215338 0
0.5365 33.6498 0 0.659922 0 0.0215539 0
0.537 33.6812 0 0.660537 0 0.021574 0
0.5375 33.7126 0 0.661152 0 0.021594 0
0.538 33.7439 0 0.661767 0 0.0216141 0
0.5385 33.7753 0 0.662382 0 0.0216342 0
0.539 33.8066 0 0.662997 0 0.0216543 0
0.5395 33.838 0 0.663612 0 0.0216744 0
0.54 33.8694 0 0.664227 0 0.0216945 0
0.5405 33.9007 0 0.664842 0 0.0217146 0
0.541 33.9321 0 0.665457 0 0.0217347 0
0.5415 33.9634 0 0.666072 0 0.0217547 0
0.542 33.9948 0 0.666687 0 0.0217748 0
0.5425 34.0262 0 0.667302 0 0.0217949 0
0.543 34.0575 0 0.667917 0 0.021815 0
0.5435 34.0889 0 0.668532 0 0.0218351 0
0.544 34.1202 0 0.669147 0 0.0218552 0
0.5445 34.1516 0 0.669762 0 0.0218753 0
0.545 34.183 0 0.670377 0 0.0218954 0
0.5455 34.2143 0 0.670992 0 0.0219154 0
0.546 34.2457 0 0.671607 0 0.0219355 0
0.5465 34.277 0 0.672222 0 0.0219556 0
0.547 34.3084 0 0.672837 0 0.0219757 0
0.5475 34.3398 0 0.673452 0 0.0219958 0
0.548 34.3711 0 0.674067 0 0.0220159 0
0.5485 34.4025 0 0.674683 0 0.022036 0
0.549 34.4338 0 0.675298 0 0.0220561 0
0.5495 34.4652 0 0.675913 0 0.0220761 0
0.55 34.4966 0 0.676528 0 0.0220962 0
0.5505 34.5279 0 0.677143 0 0.0221163 0
0.551 34.5593 0 0.677758 0 0.0221364 0
0.5515 34.5906 0 0.678373 0 0.0221565 0
0.552 34.622 0 0.678988 0 0.0221766 0
0.5525 34.6534 0 0.679603 0 0.0221967 0
0.553 34.6847 0 0.680218 0 0.0222168 0
0.5535 34.7161 0 0.680833 0 0.0222368 0
0.554 34.7475 0 0.681448 0 0.0222569 0
0.5545 34.7788 0 0.682063 0 0.022277 0
0.555 34.8102 0 0.682678 0 0.0222971 0
0.5555 34.8415 0 0.683293 0 0.0223172 0
0.556 34.8729 0 0.683908 0 0.0223373 0
0.5565 34.9043 0 0.684523 0 0.0223574 0
0.557 34.9356 0 0.685138 0 0.0223775 0
0.5575 34.967 0 0.685753 0 0.0223975 0
0.558 34.9983 0 0.686368 0 0.0224176 0
0.5585 35.0297 0 0.686983 0 0.0224377 0
0.559 35.0611 0 0.687598 0 0.0224578 0
0.5595 35.0924 0 0.688213 0 0.0224779 0
0.56 35.1238 0 0.688828 0 0.022498 0
0.5605 35.1551 0 0.689443 0 0.0225181 0
0.561 35.1865 0 0.690058 0 0.0225382 0
0.5615 35.2179 0 0.690673 0 0.0225582 0
0.562 35.2492 0 0.691288 0 0.0225783 0
0.5625 35.2806 0 0.691903 0 0.0225984 0
0.563 35.3119 0 0.692518 0 0.0226185 0
0.5635 35.3433 0 0.693133 0 0.0226386 0
0.564 35.3747 0 0.693748 0 0.0226587 0
0.5645 35.406 0 0.694363 0 0.0226788 0
0.565 35.4374 0 0.694978 0 0.0226989 0
0.5655 35.4687 0 0.695593 0 0.0227189 0
0.566 35.5001 0 0.696208 0 0.022739 0
0.5665 35.5315 0 0.696823 0 0.0227591 0
0.567 35.5628 0 0.697438 0 0.0227792 0
0.5675 35.5942 0 0.698053 0 0.0227993 0
0.568 35.6255 0 0.698668 0 0.0228194 0
0.5685 35.6569 0 0.699284 0 0.0228395 0
0.569 35.6883 0 0.699899 0 0.0228596 0
0.5695 35.7196 0 0.700514 0 0.0228796 0
0.57 35.751 0 0.701129 0 0.0228997 0
0.5705 35.7823 0 0.701744 0 0.0229198 0
0.571 35.8137 0 0.702359 0 0.0229399 0
0.5715 35.8451 0 0.702974 0 0.02296 0
0.572 35.8764 0 0.703589 0 0.0229801 0
0.5725 35.9078 0 0.704204 0 0.0230002 0
0.573 35.9392 0 0.704819 0 0.0230203 0
0.5735 35.9705 0 0.705434 0 0.0230403 0
0.574 36.0019 0 0.706049 0 0.0230604 0
0.5745 36.0332 0 0.706664 0 0.0230805 0
0.575 36.0646 0 0.707279 0 0.0231006 0
0.5755 36.096 0 0.707894 0 0.0231207 0
0.576 36.1273 0 0.708509 0 0.0231408 0
0.5765 36.1587 0 0.709124 0 0.0231609 0
0.577 36.19 0 0.709739 0 0.023181 0
0.5775 36.2214 0 0.710354 0 0.023201 0
0.578 36.2528 0 0.710969 0 0.0232211 0
0.5785 36.2841 0 0.711584 0 0.0232412 0
0.579 36.3155 0 0.712199 0 0.0232613 0
0.5795 36.3468 0 0.712814 0 0.0232814 0
0.58 36.3782 0 0.713429 0 0.0233015 0
0.5805 36.4096 0 0.714044 0 0.0233216 0
0.581 36.4409 0 0.714659 0 0.0233417 0
0.5815 36.4723 0 0.715274 0 0.0233617 0
0.582 36.5036 0 0.715889 0 0.0233818 0
0.5825 36.535 0 0.716504 0 0.0234019 0
0.583 36.5664 0 0.717119 0 0.023422 0
0.5835 36.5977 0 0.717734 0 0.0234421 0
0.584 36.6291 0 0.718349 0 0.0234622 0
0.5845 36.6604 0 0.718964 0 0.0234823 0
0.585 36.6918 0 0.719579 0 0.0235024 0
0.5855 36.7232 0 0.720194 0 0.0235224 0
0.586 36.7545 0 0.720809 0 0.0235425 0
0.5865 36.7859 0 0.721424 0 0.0235626 0
0.587 36.8172 0 0.722039 0 0.0235827 0
0.5875 36.8486 0 0.722654 0 0.0236028 0
0.588 36.88 0 0.723269 0 0.0236229 0
0.5885 36.9113 0 0.723885 0 0.023643 0
0.589 36.9427 0 0.7245 0 0.0236631 0
0.5895 36.974 0 0.725115 0 0.0236831 0
0.59 37.0054 0 0.72573 0 0.0237032 0
0.5905 37.0368 0 0.726345 0 0.0237233 0
0.591 37.0681 0 0.72696 0 0.0237434 0
0.5915 37.0995 0 0.727575 0 0.0237635 0
0.592 37.1309 0 0.72819 0 0.0237836 0
0.5925 37.1622 0 0.728805 0 0.0238037 0
0.593 37.1936 0 0.72942 0 0.0238238 0
0.5935 37.2249 0 0.730035 0 0.0238438 0
0.594 37.2563 0 0.73065 0 0.0238639 0
0.5945 37.2877 0 0.731265 0 0.023884 0
0.595 37.319 0 0.73188 0 0.0239041 0
0.5955 37.3504 0 0.732495 0 0.0239242 0
0.596 37.3817 0 0.73311 0 0.0239443 0
0.5965 37.4131 0 0.733725 0 0.0239644 0
0.597 37.4445 0 0.73434 0 0.0239845 0
0.5975 37.4758 0 0.734955 0 0.0240045 0
0.598 37.5072 0 0.73557 0 0.0240246 0
0.5985 37.5385 0 0.736185 0 0.0240447 0
0.599 37.5699 0 0.7368 0 0.0240648 0
0.5995 37.6013 0 0.737415 0 0.0240849 0
0.6 37.6326 0 0.73803 0 0.024105 0
0.6005 37.664 0 0.738645 0 0.0241251 0
0.601 37.6953 0 0.73926 0 0.0241452 0
0.6015 37.7267 0 0.739875 0 0.0241652 0
0.602 37.7581 0 0.74049 0 0.0241853 0
0.6025 37.7894 0 0.741105 0 0.0242054 0
0.603 37.8208 0 0.74172 0 0.0242255 0
0.6035 37.8521 0 0.742335 0 0.0242456 0
0.604 37.8835 0 0.74295 0 0.0242657 0
0.6045 37.9149 0 0.743565 0 0.0242858 0
0.605 37.9462 0 0.74418 0 0.0243059 0
0.6055 37.9776 0 0.744795 0 0.0243259 0
0.606 38.0089 0 0.74541 0 0.024346 0
0.6065 38.0403 0 0.746025 0 0.0243661 0
0.607 38.0717 0 0.74664 0 0.0243862 0
0.6075 38.103 0 0.747255 0 0.0244063 0
0.608 38.1344 0 0.74787 0 0.0244264 0
0.6085 38.1657 0 0.748486 0 0.0244465 0
0.609 38.1971 0 0.749101 0 0.0244666 0
0.6095 38.2285 0 0.749716 0 0.0244866 0
0.61 38.2598 0 0.750331 0 0.0245067 0
0.6105 38.2912 0 0.750946 0 0.0245268 0
0.611 38.3226 0 0.751561 0 0.0245469 0
0.6115 38.3539 0 0.752176 0 0.024567 0
0.612 38.3853 0 0.752791 0 0.0245871 0
0.6125 38.4166 0 0.753406 0 0.0246072 0
0.613 38.448 0 0.754021 0 0.0246273 0
0.6135 38.4794 0 0.754636 0 0.0246473 0
0.614 38.5107 0 0.755251 0 0.0246674 0
0.6145 38.5421 0 0.755866 0 0.0246875 0
0.615 38.5734 0 0.756481 0 0.0247076 0
0.6155 38.6048 0 0.757096 0 0.0247277 0
0.616 38.6362 0 0.757711 0 0.0247478 0
0.6165 38.6675 0 0.758326 0 0.0247679 0
0.617 38.6989 0 0.758941 0 0.024788 0
0.6175 38.7302 0 0.759556 0 0.024808 0
0.618 38.7616 0 0.760171 0 0.0248281 0
0.6185 38.793 0 0.760786 0 0.0248482 0
0.619 38.8243 0 0.761401 0 0.0248683 0
0.6195 38.8557 0 0.762016 0 0.0248884 0
0.62 38.887 0 0.762631 0 0.0249085 0
0.6205 38.9184 0 0.763246 0 0.0249286 0
0.621 38.9498 0 0.763861 0 0.0249487 0
0.6215 38.9811 0 0.764476 0 0.0249687 0
0.622 39.0125 0 0.765091 0 0.0249888 0
0.6225 39.0438 0 0.765706 0 0.0250089 0
0.623 39.0752 0 0.766321 0 0.025029 0
0.6235 39.1066 0 0.766936 0 0.0250491 0
0.624 39.1379 0 0.767551 0 0.0250692 0
0.6245 39.1693 0 0.768166 0 0.0250893 0
0.625 39.2006 0 0.768781 0 0.0251094 0
0.6255 39.232 0 0.769396 0 0.0251294 0
0.626 39.2634 0 0.770011 0 0.0251495 0
0.6265 39.2947 0 0.770626 0 0.0251696 0
0.627 39.3261 0 0.771241 0 0.0251897 0
0.6275 39.3574 0 0.771856 0 0.0252098 0
0.628 39.3888 0 0.772471 0 0.0252299 0
0.6285 39.4202 0 0.773087 0 0.02525 0
0.629 39.4515 0 0.773702 0 0.0252701 0
0.6295 39.4829 0 0.774317 0 0.0252901 0
0.63 39.5143 0 0.774932 0 0.0253102 0
0.6305 39.5456 0 0.775547 0 0.0253303 0
0.631 39.577 0 0.776162 0 0.0253504 0
0.6315 39.6083 0 0.776777 0 0.0253705 0
0.632 39.6397 0 0.777392 0 0.0253906 0
0.6325 39.6711 0 0.778007 0 0.0254107 0
0.633 39.7024 0 0.778622 0 0.0254308 0
0.6335 39.7338 0 0.779237 0 0.0254508 0
0.634 39.7651 0 0.779852 0 0.0254709 0
0.6345 39.7965 0 0.780467 0 0.025491 0
0.635 39.8279 0 0.781082 0 0.0255111 0
0.6355 39.8592 0 0.781697 0 0.0255312 0
0.636 39.8906 0 0.782312 0 0.0255513 0
0.6365 39.9219 0 0.782927 0 0.0255714 0
0.637 39.9533 0 0.783542 0 0.0255915 0
0.6375 39.9847 0 0.784157 0 0.0256115 0
0.638 40.016 0 0.784772 0 0.0256316 0
0.6385 40.0474 0 0.785387 0 0.0256517 0
0.639 40.0787 0 0.786002 0 0.0256718 0
0.6395 40.1101 0 0.786617 0 0.0256919 0
0.64 40.1415 0 0.787232 0 0.025712 0
0.6405 40.1728 0 0.787847 0 0.0257321 0
0.641 40.2042 0 0.788462 0 0.0257522 0
0.6415 40.2355 0 0.789077 0 0.0257722 0
0.642 40.2669 0 0.789692 0 0.0257923 0
0.6425 40.2983 0 0.790307 0 0.0258124 0
0.643 40.3296 0 0.790922 0 0.0258325 0
0.6435 40.361 0 0.791537 0 0.0258526 0
0.644 40.3923 0 0.792152 0 0.0258727 0
0.6445 40.4237 0 0.792767 0 0.0258928 0
0.645 40.4551 0 0.793382 0 0.0259129 0
0.6455 40.4864 0 0.793997 0 0.0259329 0
0.646 40.5178 0 0.794612 0 0.025953 0
0.6465 40.5491 0 0.795227 0 0.0259731 0
0.647 40.5805 0 0.795842 0 0.0259932 0
0.6475 40.6119 0 0.796457 0 0.0260133 0
0.648 40.6432 0 0.797072 0 0.0260334 0
0.6485 40.6746 0 0.797688 0 0.0260535 0
0.649 40.706 0 0.798303 0 0.0260736 0
0.6495 40.7373 0 0.798918 0 0.0260936 0
0.65 40.7687 0 0.799533 0 0.0261137 0
0.6505 40.8 0 0.800148 0 0.0261338 0
0.651 40.8314 0 0.800763 0 0.0261539 0
0.6515 40.8628 0 0.801378 0 0.026174 0
0.652 40.8941 0 0.801993 0 0.0261941 0
0.6525 40.9255 0 0.802608 0 0.0262142 0
0.653 40.9568 0 0.803223 0 0.0262343 0
0.6535 40.9882 0 0.803838 0 0.0262543 0
0.654 41.0196 0 0.804453 0 0.0262744 0
0.6545 41.0509 0 0.805068 0 0.0262945 0
0.655 41.0823 0 0.805683 0 0.0263146 0
0.6555 41.1136 0 0.806298 0 0.0263347 0
0.656 41.145 0 0.806913 0 0.0263548 0
0.6565 41.1764 0 0.807528 0 0.0263749 0
0.657 41.2077 0 0.808143 0 0.026395 0
0.6575 41.2391 0 0.808758 0 0.026415 0
0.658 41.2704 0 0.809373 0 0.0264351 0
0.6585 41.3018 0 0.809988 0 0.0264552 0
0.659 41.3332 0 0.810603 0 0.0264753 0
0.6595 41.3645 0 0.811218 0 0.0264954 0
0.66 41.3959 0 0.811833 0 0.0265155 0
0.6605 41.4272 0 0.812448 0 0.0265356 0
0.661 41.4586 0 0.813063 0 0.0265557 0
0.6615 41.49 0 0.813678 0 0.0265757 0
0.662 41.5213 0 0.814293 0 0.0265958 0
0.6625 41.5527 0 0.814908 0 0.0266159 0
0.663 41.584 0 0.815523 0 0.026636 0
0.6635 41.6154 0 0.816138 0 0.0266561 0
0.664 41.6468 0 0.816753 0 0.0266762 0
0.6645 41.6781 0 0.817368 0 0.0266963 0
0.665 41.7095 0 0.817983 0 0.0267164 0
0.6655 41.7408 0 0.818598 0 0.0267364 0
0.666 41.7722 0 0.819213 0 0.0267565 0
0.6665 41.8036 0 0.819828 0 0.0267766 0
0.667 41.8349 0 0.820443 0 0.0267967 0
0.6675 41.8663 0 0.821058 0 0.0268168 0
0.668 41.8977 0 0.821673 0 0.0268369 0
0.6685 41.929 0 0.822289 0 0.026857 0
0.669 41.9604 0 0.822904 0 0.0268771 0
0.6695 41.9917 0 0.823519 0 0.0268971 0
0.67 42.0231 0 0.824134 0 0.0269172 0
0.6705 42.0545 0 0.824749 0 0.0269373 0
0.671 42.0858 0 0.825364 0 0.0269574 0
0.6715 42.1172 0 0.825979 0 0.0269775 0
0.672 42.1485 0 0.826594 0 0.0269976 0
0.6725 42.1799 0 0.827209 0 0.0270177 0
0.673 42.2113 0 0.827824 0 0.0270378 0
0.6735 42.2426 0 0.828439 0 0.0270578 0
0.674 42.274 0 0.829054 0 0.0270779 0
0.6745 42.3053 0 0.829669 0 0.027098 0
0.675 42.3367 0 0.830284 0 0.0271181 0
0.6755 42.3681 0 0.830899 0 0.0271382 0
0.676 42.3994 0 0.831514 0 0.0271583 0
0.6765 42.4308 0 0.832129 0 0.0271784 0
0.677 42.4621 0 0.832744 0 0.0271985 0
0.6775 42.4935 0 0.833359 0 0.0272185 0
0.678 42.5249 0 0.833974 0 0.0272386 0
0.6785 42.5562 0 0.834589 0 0.0272587 0
0.679 42.5876 0 0.835204 0 0.0272788 0
0.6795 42.6189 0 0.835819 0 0.0272989 0
0.68 42.6503 0 0.836434 0 0.027319 0
0.6805 42.6817 0 0.837049 0 0.0273391 0
0.681 42.713 0 0.837664 0 0.0273592 0
0.6815 42.7444 0 0.838279 0 0.0273792 0
0.682 42.7757 0 0.838894 0 0.0273993 0
0.6825 42.8071 0 0.839509 0 0.0274194 0
0.683 42.8385 0 0.840124 0 0.0274395 0
0.6835 42.8698 0 0.840739 0 0.0274596 0
0.684 42.9012 0 0.841354 0 0.0274797 0
0.6845 42.9325 0 0.841969 0 0.0274998 0
0.685 42.9639 0 0.842584 0 0.0275199 0
0.6855 42.9953 0 0.843199 0 0.0275399 0
0.686 43.0266 0 0.843814 0 0.02756 0
0.6865 43.058 0 0.844429 0 0.0275801 0
0.687 43.0893 0 0.845044 0 0.0276002 0
0.6875 43.1207 0 0.845659 0 0.0276203 0
0.688 43.1521 0 0.846274 0 0.0276404 0
0.6885 43.1834 0 0.84689 0 0.0276605 0
0.689 43.2148 0 0.847505 0 0.0276806 0
0.6895 43.2462 0 0.84812 0 0.0277006 0
0.69 43.2775 0 0.848735 0 0.0277207 0
0.6905 43.3089 0 0.84935 0 0.0277408 0
0.691 43.3402 0 0.849965 0 0.0277609 0
0.6915 43.3716 0 0.85058 0 0.027781 0
0.692 43.403 0 0.851195 0 0.0278011 0
0.6925 43.4343 0 0.85181 0 0.0278212 0
0.693 43.4657 0 0.852425 0 0.0278413 0
0.6935 43.497 0 0.85304 0 0.0278613 0
0.694 43.5284 0 0.853655 0 0.0278814 0
0.6945 43.5598 0 0.85427 0 0.0279015 0
0.695 43.5911 0 0.854885 0 0.0279216 0
0.6955 43.6225 0 0.8555 0 0.0279417 0
0.696 43.6538 0 0.856115 0 0.0279618 0
0.6965 43.6852 0 0.85673 0 0.0279819 0
0.697 43.7166 0 0.857345 0 0.028002 0
0.6975 43.7479 0 0.85796 0 0.028022 0
0.698 43.7793 0 0.858575 0 0.0280421 0
0.6985 43.8106 0 0.85919 0 0.0280622 0
0.699 43.842 0 0.859805 0 0.0280823 0
0.6995 43.8734 0 0.86042 0 0.0281024 0
0.7 43.9047 0 0.861035 0 0.0281225 0
0.7005 43.9361 0 0.86165 0 0.0281426 0
0.701 43.9674 0 0.862265 0 0.0281627 0
0.7015 43.9988 0 0.86288 0 0.0281827 0
0.702 44.0302 0 0.863495 0 0.0282028 0
0.7025 44.0615 0 0.86411 0 0.0282229 0
0.703 44.0929 0 0.864725 0 0.028243 0
0.7035 44.1242 0 0.86534 0 0.0282631 0
0.704 44.1556 0 0.865955 0 0.0282832 0
0.7045 44.187 0 0.86657 0 0.0283033 0
0.705 44.2183 0 0.867185 0 0.0283234 0
0.7055 44.2497 0 0.8678 0 0.0283434 0
0.706 44.281 0 0.868415 0 0.0283635 0
0.7065 44.3124 0 0.86903 0 0.0283836 0
0.707 44.3438 0 0.869645 0 0.0284037 0
0.7075 44.3751 0 0.87026 0 0.0284238 0
0.708 44.4065 0 0.870875 0 0.0284439 0
0.7085 44.4379 0 0.871491 0 0.028464 0
0.709 44.4692 0 0.872106 0 0.0284841 0
0.7095 44.5006 0 0.872721 0 0.0285041 0
0.71 44.5319 0 0.873336 0 0.0285242 0
0.7105 44.5633 0 0.873951 0 0.0285443 0
0.711 44.5947 0 0.874566 0 0.0285644 0
0.7115 44.626 0 0.875181 0 0.0285845 0
0.712 44.6574 0 0.875796 0 0.0286046 0
0.7125 44.6887 0 0.876411 0 0.0286247 0
0.713 44.7201 0 0.877026 0 0.0286448 0
0.7135 44.7515 0 0.877641 0 0.0286648 0
0.714 44.7828 0 0.878256 0 0.0286849 0
0.7145 44.8142 0 0.878871 0 0.028705 0
0.715 44.8455 0 0.879486 0 0.0287251 0
0.7155 44.8769 0 0.880101 0 0.0287452 0
0.716 44.9083 0 0.880716 0 0.0287653 0
0.7165 44.9396 0 0.881331 0 0.0287854 0
0.717 44.971 0 0.881946 0 0.0288055 0
0.7175 45.0023 0 0.882561 0 0.0288255 0
0.718 45.0337 0 0.883176 0 0.0288456 0
0.7185 45.0651 0 0.883791 0 0.0288657 0
0.719 45.0964 0 0.884406 0 0.0288858 0
0.7195 45.1278 0 0.885021 0 0.0289059 0
0.72 45.1591 0 0.885636 0 0.028926 0
0.7205 45.1905 0 0.886251 0 0.0289461 0
0.721 45.2219 0 0.886866 0 0.0289662 0
0.7215 45.2532 0 0.887481 0 0.0289862 0
0.722 45.2846 0 0.888096 0 0.0290063 0
0.7225 45.3159 0 0.888711 0 0.0290264 0
0.723 45.3473 0 0.889326 0 0.0290465 0
0.7235 45.3787 0 0.889941 0 0.0290666 0
0.724 45.41 0 0.890556 0 0.0290867 0
0.7245 45.4414 0 0.891171 0 0.0291068 0
0.725 45.4727 0 0.891786 0 0.0291269 0
0.7255 45.5041 0 0.892401 0 0.0291469 0
0.726 45.5355 0 0.893016 0 0.029167 0
0.7265 45.5668 0 0.893631 0 0.0291871 0
0.727 45.5982 0 0.894246 0 0.0292072 0
0.7275 45.6296 0 0.894861 0 0.0292273 0
0.728 45.6609 0 0.895477 0 0.0292474 0
0.7285 45.6923 0 0.896092 0 0.0292675 0
0.729 45.7236 0 0.896707 0 0.0292876 0
0.7295 45.755 0 0.897322 0 0.0293076 0
0.73 45.7864 0 0.897937 0 0.0293277 0
0.7305 45.8177 0 0.898552 0 0.0293478 0
0.731 45.8491 0 0.899167 0 0.0293679 0
0.7315 45.8804 0 0.899782 0 0.029388 0
0.732 45.9118 0 0.900397 0 0.0294081 0
0.7325 45.9432 0 0.901012 0 0.0294282 0
0.733 45.9745 0 0.901627 0 0.0294483 0
0.7335 46.0059 0 0.902242 0 0.0294683 0
0.734 46.0372 0 0.902857 0 0.0294884 0
0.7345 46.0686 0 0.903472 0 0.0295085 0
0.735 46.1 0 0.904087 0 0.0295286 0
0.7355 46.1313 0 0.904702 0 0.0295487 0
0.736 46.1627 0 0.905317 0 0.0295688 0
0.7365 46.194 0 0.905932 0 0.0295889 0
0.737 46.2254 0 0.906547 0 0.029609 0
0.7375 46.2568 0 0.907162 0 0.029629 0
0.738 46.2881 0 0.907777 0 0.0296491 0
0.7385 46.3195 0 0.908392 0 0.0296692 0
0.739 46.3508 0 0.909007 0 0.0296893 0
0.7395 46.3822 0 0.909622 0 0.0297094 0
0.74 46.4136 0 0.910237 0 0.0297295 0
0.7405 46.4449 0 0.910852 0 0.0297496 0
0.741 46.4763 0 0.911467 0 0.0297697 0
0.7415 46.5076 0 0.912082 0 0.0297897 0
0.742 46.539 0 0.912697 0 0.0298098 0
0.7425 46.5704 0 0.913312 0 0.0298299 0
0.743 46.6017 0 0.913927 0 0.02985 0
0.7435 46.6331 0 0.914542 0 0.0298701 0
0.744 46.6644 0 0.915157 0 0.0298902 0
0.7445 46.6958 0 0.915772 0 0.0299103 0
0.745 46.7272 0 0.916387 0 0.0299304 0
0.7455 46.7585 0 0.917002 0 0.0299504 0
0.746 46.7899 0 0.917617 0 0.0299705 0
0.7465 46.8213 0 0.918232 0 0.0299906 0
0.747 46.8526 0 0.918847 0 0.0300107 0
0.7475 46.884 0 0.919462 0 0.0300308 0
0.748 46.9153 0 0.920078 0 0.0300509 0
0.7485 46.9467 0 0.920693 0 0.030071 0
0.749 46.9781 0 0.921308 0 0.0300911 0
0.7495 47.0094 0 0.921923 0 0.0301111 0
0.75 47.0408 0 0.922538 0 0.0301312 0
0.7505 47.0721 0 0.923153 0 0.0301513 0
0.751 47.1035 0 0.923768 0 0.0301714 0
0.7515 47.1349 0 0.924383 0 0.0301915 0
0.752 47.1662 0 0.924998 0 0.0302116 0
0.7525 47.1976 0 0.925613 0 0.0302317 0
0.753 47.2289 0 0.926228 0 0.0302518 0
0.7535 47.2603 0 0.926843 0 0.0302718 0
0.754 47.2917 0 0.927458 0 0.0302919 0
0.7545 47.323 0 0.928073 0 0.030312 0
0.755 47.3544 0 0.928688 0 0.0303321 0
0.7555 47.3857 0 0.929303 0 0.0303522 0
0.756 47.4171 0 0.929918 0 0.0303723 0
0.7565 47.4485 0 0.930533 0 0.0303924 0
0.757 47.4798 0 0.931148 0 0.0304125 0
0.7575 47.5112 0 0.931763 0 0.0304325 0
0.758 47.5425 0 0.932378 0 0.0304526 0
0.7585 47.5739 0 0.932993 0 0.0304727 0
0.759 47.6053 0 0.933608 0 0.0304928 0
0.7595 47.6366 0 0.934223 0 0.0305129 0
0.76 47.668 0 0.934838 0 0.030533 0
0.7605 47.6993 0 0.935453 0 0.0305531 0
0.761 47.7307 0 0.936068 0 0.0305732 0
0.7615 47.7621 0 0.936683 0 0.0305932 0
0.762 47.7934 0 0.937298 0 0.0306133 0
0.7625 47.8248 0 0.937913 0 0.0306334 0
0.763 47.8561 0 0.938528 0 0.0306535 0
0.7635 47.8875 0 0.939143 0 0.0306736 0
0.764 47.9189 0 0.939758 0 0.0306937 0
0.7645 47.9502 0 0.940373 0 0.0307138 0
0.765 47.9816 0 0.940988 0 0.0307339 0
0.7655 48.013 0 0.941603 0 0.0307539 0
0.766 48.0443 0 0.942218 0 0.030774 0
0.7665 48.0757 0 0.942833 0 0.0307941 0
0.767 48.107 0 0.943448 0 0.0308142 0
0.7675 48.1384 0 0.944063 0 0.0308343 0
0.768 48.1698 0 0.944679 0 0.0308544 0
0.7685 48.2011 0 0.945294 0 0.0308745 0
0.769 48.2325 0 0.945909 0 0.0308946 0
0.7695 48.2638 0 0.946524 0 0.0309146 0
0.77 48.2952 0 0.947139 0 0.0309347 0
0.7705 48.3266 0 0.947754 0 0.0309548 0
0.771 48.3579 0 0.948369 0 0.0309749 0
0.7715 48.3893 0 0.948984 0 0.030995 0
0.772 48.4206 0 0.949599 0 0.0310151 0
0.7725 48.452 0 0.950214 0 0.0310352 0
0.773 48.4834 0 0.950829 0 0.0310553 0
0.7735 48.5147 0 0.951444 0 0.0310753 0
0.774 48.5461 0 0.952059 0 0.0310954 0
0.7745 48.5774 0 0.952674 0 0.0311155 0
0.775 48.6088 0 0.953289 0 0.0311356 0
0.7755 48.6402 0 0.953904 0 0.0311557 0
0.776 48.6715 0 0.954519 0 0.0311758 0
0.7765 48.7029 0 0.955134 0 0.0311959 0
0.777 48.7342 0 0.955749 0 0.031216 0
0.7775 48.7656 0 0.956364 0 0.031236 0
0.778 48.797 0 0.956979 0 0.0312561 0
0.7785 48.8283 0 0.957594 0 0.0312762 0
0.779 48.8597 0 0.958209 0 0.0312963 0
0.7795 48.891 0 0.958824 0 0.0313164 0
0.78 48.9224 0 0.959439 0 0.0313365 0
0.7805 48.9538 0 0.960054 0 0.0313566 0
0.781 48.9851 0 0.960669 0 0.0313767 0
0.7815 49.0165 0 0.961284 0 0.0313967 0
0.782 49.0478 0 0.961899 0 0.0314168 0
0.7825 49.0792 0 0.962514 0 0.0314369 0
0.783 49.1106 0 0.963129 0 0.031457 0
0.7835 49.1419 0 0.963744 0 0.0314771 0
0.784 49.1733 0 0.964359 0 0.0314972 0
0.7845 49.2047 0 0.964974 0 0.0315173 0
0.785 49.236 0 0.965589 0 0.0315374 0
0.7855 49.2674 0 0.966204 0 0.0315574 0
0.786 49.2987 0 0.966819 0 0.0315775 0
0.7865 49.3301 0 0.967434 0 0.0315976 0
0.787 49.3615 0 0.968049 0 0.0316177 0
0.7875 49.3928 0 0.968664 0 0.0316378 0
0.788 49.4242 0 0.96928 0 0.0316579 0
0.7885 49.4555 0 0.969895 0 0.031678 0
0.789 49.4869 0 0.97051 0 0.0316981 0
0.7895 49.5183 0 0.971125 0 0.0317181 0
0.79 49.5496 0 0.97174 0 0.0317382 0
0.7905 49.581 0 0.972355 0 0.0317583 0
0.791 49.6123 0 0.97297 0 0.0317784 0
0.7915 49.6437 0 0.973585 0 0.0317985 0
0.792 49.6751 0 0.9742 0 0.0318186 0
0.7925 49.7064 0 0.974815 0 0.0318387 0
0.793 49.7378 0 0.97543 0 0.0318588 0
0.7935 49.7691 0 0.976045 0 0.0318788 0
0.794 49.8005 0 0.97666 0 0.0318989 0
0.7945 49.8319 0 0.977275 0 0.031919 0
0.795 49.8632 0 0.97789 0 0.0319391 0
0.7955 49.8946 0 0.978505 0 0.0319592 0
0.796 49.9259 0 0.97912 0 0.0319793 0
0.7965 49.9573 0 0.979735 0 0.0319994 0
0.797 49.9887 0 0.98035 0 0.0320195 0
0.7975 50.02 0 0.980965 0 0.0320395 0
0.798 50.0514 0 0.98158 0 0.0320596 0
0.7985 50.0827 0 0.982195 0 0.0320797 0
0.799 50.1141 0 0.98281 0 0.0320998 0
0.7995 50.1455 0 0.983425 0 0.0321199 0
0.8 50.1768 0 0.98404 0 0.03214 0
0.8005 50.2082 0 0.984655 0 0.0321601 0
0.801 50.2395 0 0.98527 0 0.0321802 0
0.8015 50.2709 0 0.985885 0 0.0322002 0
0.802 50.3023 0 0.9865 0 0.0322203 0
0.8025 50.3336 0 0.987115 0 0.0322404 0
0.803 50.365 0 0.98773 0 0.0322605 0
0.8035 50.3964 0 0.988345 0 0.0322806 0
0.804 50.4277 0 0.98896 0 0.0323007 0
0.8045 50.4591 0 0.989575 0 0.0323208 0
0.805 50.4904 0 0.99019 0 0.0323409 0
0.8055 50.5218 0 0.990805 0 0.0323609 0
0.806 50.5532 0 0.99142 0 0.032381 0
0.8065 50.5845 0 0.992035 0 0.0324011 0
0.807 50.6159 0 0.99265 0 0.0324212 0
0.8075 50.6472 0 0.993265 0 0.0324413 0
0.808 50.6786 0 0.993881 0 0.0324614 0
0.8085 50.71 0 0.994496 0 0.0324815 0
0.809 50.7413 0 0.995111 0 0.0325016 0
0.8095 50.7727 0 0.995726 0 0.0325216 0
0.81 50.804 0 0.996341 0 0.0325417 0
0.8105 50.8354 0 0.996956 0 0.0325618 0
0.811 50.8668 0 0.997571 0 0.0325819 0
0.8115 50.8981 0 0.998186 0 0.032602 0
0.812 50.9295 0 0.998801 0 0.0326221 0
0.8125 50.9608 0 0.999416 0 0.0326422 0
0.813 50.9922 0 1.00003 0 0.0326623 0
0.8135 51.0236 0 1.00065 0 0.0326823 0
0.814 51.0549 0 1.00126 0 0.0327024 0
0.8145 51.0863 0 1.00188 0 0.0327225 0
0.815 51.1176 0 1.00249 0 0.0327426 0
0.8155 51.149 0 1.00311 0 0.0327627 0
0.816 51.1804 0 1.00372 0 0.0327828 0
0.8165 51.2117 0 1.00434 0 0.0328029 0
0.817 51.2431 0 1.00495 0 0.032823 0
0.8175 51.2744 0 1.00557 0 0.032843 0
0.818 51.3058 0 1.00618 0 0.0328631 0
0.8185 51.3372 0 1.0068 0 0.0328832 0
0.819 51.3685 0 1.00741 0 0.0329033 0
0.8195 51.3999 0 1.00803 0 0.0329234 0
0.82 51.4312 0 1.00864 0 0.0329435 0
0.8205 51.4626 0 1.00926 0 0.0329636 0
0.821 51.494 0 1.00987 0 0.0329837 0
0.8215 51.5253 0 1.01049 0 0.0330037 0
0.822 51.5567 0 1.0111 0 0.0330238 0
0.8225 51.588 0 1.01172 0 0.0330439 0
0.823 51.6194 0 1.01233 0 0.033064 0
0.8235 51.6508 0 1.01295 0 0.0330841 0
0.824 51.6821 0 1.01356 0 0.0331042 0
0.8245 51.7135 0 1.01418 0 0.0331243 0
0.825 51.7449 0 1.01479 0 0.0331444 0
0.8255 51.7762 0 1.01541 0 0.0331644 0
0.826 51.8076 0 1.01602 0 0.0331845 0
0.8265 51.8389 0 1.01664 0 0.0332046 0
0.827 51.8703 0 1.01725 0 0.0332247 0
0.8275 51.9017 0 1.01787 0 0.0332448 0
0.828 51.933 0 1.01848 0 0.0332649 0
0.8285 51.9644 0 1.0191 0 0.033285 0
0.829 51.9957 0 1.01971 0 0.0333051 0
0.8295 52.0271 0 1.02033 0 0.0333251 0
0.83 52.0585 0 1.02094 0 0.0333452 0
0.8305 52.0898 0 1.02156 0 0.0333653 0
0.831 52.1212 0 1.02217 0 0.0333854 0
0.8315 52.1525 0 1.02279 0 0.0334055 0
0.832 52.1839 0 1.0234 0 0.0334256 0
0.8325 52.2153 0 1.02402 0 0.0334457 0
0.833 52.2466 0 1.02463 0 0.0334658 0
0.8335 52.278 0 1.02525 0 0.0334858 0
0.834 52.3093 0 1.02586 0 0.0335059 0
0.8345 52.3407 0 1.02648 0 0.033526 0
0.835 52.3721 0 1.02709 0 0.0335461 0
0.8355 52.4034 0 1.02771 0 0.0335662 0
0.836 52.4348 0 1.02832 0 0.0335863 0
0.8365 52.4661 0 1.02894 0 0.0336064 0
0.837 52.4975 0 1.02955 0 0.0336265 0
0.8375 52.5289 0 1.03017 0 0.0336465 0
0.838 52.5602 0 1.03078 0 0.0336666 0
0.8385 52.5916 0 1.0314 0 0.0336867 0
0.839 52.6229 0 1.03201 0 0.0337068 0
0.8395 52.6543 0 1.03263 0 0.0337269 0
0.84 52.6857 0 1.03324 0 0.033747 0
0.8405 52.717 0 1.03386 0 0.0337671 0
0.841 52.7484 0 1.03447 0 0.0337872 0
0.8415 52.7797 0 1.03509 0 0.0338072 0
0.842 52.8111 0 1.0357 0 0.0338273 0
0.8425 52.8425 0 1.03632 0 0.0338474 0
0.843 52.8738 0 1.03693 0 0.0338675 0
0.8435 52.9052 0 1.03755 0 0.0338876 0
0.844 52.9366 0 1.03816 0 0.0339077 0
0.8445 52.9679 0 1.03878 0 0.0339278 0
0.845 52.9993 0 1.03939 0 0.0339479 0
0.8455 53.0306 0 1.04001 0 0.0339679 0
0.846 53.062 0 1.04062 0 0.033988 0
0.8465 53.0934 0 1.04124 0 0.0340081 0
0.847 53.1247 0 1.04185 0 0.0340282 0
0.8475 53.1561 0 1.04247 0 0.0340483 0
0.848 53.1874 0 1.04308 0 0.0340684 0
0.8485 53.2188 0 1.0437 0 0.0340885 0
0.849 53.2502 0 1.04431 0 0.0341086 0
0.8495 53.2815 0 1.04493 0 0.0341286 0
0.85 53.3129 0 1.04554 0 0.0341487 0
0.8505 53.3442 0 1.04616 0 0.0341688 0
0.851 53.3756 0 1.04677 0 0.0341889 0
0.8515 53.407 0 1.04739 0 0.034209 0
0.852 53.4383 0 1.048 0 0.0342291 0
0.8525 53.4697 0 1.04862 0 0.0342492 0
0.853 53.501 0 1.04923 0 0.0342693 0
0.8535 53.5324 0 1.04985 0 0.0342893 0
0.854 53.5638 0 1.05046 0 0.0343094 0
0.8545 53.5951 0 1.05108 0 0.0343295 0
0.855 53.6265 0 1.05169 0 0.0343496 0
0.8555 53.6578 0 1.05231 0 0.0343697 0
0.856 53.6892 0 1.05292 0 0.0343898 0
0.8565 53.7206 0 1.05354 0 0.0344099 0
0.857 53.7519 0 1.05415 0 0.03443 0
0.8575 53.7833 0 1.05477 0 0.03445 0
0.858 53.8146 0 1.05538 0 0.0344701 0
0.8585 53.846 0 1.056 0 0.0344902 0
0.859 53.8774 0 1.05661 0 0.0345103 0
0.8595 53.9087 0 1.05723 0 0.0345304 0
0.86 53.9401 0 1.05784 0 0.0345505 0
0.8605 53.9714 0 1.05846 0 0.0345706 0
0.861 54.0028 0 1.05907 0 0.0345907 0
0.8615 54.0342 0 1.05969 0 0.0346107 0
0.862 54.0655 0 1.0603 0 0.0346308 0
0.8625 54.0969 0 1.06092 0 0.0346509 0
0.863 54.1283 0 1.06153 0 0.034671 0
0.8635 54.1596 0 1.06215 0 0.0346911 0
0.864 54.191 0 1.06276 0 0.0347112 0
0.8645 54.2223 0 1.06338 0 0.0347313 0
0.865 54.2537 0 1.06399 0 0.0347514 0
0.8655 54.2851 0 1.06461 0 0.0347714 0
0.866 54.3164 0 1.06522 0 0.0347915 0
0.8665 54.3478 0 1.06584 0 0.0348116 0
0.867 54.3791 0 1.06645 0 0.0348317 0
0.8675 54.4105 0 1.06707 0 0.0348518 0
0.868 54.4419 0 1.06768 0 0.0348719 0
0.8685 54.4732 0 1.0683 0 0.034892 0
0.869 54.5046 0 1.06891 0 0.0349121 0
0.8695 54.5359 0 1.06953 0 0.0349321 0
0.87 54.5673 0 1.07014 0 0.0349522 0
0.8705 54.5987 0 1.07076 0 0.0349723 0
0.871 54.63 0 1.07137 0 0.0349924 0
0.8715 54.6614 0 1.07199 0 0.0350125 0
0.872 54.6927 0 1.0726 0 0.0350326 0
0.8725 54.7241 0 1.07322 0 0.0350527 0
0.873 54.7555 0 1.07383 0 0.0350728 0
0.8735 54.7868 0 1.07445 0 0.0350928 0
0.874 54.8182 0 1.07506 0 0.0351129 0
0.8745 54.8495 0 1.07568 0 0.035133 0
0.875 54.8809 0 1.07629 0 0.0351531 0
0.8755 54.9123 0 1.07691 0 0.0351732 0
0.876 54.9436 0 1.07752 0 0.0351933 0
0.8765 54.975 0 1.07814 0 0.0352134 0
0.877 55.0063 0 1.07875 0 0.0352335 0
0.8775 55.0377 0 1.07937 0 0.0352535 0
0.878 55.0691 0 1.07998 0 0.0352736 0
0.8785 55.1004 0 1.0806 0 0.0352937 0
0.879 55.1318 0 1.08121 0 0.0353138 0
0.8795 55.1631 0 1.08183 0 0.0353339 0
0.88 55.1945 0 1.08244 0 0.035354 0
0.8805 55.2259 0 1.08306 0 0.0353741 0
0.881 55.2572 0 1.08367 0 0.0353942 0
0.8815 55.2886 0 1.08429 0 0.0354142 0
0.882 55.32 0 1.0849 0 0.0354343 0
0.8825 55.3513 0 1.08552 0 0.0354544 0
0.883 55.3827 0 1.08613 0 0.0354745 0
0.8835 55.414 0 1.08675 0 0.0354946 0
0.884 55.4454 0 1.08736 0 0.0355147 0
0.8845 55.4768 0 1.08798 0 0.0355348 0
0.885 55.5081 0 1.08859 0 0.0355549 0
0.8855 55.5395 0 1.08921 0 0.0355749 0
0.886 55.5708 0 1.08982 0 0.035595 0
0.8865 55.6022 0 1.09044 0 0.0356151 0
0.887 55.6336 0 1.09105 0 0.0356352 0
0.8875 55.6649 0 1.09167 0 0.0356553 0
0.888 55.6963 0 1.09228 0 0.0356754 0
0.8885 55.7276 0 1.0929 0 0.0356955 0
0.889 55.759 0 1.09351 0 0.0357156 0
0.8895 55.7904 0 1.09413 0 0.0357356 0
0.89 55.8217 0 1.09474 0 0.0357557 0
0.8905 55.8531 0 1.09536 0 0.0357758 0
0.891 55.8844 0 1.09597 0 0.0357959 0
0.8915 55.9158 0 1.09659 0 0.035816 0
0.892 55.9472 0 1.0972 0 0.0358361 0
0.8925 55.9785 0 1.09782 0 0.0358562 0
0.893 56.0099 0 1.09843 0 0.0358763 0
0.8935 56.0412 0 1.09905 0 0.0358963 0
0.894 56.0726 0 1.09966 0 0.0359164 0
0.8945 56.104 0 1.10028 0 0.0359365 0
0.895 56.1353 0 1.10089 0 0.0359566 0
0.8955 56.1667 0 1.10151 0 0.0359767 0
0.896 56.198 0 1.10212 0 0.0359968 0
0.8965 56.2294 0 1.10274 0 0.0360169 0
0.897 56.2608 0 1.10335 0 0.036037 0
0.8975 56.2921 0 1.10397 0 0.036057 0
0.898 56.3235 0 1.10459 0 0.0360771 0
0.8985 56.3548 0 1.1052 0 0.0360972 0
0.899 56.3862 0 1.10582 0 0.0361173 0
0.8995 56.4176 0 1.10643 0 0.0361374 0
0.9 56.4489 0 1.10705 0 0.0361575 0
0.9005 56.4803 0 1.10766 0 0.0361776 0
0.901 56.5117 0 1.10828 0 0.0361977 0
0.9015 56.543 0 1.10889 0 0.0362177 0
0.902 56.5744 0 1.10951 0 0.0362378 0
0.9025 56.6057 0 1.11012 0 0.0362579 0
0.903 56.6371 0 1.11074 0 0.036278 0
0.9035 56.6685 0 1.11135 0 0.0362981 0
0.904 56.6998 0 1.11197 0 0.0363182 0
0.9045 56.7312 0 1.11258 0 0.0363383 0
0.905 56.7625 0 1.1132 0 0.0363584 0
0.9055 56.7939 0 1.11381 0 0.0363784 0
0.906 56.8253 0 1.11443 0 0.0363985 0
0.9065 56.8566 0 1.11504 0 0.0364186 0
0.907 56.888 0 1.11566 0 0.0364387 0
0.9075 56.9193 0 1.11627 0 0.0364588 0
0.908 56.9507 0 1.11689 0 0.0364789 0
0.9085 56.9821 0 1.1175 0 0.036499 0
0.909 57.0134 0 1.11812 0 0.0365191 0
0.9095 57.0448 0 1.11873 0 0.0365391 0
0.91 57.0761 0 1.11935 0 0.0365592 0
0.9105 57.1075 0 1.11996 0 0.0365793 0
0.911 57.1389 0 1.12058 0 0.0365994 0
0.9115 57.1702 0 1.12119 0 0.0366195 0
0.912 57.2016 0 1.12181 0 0.0366396 0
0.9125 57.2329 0 1.12242 0 0.0366597 0
0.913 57.2643 0 1.12304 0 0.0366798 0
0.9135 57.2957 0 1.12365 0 0.0366998 0
0.914 57.327 0 1.12427 0 0.0367199 0
0.9145 57.3584 0 1.12488 0 0.03674 0
0.915 57.3897 0 1.1255 0 0.0367601 0
0.9155 57.4211 0 1.12611 0 0.0367802 0
0.916 57.4525 0 1.12673 0 0.0368003 0
0.9165 57.4838 0 1.12734 0 0.0368204 0
0.917 57.5152 0 1.12796 0 0.0368405 0
0.9175 57.5465 0 1.12857 0 0.0368605 0
0.918 57.5779 0 1.12919 0 0.0368806 0
0.9185 57.6093 0 1.1298 0 0.0369007 0
0.919 57.6406 0 1.13042 0 0.0369208 0
0.9195 57.672 0 1.13103 0 0.0369409 0
0.92 57.7034 0 1.13165 0 0.036961 0
0.9205 57.7347 0 1.13226 0 0.0369811 0
0.921 57.7661 0 1.13288 0 0.0370012 0
0.9215 57.7974 0 1.13349 0 0.0370212 0
0.922 57.8288 0 1.13411 0 0.0370413 0
0.9225 57.8602 0 1.13472 0 0.0370614 0
0.923 57.8915 0 1.13534 0 0.0370815 0
0.9235 57.9229 0 1.13595 0 0.0371016 0
0.924 57.9542 0 1.13657 0 0.0371217 0
0.9245 57.9856 0 1.13718 0 0.0371418 0
0.925 58.017 0 1.1378 0 0.0371619 0
0.9255 58.0483 0 1.13841 0 0.0371819 0
0.926 58.0797 0 1.13903 0 0.037202 0
0.9265 58.111 0 1.13964 0 0.0372221 0
0.927 58.1424 0 1.14026 0 0.0372422 0
0.9275 58.1738 0 1.14087 0 0.0372623 0
0.928 58.2051 0 1.14149 0 0.0372824 0
0.9285 58.2365 0 1.1421 0 0.0373025 0
0.929 58.2678 0 1.14272 0 0.0373226 0
0.9295 58.2992 0 1.14333 0 0.0373426 0
0.93 58.3306 0 1.14395 0 0.0373627 0
0.9305 58.3619 0 1.14456 0 0.0373828 0
0.931 58.3933 0 1.14518 0 0.0374029 0
0.9315 58.4246 0 1.14579 0 0.037423 0
0.932 58.456 0 1.14641 0 0.0374431 0
0.9325 58.4874 0 1.14702 0 0.0374632 0
0.933 58.5187 0 1.14764 0 0.0374833 0
0.9335 58.5501 0 1.14825 0 0.0375033 0
0.934 58.5814 0 1.14887 0 0.0375234 0
0.9345 58.6128 0 1.14948 0 0.0375435 0
0.935 58.6442 0 1.1501 0 0.0375636 0
0.9355 58.6755 0 1.15071 0 0.0375837 0
0.936 58.7069 0 1.15133 0 0.0376038 0
0.9365 58.7382 0 1.15194 0 0.0376239 0
0.937 58.7696 0 1.15256 0 0.037644 0
0.9375 58.801 0 1.15317 0 0.037664 0
0.938 58.8323 0 1.15379 0 0.0376841 0
0.9385 58.8637 0 1.1544 0 0.0377042 0
0.939 58.8951 0 1.15502 0 0.0377243 0
0.9395 58.9264 0 1.15563 0 0.0377444 0
0.94 58.9578 0 1.15625 0 0.0377645 0
0.9405 58.9891 0 1.15686 0 0.0377846 0
0.941 59.0205 0 1.15748 0 0.0378047 0
0.9415 59.0519 0 1.15809 0 0.0378247 0
0.942 59.0832 0 1.15871 0 0.0378448 0
0.9425 59.1146 0 1.15932 0 0.0378649 0
0.943 59.1459 0 1.15994 0 0.037885 0
0.9435 59.1773 0 1.16055 0 0.0379051 0
0.944 59.2087 0 1.16117 0 0.0379252 0
0.9445 59.24 0 1.16178 0 0.0379453 0
0.945 59.2714 0 1.1624 0 0.0379654 0
0.9455 59.3027 0 1.16301 0 0.0379854 0
0.946 59.3341 0 1.16363 0 0.0380055 0
0.9465 59.3655 0 1.16424 0 0.0380256 0
0.947 59.3968 0 1.16486 0 0.0380457 0
0.9475 59.4282 0 1.16547 0 0.0380658 0
0.948 59.4595 0 1.16609 0 0.0380859 0
0.9485 59.4909 0 1.1667 0 0.038106 0
0.949 59.5223 0 1.16732 0 0.0381261 0
0.9495 59.5536 0 1.16793 0 0.0381461 0
0.95 59.585 0 1.16855 0 0.0381662 0
0.9505 59.6163 0 1.16916 0 0.0381863 0
0.951 59.6477 0 1.16978 0 0.0382064 0
0.9515 59.6791 0 1.17039 0 0.0382265 0
0.952 59.7104 0 1.17101 0 0.0382466 0
0.9525 59.7418 0 1.17162 0 0.0382667 0
0.953 59.7731 0 1.17224 0 0.0382868 0
0.9535 59.8045 0 1.17285 0 0.0383068 0
0.954 59.8359 0 1.17347 0 0.0383269 0
0.9545 59.8672 0 1.17408 0 0.038347 0
0.955 59.8986 0 1.1747 0 0.0383671 0
0.9555 59.9299 0 1.17531 0 0.0383872 0
0.956 59.9613 0 1.17593 0 0.0384073 0
0.9565 59.9927 0 1.17654 0 0.0384274 0
0.957 60.024 0 1.17716 0 0.0384475 0
0.9575 60.0554 0 1.17777 0 0.0384675 0
0.958 60.0867 0 1.17839 0 0.0384876 0
0.9585 60.1181 0 1.179 0 0.0385077 0
0.959 60.1495 0 1.17962 0 0.0385278 0
0.9595 60.1808 0 1.18023 0 0.0385479 0
0.96 60.2122 0 1.18085 0 0.038568 0
0.9605 60.2436 0 1.18146 0 0.0385881 0
0.961 60.2749 0 1.18208 0 0.0386082 0
0.9615 60.3063 0 1.18269 0 0.0386282 0
0.962 60.3376 0 1.18331 0 0.0386483 0
0.9625 60.369 0 1.18392 0 0.0386684 0
0.963 60.4004 0 1.18454 0 0.0386885 0
0.9635 60.4317 0 1.18515 0 0.0387086 0
0.964 60.4631 0 1.18577 0 0.0387287 0
0.9645 60.4944 0 1.18638 0 0.0387488 0
0.965 60.5258 0 1.187 0 0.0387689 0
0.9655 60.5572 0 1.18761 0 0.0387889 0
0.966 60.5885 0 1.18823 0 0.038809 0
0.9665 60.6199 0 1.18884 0 0.0388291 0
0.967 60.6512 0 1.18946 0 0.0388492 0
0.9675 60.6826 0 1.19007 0 0.0388693 0
0.968 60.714 0 1.19069 0 0.0388894 0
0.9685 60.7453 0 1.1913 0 0.0389095 0
0.969 60.7767 0 1.19192 0 0.0389296 0
0.9695 60.808 0 1.19253 0 0.0389496 0
0.97 60.8394 0 1.19315 0 0.0389697 0
0.9705 60.8708 0 1.19376 0 0.0389898 0
0.971 60.9021 0 1.19438 0 0.0390099 0
0.9715 60.9335 0 1.19499 0 0.03903 0
0.972 60.9648 0 1.19561 0 0.0390501 0
0.9725 60.9962 0 1.19622 0 0.0390702 0
0.973 61.0276 0 1.19684 0 0.0390903 0
0.9735 61.0589 0 1.19745 0 0.0391103 0
0.974 61.0903 0 1.19807 0 0.0391304 0
0.9745 61.1216 0 1.19868 0 0.0391505 0
0.975 61.153 0 1.1993 0 0.0391706 0
0.9755 61.1844 0 1.19991 0 0.0391907 0
0.976 61.2157 0 1.20053 0 0.0392108 0
0.9765 61.2471 0 1.20114 0 0.0392309 0
0.977 61.2784 0 1.20176 0 0.039251 0
0.9775 61.3098 0 1.20237 0 0.039271 0
0.978 61.3412 0 1.20299 0 0.0392911 0
0.9785 61.3725 0 1.2036 0 0.0393112 0
0.979 61.4039 0 1.20422 0 0.0393313 0
0.9795 61.4353 0 1.20483 0 0.0393514 0
0.98 61.4666 0 1.20545 0 0.0393715 0
0.9805 61.498 0 1.20606 0 0.0393916 0
0.981 61.5293 0 1.20668 0 0.0394117 0
0.9815 61.5607 0 1.20729 0 0.0394317 0
0.982 61.5921 0 1.20791 0 0.0394518 0
0.9825 61.6234 0 1.20852 0 0.0394719 0
0.983 61.6548 0 1.20914 0 0.039492 0
0.9835 61.6861 0 1.20975 0 0.0395121 0
0.984 61.7175 0 1.21037 0 0.0395322 0
0.9845 61.7489 0 1.21098 0 0.0395523 0
0.985 61.7802 0 1.2116 0 0.0395724 0
0.9855 61.8116 0 1.21221 0 0.0395924 0
0.986 61.8429 0 1.21283 0 0.0396125 0
0.9865 61.8743 0 1.21344 0 0.0396326 0
0.987 61.9057 0 1.21406 0 0.0396527 0
0.9875 61.937 0 1.21467 0 0.0396728 0
0.988 61.9684 0 1.21529 0 0.0396929 0
0.9885 61.9997 0 1.2159 0 0.039713 0
0.989 62.0311 0 1.21652 0 0.0397331 0
0.9895 62.0625 0 1.21713 0 0.0397531 0
0.99 62.0938 0 1.21775 0 0.0397732 0
0.9905 62.1252 0 1.21836 0 0.0397933 0
0.991 62.1565 0 1.21898 0 0.0398134 0
0.9915 62.1879 0 1.21959 0 0.0398335 0
0.992 62.2193 0 1.22021 0 0.0398536 0
0.9925 62.2506 0 1.22082 0 0.0398737 0
0.993 62.282 0 1.22144 0 0.0398938 0
0.9935 62.3133 0 1.22205 0 0.0399138 0
0.994 62.3447 0 1.22267 0 0.0399339 0
0.9945 62.3761 0 1.22328 0 0.039954 0
0.995 62.4074 0 1.2239 0 0.0399741 0
0.9955 62.4388 0 1.22451 0 0.0399942 0
0.996 62.4701 0 1.22513 0 0.0400143 0
0.9965 62.5015 0 1.22574 0 0.0400344 0
0.997 62.5329 0 1.22636 0 0.0400545 0
0.9975 62.5642 0 1.22698 0 0.0400745 0
0.998 62.5956 0 1.22759 0 0.0400946 0
0.9985 62.627 0 1.22821 0 0.0401147 0
0.999 62.6583 0 1.22882 0 0.0401348 0
0.9995 62.6897 0 1.22944 0 0.0401549 0
1 62.721 0 1.23005 0 0.040175 0
