0.0005 0.0326486 0 -0.00157065 0 1.76406e-05 0
0.001 0.0652971 0 -0.0031413 0 3.52812e-05 0
0.0015 0.0979457 0 -0.00471195 0 5.29218e-05 0
0.002 0.130594 0 -0.0062826 0 7.05624e-05 0
0.0025 0.163243 0 -0.00785325 0 8.8203e-05 0
0.003 0.195891 0 -0.00942389 0 0.000105844 0
0.0035 0.22854 0 -0.0109945 0 0.000123484 0
0.004 0.261189 0 -0.0125652 0 0.000141125 0
0.0045 0.293837 0 -0.0141358 0 0.000158765 0
0.005 0.326486 0 -0.0157065 0 0.000176406 0
0.0055 0.359134 0 -0.0172771 0 0.000194047 0
0.006 0.391783 0 -0.0188478 0 0.000211687 0
0.0065 0.424431 0 -0.0204184 0 0.000229328 0
0.007 0.45708 0 -0.0219891 0 0.000246968 0
0.0075 0.489729 0 -0.0235597 0 0.000264609 0
0.008 0.522377 0 -0.0251304 0 0.00028225 0
0.0085 0.555026 0 -0.026701 0 0.00029989 0
0.009 0.587674 0 -0.0282717 0 0.000317531 0
0.0095 0.620323 0 -0.0298423 0 0.000335171 0
0.01 0.652971 0 -0.031413 0 0.000352812 0
0.0105 0.68562 0 -0.0329836 0 0.000370453 0
0.011 0.718269 0 -0.0345543 0 0.000388093 0
0.0115 0.750917 0 -0.0361249 0 0.000405734 0
0.012 0.783566 0 -0.0376956 0 0.000423374 0
0.0125 0.816214 0 -0.0392662 0 0.000441015 0
0.013 0.848863 0 -0.0408369 0 0.000458656 0
0.0135 0.881511 0 -0.0424075 0 0.000476296 0
0.014 0.91416 0 -0.0439782 0 0.000493937 0
0.0145 0.946808 0 -0.0455488 0 0.000511577 0
0.015 0.979457 0 -0.0471195 0 0.000529218 0
0.0155 1.01211 0 -0.0486901 0 0.000546859 0
0.016 1.04475 0 -0.0502608 0 0.000564499 0
0.0165 1.0774 0 -0.0518314 0 0.00058214 0
0.017 1.11005 0 -0.0534021 0 0.00059978 0
0.0175 1.1427 0 -0.0549727 0 0.000617421 0
0.018 1.17535 0 -0.0565434 0 0.000635062 0
0.0185 1.208 0 -0.058114 0 0.000652702 0
0.019 1.24065 0 -0.0596847 0 0.000670343 0
0.0195 1.27329 0 -0.0612553 0 0.000687983 0
0.02 1.30594 0 -0.062826 0 0.000705624 0
0.0205 1.33859 0 -0.0643966 0 0.000723265 0
0.021 1.37124 0 -0.0659673 0 0.000740905 0
0.0215 1.40389 0 -0.0675379 0 0.000758546 0
0.022 1.43654 0 -0.0691086 0 0.000776186 0
0.0225 1.46919 0 -0.0706792 0 0.000793827 0
0.023 1.50183 0 -0.0722499 0 0.000811468 0
0.0235 1.53448 0 -0.0738205 0 0.000829108 0
0.024 1.56713 0 -0.0753912 0 0.000846749 0
0.0245 1.59978 0 -0.0769618 0 0.000864389 0
0.025 1.63243 0 -0.0785325 0 0.00088203 0
0.0255 1.66508 0 -0.0801031 0 0.000899671 0
0.026 1.69773 0 -0.0816737 0 0.000917311 0
0.0265 1.73037 0 -0.0832444 0 0.000934952 0
0.027 1.76302 0 -0.084815 0 0.000952592 0
0.0275 1.79567 0 -0.0863857 0 0.000970233 0
0.028 1.82832 0 -0.0879563 0 0.000987874 0
0.0285 1.86097 0 -0.089527 0 0.00100551 0
0.029 1.89362 0 -0.0910976 0 0.00102315 0
0.0295 1.92627 0 -0.0926683 0 0.0010408 0
0.03 1.95891 0 -0.0942389 0 0.00105844 0
0.0305 1.99156 0 -0.0958096 0 0.00107608 0
0.031 2.02421 0 -0.0973802 0 0.00109372 0
0.0315 2.05686 0 -0.0989509 0 0.00111136 0
0.032 2.08951 0 -0.100522 0 0.001129 0
0.0325 2.12216 0 -0.102092 0 0.00114664 0
0.033 2.15481 0 -0.103663 0 0.00116428 0
0.0335 2.18745 0 -0.105233 0 0.00118192 0
0.034 2.2201 0 -0.106804 0 0.00119956 0
0.0345 2.25275 0 -0.108375 0 0.0012172 0
0.035 2.2854 0 -0.109945 0 0.00123484 0
0.0355 2.31805 0 -0.111516 0 0.00125248 0
0.036 2.3507 0 -0.113087 0 0.00127012 0
0.0365 2.38335 0 -0.114657 0 0.00128776 0
0.037 2.41599 0 -0.116228 0 0.0013054 0
0.0375 2.44864 0 -0.117799 0 0.00132305 0
0.038 2.48129 0 -0.119369 0 0.00134069 0
0.0385 2.51394 0 -0.12094 0 0.00135833 0
0.039 2.54659 0 -0.122511 0 0.00137597 0
0.0395 2.57924 0 -0.124081 0 0.00139361 0
0.04 2.61189 0 -0.125652 0 0.00141125 0
0.0405 2.64453 0 -0.127223 0 0.00142889 0
0.041 2.67718 0 -0.128793 0 0.00144653 0
0.0415 2.70983 0 -0.130364 0 0.00146417 0
0.042 2.74248 0 -0.131935 0 0.00148181 0
0.0425 2.77513 0 -0.133505 0 0.00149945 0
0.043 2.80778 0 -0.135076 0 0.00151709 0
0.0435 2.84043 0 -0.136646 0 0.00153473 0
0.044 2.87307 0 -0.138217 0 0.00155237 0
0.0445 2.90572 0 -0.139788 0 0.00157001 0
0.045 2.93837 0 -0.141358 0 0.00158765 0
0.0455 2.97102 0 -0.142929 0 0.00160529 0
0.046 3.00367 0 -0.1445 0 0.00162294 0
0.0465 3.03632 0 -0.14607 0 0.00164058 0
0.047 3.06897 0 -0.147641 0 0.00165822 0
0.0475 3.10161 0 -0.149212 0 0.00167586 0
0.048 3.13426 0 -0.150782 0 0.0016935 0
0.0485 3.16691 0 -0.152353 0 0.00171114 0
0.049 3.19956 0 -0.153924 0 0.00172878 0
0.0495 3.23221 0 -0.155494 0 0.00174642 0
0.05 3.26486 0 -0.157065 0 0.00176406 0
0.0505 3.29751 0 -0.158636 0 0.0017817 0
0.051 3.33015 0 -0.160206 0 0.00179934 0
0.0515 3.3628 0 -0.161777 0 0.00181698 0
0.052 3.39545 0 -0.163347 0 0.00183462 0
0.0525 3.4281 0 -0.164918 0 0.00185226 0
0.053 3.46075 0 -0.166489 0 0.0018699 0
0.0535 3.4934 0 -0.168059 0 0.00188754 0
0.054 3.52605 0 -0.16963 0 0.00190518 0
0.0545 3.55869 0 -0.171201 0 0.00192283 0
0.055 3.59134 0 -0.172771 0 0.00194047 0
0.0555 3.62399 0 -0.174342 0 0.00195811 0
0.056 3.65664 0 -0.175913 0 0.00197575 0
0.0565 3.68929 0 -0.177483 0 0.00199339 0
0.057 3.72194 0 -0.179054 0 0.00201103 0
0.0575 3.75459 0 -0.180625 0 0.00202867 0
0.058 3.78723 0 -0.182195 0 0.00204631 0
0.0585 3.81988 0 -0.183766 0 0.00206395 0
0.059 3.85253 0 -0.185337 0 0.00208159 0
0.0595 3.88518 0 -0.186907 0 0.00209923 0
0.06 3.91783 0 -0.188478 0 0.00211687 0
0.0605 3.95048 0 -0.190049 0 0.00213451 0
0.061 3.98313 0 -0.191619 0 0.00215215 0
0.0615 4.01577 0 -0.19319 0 0.00216979 0
0.062 4.04842 0 -0.19476 0 0.00218743 0
0.0625 4.08107 0 -0.196331 0 0.00220508 0
0.063 4.11372 0 -0.197902 0 0.00222272 0
0.0635 4.14637 0 -0.199472 0 0.00224036 0
0.064 4.17902 0 -0.201043 0 0.002258 0
0.0645 4.21167 0 -0.202614 0 0.00227564 0
0.065 4.24431 0 -0.204184 0 0.00229328 0
0.0655 4.27696 0 -0.205755 0 0.00231092 0
0.066 4.30961 0 -0.207326 0 0.00232856 0
0.0665 4.34226 0 -0.208896 0 0.0023462 0
0.067 4.37491 0 -0.210467 0 0.00236384 0
0.0675 4.40756 0 -0.212038 0 0.00238148 0
0.068 4.44021 0 -0.213608 0 0.00239912 0
0.0685 4.47285 0 -0.215179 0 0.00241676 0
0.069 4.5055 0 -0.21675 0 0.0024344 0
0.0695 4.53815 0 -0.21832 0 0.00245204 0
0.07 4.5708 0 -0.219891 0 0.00246968 0
0.0705 4.60345 0 -0.221462 0 0.00248732 0
0.071 4.6361 0 -0.223032 0 0.00250497 0
0.0715 4.66875 0 -0.224603 0 0.00252261 0
0.072 4.70139 0 -0.226173 0 0.00254025 0
0.0725 4.73404 0 -0.227744 0 0.00255789 0
0.073 4.76669 0 -0.229315 0 0.00257553 0
0.0735 4.79934 0 -0.230885 0 0.00259317 0
0.074 4.83199 0 -0.232456 0 0.00261081 0
0.0745 4.86464 0 -0.234027 0 0.00262845 0
0.075 4.89729 0 -0.235597 0 0.00264609 0
0.0755 4.92993 0 -0.237168 0 0.00266373 0
0.076 4.96258 0 -0.238739 0 0.00268137 0
0.0765 4.99523 0 -0.240309 0 0.00269901 0
0.077 5.02788 0 -0.24188 0 0.00271665 0
0.0775 5.06053 0 -0.243451 0 0.00273429 0
0.078 5.09318 0 -0.245021 0 0.00275193 0
0.0785 5.12583 0 -0.246592 0 0.00276957 0
0.079 5.15847 0 -0.248163 0 0.00278721 0
0.0795 5.19112 0 -0.249733 0 0.00280486 0
0.08 5.22377 0 -0.251304 0 0.0028225 0
0.0805 5.25642 0 -0.252874 0 0.00284014 0
0.081 5.28907 0 -0.254445 0 0.00285778 0
0.0815 5.32172 0 -0.256016 0 0.00287542 0
0.082 5.35437 0 -0.257586 0 0.00289306 0
0.0825 5.38701 0 -0.259157 0 0.0029107 0
0.083 5.41966 0 -0.260728 0 0.00292834 0
0.0835 5.45231 0 -0.262298 0 0.00294598 0
0.084 5.48496 0 -0.263869 0 0.00296362 0
0.0845 5.51761 0 -0.26544 0 0.00298126 0
0.085 5.55026 0 -0.26701 0 0.0029989 0
0.0855 5.58291 0 -0.268581 0 0.00301654 0
0.086 5.61555 0 -0.270152 0 0.00303418 0
0.0865 5.6482 0 -0.271722 0 0.00305182 0
0.087 5.68085 0 -0.273293 0 0.00306946 0
0.0875 5.7135 0 -0.274864 0 0.00308711 0
0.088 5.74615 0 -0.276434 0 0.00310475 0
0.0885 5.7788 0 -0.278005 0 0.00312239 0
0.089 5.81145 0 -0.279576 0 0.00314003 0
0.0895 5.84409 0 -0.281146 0 0.00315767 0
0.09 5.87674 0 -0.282717 0 0.00317531 0
0.0905 5.90939 0 -0.284287 0 0.00319295 0
0.091 5.94204 0 -0.285858 0 0.00321059 0
0.0915 5.97469 0 -0.287429 0 0.00322823 0
0.092 6.00734 0 -0.288999 0 0.00324587 0
0.0925 6.03999 0 -0.29057 0 0.00326351 0
0.093 6.07263 0 -0.292141 0 0.00328115 0
0.0935 6.10528 0 -0.293711 0 0.00329879 0
0.094 6.13793 0 -0.295282 0 0.00331643 0
0.0945 6.17058 0 -0.296853 0 0.00333407 0
0.095 6.20323 0 -0.298423 0 0.00335171 0
0.0955 6.23588 0 -0.299994 0 0.00336935 0
0.096 6.26853 0 -0.301565 0 0.003387 0
0.0965 6.30117 0 -0.303135 0 0.00340464 0
0.097 6.33382 0 -0.304706 0 0.00342228 0
0.0975 6.36647 0 -0.306277 0 0.00343992 0
0.098 6.39912 0 -0.307847 0 0.00345756 0
0.0985 6.43177 0 -0.309418 0 0.0034752 0
0.099 6.46442 0 -0.310989 0 0.00349284 0
0.0995 6.49707 0 -0.312559 0 0.00351048 0
0.1 6.52971 0 -0.31413 0 0.00352812 0
0.1005 6.56236 0 -0.3157 0 0.00354576 0
0.101 6.59501 0 -0.317271 0 0.0035634 0
0.1015 6.62766 0 -0.318842 0 0.00358104 0
0.102 6.66031 0 -0.320412 0 0.00359868 0
0.1025 6.69296 0 -0.321983 0 0.00361632 0
0.103 6.72561 0 -0.323554 0 0.00363396 0
0.1035 6.75825 0 -0.325124 0 0.0036516 0
0.104 6.7909 0 -0.326695 0 0.00366924 0
0.1045 6.82355 0 -0.328266 0 0.00368689 0
0.105 6.8562 0 -0.329836 0 0.00370453 0
0.1055 6.88885 0 -0.331407 0 0.00372217 0
0.106 6.9215 0 -0.332978 0 0.00373981 0
0.1065 6.95415 0 -0.334548 0 0.00375745 0
0.107 6.98679 0 -0.336119 0 0.00377509 0
0.1075 7.01944 0 -0.33769 0 0.00379273 0
0.108 7.05209 0 -0.33926 0 0.00381037 0
0.1085 7.08474 0 -0.340831 0 0.00382801 0
0.109 7.11739 0 -0.342401 0 0.00384565 0
0.1095 7.15004 0 -0.343972 0 0.00386329 0
0.11 7.18269 0 -0.345543 0 0.00388093 0
0.1105 7.21533 0 -0.347113 0 0.00389857 0
0.111 7.24798 0 -0.348684 0 0.00391621 0
0.1115 7.28063 0 -0.350255 0 0.00393385 0
0.112 7.31328 0 -0.351825 0 0.00395149 0
0.1125 7.34593 0 -0.353396 0 0.00396914 0
0.113 7.37858 0 -0.354967 0 0.00398678 0
0.1135 7.41122 0 -0.356537 0 0.00400442 0
0.114 7.44387 0 -0.358108 0 0.00402206 0
0.1145 7.47652 0 -0.359679 0 0.0040397 0
0.115 7.50917 0 -0.361249 0 0.00405734 0
0.1155 7.54182 0 -0.36282 0 0.00407498 0
0.116 7.57447 0 -0.364391 0 0.00409262 0
0.1165 7.60712 0 -0.365961 0 0.00411026 0
0.117 7.63976 0 -0.367532 0 0.0041279 0
0.1175 7.67241 0 -0.369103 0 0.00414554 0
0.118 7.70506 0 -0.370673 0 0.00416318 0
0.1185 7.73771 0 -0.372244 0 0.00418082 0
0.119 7.77036 0 -0.373814 0 0.00419846 0
0.1195 7.80301 0 -0.375385 0 0.0042161 0
0.12 7.83566 0 -0.376956 0 0.00423374 0
0.1205 7.8683 0 -0.378526 0 0.00425138 0
0.121 7.90095 0 -0.380097 0 0.00426903 0
0.1215 7.9336 0 -0.381668 0 0.00428667 0
0.122 7.96625 0 -0.383238 0 0.00430431 0
0.1225 7.9989 0 -0.384809 0 0.00432195 0
0.123 8.03155 0 -0.38638 0 0.00433959 0
0.1235 8.0642 0 -0.38795 0 0.00435723 0
0.124 8.09684 0 -0.389521 0 0.00437487 0
0.1245 8.12949 0 -0.391092 0 0.00439251 0
0.125 8.16214 0 -0.392662 0 0.00441015 0
0.1255 8.19479 0 -0.394233 0 0.00442779 0
0.126 8.22744 0 -0.395804 0 0.00444543 0
0.1265 8.26009 0 -0.397374 0 0.00446307 0
0.127 8.29274 0 -0.398945 0 0.00448071 0
0.1275 8.32538 0 -0.400516 0 0.00449835 0
0.128 8.35803 0 -0.402086 0 0.00451599 0
0.1285 8.39068 0 -0.403657 0 0.00453363 0
0.129 8.42333 0 -0.405227 0 0.00455128 0
0.1295 8.45598 0 -0.406798 0 0.00456892 0
0.13 8.48863 0 -0.408369 0 0.00458656 0
0.1305 8.52128 0 -0.409939 0 0.0046042 0
0.131 8.55392 0 -0.41151 0 0.00462184 0
0.1315 8.58657 0 -0.413081 0 0.00463948 0
0.132 8.61922 0 -0.414651 0 0.00465712 0
0.1325 8.65187 0 -0.416222 0 0.00467476 0
0.133 8.68452 0 -0.417793 0 0.0046924 0
0.1335 8.71717 0 -0.419363 0 0.00471004 0
0.134 8.74982 0 -0.420934 0 0.00472768 0
0.1345 8.78246 0 -0.422505 0 0.00474532 0
0.135 8.81511 0 -0.424075 0 0.00476296 0
0.1355 8.84776 0 -0.425646 0 0.0047806 0
0.136 8.88041 0 -0.427217 0 0.00479824 0
0.1365 8.91306 0 -0.428787 0 0.00481588 0
0.137 8.94571 0 -0.430358 0 0.00483352 0
0.1375 8.97836 0 -0.431928 0 0.00485117 0
0.138 9.011 0 -0.433499 0 0.00486881 0
0.1385 9.04365 0 -0.43507 0 0.00488645 0
0.139 9.0763 0 -0.43664 0 0.00490409 0
0.1395 9.10895 0 -0.438211 0 0.00492173 0
0.14 9.1416 0 -0.439782 0 0.00493937 0
0.1405 9.17425 0 -0.441352 0 0.00495701 0
0.141 9.2069 0 -0.442923 0 0.00497465 0
0.1415 9.23954 0 -0.444494 0 0.00499229 0
0.142 9.27219 0 -0.446064 0 0.00500993 0
0.1425 9.30484 0 -0.447635 0 0.00502757 0
0.143 9.33749 0 -0.449206 0 0.00504521 0
0.1435 9.37014 0 -0.450776 0 0.00506285 0
0.144 9.40279 0 -0.452347 0 0.00508049 0
0.1445 9.43544 0 -0.453918 0 0.00509813 0
0.145 9.46808 0 -0.455488 0 0.00511577 0
0.1455 9.50073 0 -0.457059 0 0.00513341 0
0.146 9.53338 0 -0.45863 0 0.00515106 0
0.1465 9.56603 0 -0.4602 0 0.0051687 0
0.147 9.59868 0 -0.461771 0 0.00518634 0
0.1475 9.63133 0 -0.463341 0 0.00520398 0
0.148 9.66398 0 -0.464912 0 0.00522162 0
0.1485 9.69662 0 -0.466483 0 0.00523926 0
0.149 9.72927 0 -0.468053 0 0.0052569 0
0.1495 9.76192 0 -0.469624 0 0.00527454 0
0.15 9.79457 0 -0.471195 0 0.00529218 0
0.1505 9.82722 0 -0.472765 0 0.00530982 0
0.151 9.85987 0 -0.474336 0 0.00532746 0
0.1515 9.89252 0 -0.475907 0 0.0053451 0
0.152 9.92516 0 -0.477477 0 0.00536274 0
0.1525 9.95781 0 -0.479048 0 0.00538038 0
0.153 9.99046 0 -0.480619 0 0.00539802 0
0.1535 10.0231 0 -0.482189 0 0.00541566 0
0.154 10.0558 0 -0.48376 0 0.00543331 0
0.1545 10.0884 0 -0.485331 0 0.00545095 0
0.155 10.1211 0 -0.486901 0 0.00546859 0
0.1555 10.1537 0 -0.488472 0 0.00548623 0
0.156 10.1864 0 -0.490042 0 0.00550387 0
0.1565 10.219 0 -0.491613 0 0.00552151 0
0.157 10.2517 0 -0.493184 0 0.00553915 0
0.1575 10.2843 0 -0.494754 0 0.00555679 0
0.158 10.3169 0 -0.496325 0 0.00557443 0
0.1585 10.3496 0 -0.497896 0 0.00559207 0
0.159 10.3822 0 -0.499466 0 0.00560971 0
0.1595 10.4149 0 -0.501037 0 0.00562735 0
0.16 10.4475 0 -0.502608 0 0.00564499 0
0.1605 10.4802 0 -0.504178 0 0.00566263 0
0.161 10.5128 0 -0.505749 0 0.00568027 0
0.1615 10.5455 0 -0.50732 0 0.00569791 0
0.162 10.5781 0 -0.50889 0 0.00571555 0
0.1625 10.6108 0 -0.510461 0 0.0057332 0
0.163 10.6434 0 -0.512032 0 0.00575084 0
0.1635 10.6761 0 -0.513602 0 0.00576848 0
0.164 10.7087 0 -0.515173 0 0.00578612 0
0.1645 10.7414 0 -0.516744 0 0.00580376 0
0.165 10.774 0 -0.518314 0 0.0058214 0
0.1655 10.8067 0 -0.519885 0 0.00583904 0
0.166 10.8393 0 -0.521455 0 0.00585668 0
0.1665 10.872 0 -0.523026 0 0.00587432 0
0.167 10.9046 0 -0.524597 0 0.00589196 0
0.1675 10.9373 0 -0.526167 0 0.0059096 0
0.168 10.9699 0 -0.527738 0 0.00592724 0
0.1685 11.0026 0 -0.529309 0 0.00594488 0
0.169 11.0352 0 -0.530879 0 0.00596252 0
0.1695 11.0679 0 -0.53245 0 0.00598016 0
0.17 11.1005 0 -0.534021 0 0.0059978 0
0.1705 11.1332 0 -0.535591 0 0.00601544 0
0.171 11.1658 0 -0.537162 0 0.00603309 0
0.1715 11.1985 0 -0.538733 0 0.00605073 0
0.172 11.2311 0 -0.540303 0 0.00606837 0
0.1725 11.2638 0 -0.541874 0 0.00608601 0
0.173 11.2964 0 -0.543445 0 0.00610365 0
0.1735 11.3291 0 -0.545015 0 0.00612129 0
0.174 11.3617 0 -0.546586 0 0.00613893 0
0.1745 11.3944 0 -0.548157 0 0.00615657 0
0.175 11.427 0 -0.549727 0 0.00617421 0
0.1755 11.4596 0 -0.551298 0 0.00619185 0
0.176 11.4923 0 -0.552868 0 0.00620949 0
0.1765 11.5249 0 -0.554439 0 0.00622713 0
0.177 11.5576 0 -0.55601 0 0.00624477 0
0.1775 11.5902 0 -0.55758 0 0.00626241 0
0.178 11.6229 0 -0.559151 0 0.00628005 0
0.1785 11.6555 0 -0.560722 0 0.00629769 0
0.179 11.6882 0 -0.562292 0 0.00631534 0
0.1795 11.7208 0 -0.563863 0 0.00633298 0
0.18 11.7535 0 -0.565434 0 0.00635062 0
0.1805 11.7861 0 -0.567004 0 0.00636826 0
0.181 11.8188 0 -0.568575 0 0.0063859 0
0.1815 11.8514 0 -0.570146 0 0.00640354 0
0.182 11.8841 0 -0.571716 0 0.00642118 0
0.1825 11.9167 0 -0.573287 0 0.00643882 0
0.183 11.9494 0 -0.574858 0 0.00645646 0
0.1835 11.982 0 -0.576428 0 0.0064741 0
0.184 12.0147 0 -0.577999 0 0.00649174 0
0.1845 12.0473 0 -0.579569 0 0.00650938 0
0.185 12.08 0 -0.58114 0 0.00652702 0
0.1855 12.1126 0 -0.582711 0 0.00654466 0
0.186 12.1453 0 -0.584281 0 0.0065623 0
0.1865 12.1779 0 -0.585852 0 0.00657994 0
0.187 12.2106 0 -0.587423 0 0.00659758 0
0.1875 12.2432 0 -0.588993 0 0.00661523 0
0.188 12.2759 0 -0.590564 0 0.00663287 0
0.1885 12.3085 0 -0.592135 0 0.00665051 0
0.189 12.3412 0 -0.593705 0 0.00666815 0
0.1895 12.3738 0 -0.595276 0 0.00668579 0
0.19 12.4065 0 -0.596847 0 0.00670343 0
0.1905 12.4391 0 -0.598417 0 0.00672107 0
0.191 12.4718 0 -0.599988 0 0.00673871 0
0.1915 12.5044 0 -0.601559 0 0.00675635 0
0.192 12.5371 0 -0.603129 0 0.00677399 0
0.1925 12.5697 0 -0.6047 0 0.00679163 0
0.193 12.6023 0 -0.606271 0 0.00680927 0
0.1935 12.635 0 -0.607841 0 0.00682691 0
0.194 12.6676 0 -0.609412 0 0.00684455 0
0.1945 12.7003 0 -0.610982 0 0.00686219 0
0.195 12.7329 0 -0.612553 0 0.00687983 0
0.1955 12.7656 0 -0.614124 0 0.00689747 0
0.196 12.7982 0 -0.615694 0 0.00691512 0
0.1965 12.8309 0 -0.617265 0 0.00693276 0
0.197 12.8635 0 -0.618836 0 0.0069504 0
0.1975 12.8962 0 -0.620406 0 0.00696804 0
0.198 12.9288 0 -0.621977 0 0.00698568 0
0.1985 12.9615 0 -0.623548 0 0.00700332 0
0.199 12.9941 0 -0.625118 0 0.00702096 0
0.1995 13.0268 0 -0.626689 0 0.0070386 0
0.2 13.0594 0 -0.62826 0 0.00705624 0
0.2005 13.0921 0 -0.62983 0 0.00707388 0
0.201 13.1247 0 -0.631401 0 0.00709152 0
0.2015 13.1574 0 -0.632972 0 0.00710916 0
0.202 13.19 0 -0.634542 0 0.0071268 0
0.2025 13.2227 0 -0.636113 0 0.00714444 0
0.203 13.2553 0 -0.637684 0 0.00716208 0
0.2035 13.288 0 -0.639254 0 0.00717972 0
0.204 13.3206 0 -0.640825 0 0.00719737 0
0.2045 13.3533 0 -0.642395 0 0.00721501 0
0.205 13.3859 0 -0.643966 0 0.00723265 0
0.2055 13.4186 0 -0.645537 0 0.00725029 0
0.206 13.4512 0 -0.647107 0 0.00726793 0
0.2065 13.4839 0 -0.648678 0 0.00728557 0
0.207 13.5165 0 -0.650249 0 0.00730321 0
0.2075 13.5492 0 -0.651819 0 0.00732085 0
0.208 13.5818 0 -0.65339 0 0.00733849 0
0.2085 13.6145 0 -0.654961 0 0.00735613 0
0.209 13.6471 0 -0.656531 0 0.00737377 0
0.2095 13.6798 0 -0.658102 0 0.00739141 0
0.21 13.7124 0 -0.659673 0 0.00740905 0
0.2105 13.745 0 -0.661243 0 0.00742669 0
0.211 13.7777 0 -0.662814 0 0.00744433 0
0.2115 13.8103 0 -0.664385 0 0.00746197 0
0.212 13.843 0 -0.665955 0 0.00747961 0
0.2125 13.8756 0 -0.667526 0 0.00749726 0
0.213 13.9083 0 -0.669096 0 0.0075149 0
0.2135 13.9409 0 -0.670667 0 0.00753254 0
0.214 13.9736 0 -0.672238 0 0.00755018 0
0.2145 14.0062 0 -0.673808 0 0.00756782 0
0.215 14.0389 0 -0.675379 0 0.00758546 0
0.2155 14.0715 0 -0.67695 0 0.0076031 0
0.216 14.1042 0 -0.67852 0 0.00762074 0
0.2165 14.1368 0 -0.680091 0 0.00763838 0
0.217 14.1695 0 -0.681662 0 0.00765602 0
0.2175 14.2021 0 -0.683232 0 0.00767366 0
0.218 14.2348 0 -0.684803 0 0.0076913 0
0.2185 14.2674 0 -0.686374 0 0.00770894 0
0.219 14.3001 0 -0.687944 0 0.00772658 0
0.2195 14.3327 0 -0.689515 0 0.00774422 0
0.22 14.3654 0 -0.691086 0 0.00776186 0
0.2205 14.398 0 -0.692656 0 0.0077795 0
0.221 14.4307 0 -0.694227 0 0.00779715 0
0.2215 14.4633 0 -0.695798 0 0.00781479 0
0.222 14.496 0 -0.697368 0 0.00783243 0
0.2225 14.5286 0 -0.698939 0 0.00785007 0
0.223 14.5613 0 -0.700509 0 0.00786771 0
0.2235 14.5939 0 -0.70208 0 0.00788535 0
0.224 14.6266 0 -0.703651 0 0.00790299 0
0.2245 14.6592 0 -0.705221 0 0.00792063 0
0.225 14.6919 0 -0.706792 0 0.00793827 0
0.2255 14.7245 0 -0.708363 0 0.00795591 0
0.226 14.7572 0 -0.709933 0 0.00797355 0
0.2265 14.7898 0 -0.711504 0 0.00799119 0
0.227 14.8224 0 -0.713075 0 0.00800883 0
0.2275 14.8551 0 -0.714645 0 0.00802647 0
0.228 14.8877 0 -0.716216 0 0.00804411 0
0.2285 14.9204 0 -0.717787 0 0.00806175 0
0.229 14.953 0 -0.719357 0 0.0080794 0
0.2295 14.9857 0 -0.720928 0 0.00809704 0
0.23 15.0183 0 -0.722499 0 0.00811468 0
0.2305 15.051 0 -0.724069 0 0.00813232 0
0.231 15.0836 0 -0.72564 0 0.00814996 0
0.2315 15.1163 0 -0.727211 0 0.0081676 0
0.232 15.1489 0 -0.728781 0 0.00818524 0
0.2325 15.1816 0 -0.730352 0 0.00820288 0
0.233 15.2142 0 -0.731922 0 0.00822052 0
0.2335 15.2469 0 -0.733493 0 0.00823816 0
0.234 15.2795 0 -0.735064 0 0.0082558 0
0.2345 15.3122 0 -0.736634 0 0.00827344 0
0.235 15.3448 0 -0.738205 0 0.00829108 0
0.2355 15.3775 0 -0.739776 0 0.00830872 0
0.236 15.4101 0 -0.741346 0 0.00832636 0
0.2365 15.4428 0 -0.742917 0 0.008344 0
0.237 15.4754 0 -0.744488 0 0.00836164 0
0.2375 15.5081 0 -0.746058 0 0.00837929 0
0.238 15.5407 0 -0.747629 0 0.00839693 0
0.2385 15.5734 0 -0.7492 0 0.00841457 0
0.239 15.606 0 -0.75077 0 0.00843221 0
0.2395 15.6387 0 -0.752341 0 0.00844985 0
0.24 15.6713 0 -0.753912 0 0.00846749 0
0.2405 15.704 0 -0.755482 0 0.00848513 0
0.241 15.7366 0 -0.757053 0 0.00850277 0
0.2415 15.7693 0 -0.758623 0 0.00852041 0
0.242 15.8019 0 -0.760194 0 0.00853805 0
0.2425 15.8346 0 -0.761765 0 0.00855569 0
0.243 15.8672 0 -0.763335 0 0.00857333 0
0.2435 15.8999 0 -0.764906 0 0.00859097 0
0.244 15.9325 0 -0.766477 0 0.00860861 0
0.2445 15.9651 0 -0.768047 0 0.00862625 0
0.245 15.9978 0 -0.769618 0 0.00864389 0
0.2455 16.0304 0 -0.771189 0 0.00866154 0
0.246 16.0631 0 -0.772759 0 0.00867918 0
0.2465 16.0957 0 -0.77433 0 0.00869682 0
0.247 16.1284 0 -0.775901 0 0.00871446 0
0.2475 16.161 0 -0.777471 0 0.0087321 0
0.248 16.1937 0 -0.779042 0 0.00874974 0
0.2485 16.2263 0 -0.780613 0 0.00876738 0
0.249 16.259 0 -0.782183 0 0.00878502 0
0.2495 16.2916 0 -0.783754 0 0.00880266 0
0.25 16.3243 0 -0.785325 0 0.0088203 0
0.2505 16.3569 0 -0.786895 0 0.00883794 0
0.251 16.3896 0 -0.788466 0 0.00885558 0
0.2515 16.4222 0 -0.790036 0 0.00887322 0
0.252 16.4549 0 -0.791607 0 0.00889086 0
0.2525 16.4875 0 -0.793178 0 0.0089085 0
0.253 16.5202 0 -0.794748 0 0.00892614 0
0.2535 16.5528 0 -0.796319 0 0.00894378 0
0.254 16.5855 0 -0.79789 0 0.00896143 0
0.2545 16.6181 0 -0.79946 0 0.00897907 0
0.255 16.6508 0 -0.801031 0 0.00899671 0
0.2555 16.6834 0 -0.802602 0 0.00901435 0
0.256 16.7161 0 -0.804172 0 0.00903199 0
0.2565 16.7487 0 -0.805743 0 0.00904963 0
0.257 16.7814 0 -0.807314 0 0.00906727 0
0.2575 16.814 0 -0.808884 0 0.00908491 0
0.258 16.8467 0 -0.810455 0 0.00910255 0
0.2585 16.8793 0 -0.812026 0 0.00912019 0
0.259 16.912 0 -0.813596 0 0.00913783 0
0.2595 16.9446 0 -0.815167 0 0.00915547 0
0.26 16.9773 0 -0.816737 0 0.00917311 0
0.2605 17.0099 0 -0.818308 0 0.00919075 0
0.261 17.0426 0 -0.819879 0 0.00920839 0
0.2615 17.0752 0 -0.821449 0 0.00922603 0
0.262 17.1078 0 -0.82302 0 0.00924367 0
0.2625 17.1405 0 -0.824591 0 0.00926132 0
0.263 17.1731 0 -0.826161 0 0.00927896 0
0.2635 17.2058 0 -0.827732 0 0.0092966 0
0.264 17.2384 0 -0.829303 0 0.00931424 0
0.2645 17.2711 0 -0.830873 0 0.00933188 0
0.265 17.3037 0 -0.832444 0 0.00934952 0
0.2655 17.3364 0 -0.834015 0 0.00936716 0
0.266 17.369 0 -0.835585 0 0.0093848 0
0.2665 17.4017 0 -0.837156 0 0.00940244 0
0.267 17.4343 0 -0.838727 0 0.00942008 0
0.2675 17.467 0 -0.840297 0 0.00943772 0
0.268 17.4996 0 -0.841868 0 0.00945536 0
0.2685 17.5323 0 -0.843439 0 0.009473 0
0.269 17.5649 0 -0.845009 0 0.00949064 0
0.2695 17.5976 0 -0.84658 0 0.00950828 0
0.27 17.6302 0 -0.84815 0 0.00952592 0
0.2705 17.6629 0 -0.849721 0 0.00954357 0
0.271 17.6955 0 -0.851292 0 0.00956121 0
0.2715 17.7282 0 -0.852862 0 0.00957885 0
0.272 17.7608 0 -0.854433 0 0.00959649 0
0.2725 17.7935 0 -0.856004 0 0.00961413 0
0.273 17.8261 0 -0.857574 0 0.00963177 0
0.2735 17.8588 0 -0.859145 0 0.00964941 0
0.274 17.8914 0 -0.860716 0 0.00966705 0
0.2745 17.9241 0 -0.862286 0 0.00968469 0
0.275 17.9567 0 -0.863857 0 0.00970233 0
0.2755 17.9894 0 -0.865428 0 0.00971997 0
0.276 18.022 0 -0.866998 0 0.00973761 0
0.2765 18.0547 0 -0.868569 0 0.00975525 0
0.277 18.0873 0 -0.87014 0 0.00977289 0
0.2775 18.12 0 -0.87171 0 0.00979053 0
0.278 18.1526 0 -0.873281 0 0.00980817 0
0.2785 18.1853 0 -0.874852 0 0.00982581 0
0.279 18.2179 0 -0.876422 0 0.00984346 0
0.2795 18.2505 0 -0.877993 0 0.0098611 0
0.28 18.2832 0 -0.879563 0 0.00987874 0
0.2805 18.3158 0 -0.881134 0 0.00989638 0
0.281 18.3485 0 -0.882705 0 0.00991402 0
0.2815 18.3811 0 -0.884275 0 0.00993166 0
0.282 18.4138 0 -0.885846 0 0.0099493 0
0.2825 18.4464 0 -0.887417 0 0.00996694 0
0.283 18.4791 0 -0.888987 0 0.00998458 0
0.2835 18.5117 0 -0.890558 0 0.0100022 0
0.284 18.5444 0 -0.892129 0 0.0100199 0
0.2845 18.577 0 -0.893699 0 0.0100375 0
0.285 18.6097 0 -0.89527 0 0.0100551 0
0.2855 18.6423 0 -0.896841 0 0.0100728 0
0.286 18.675 0 -0.898411 0 0.0100904 0
0.2865 18.7076 0 -0.899982 0 0.0101081 0
0.287 18.7403 0 -0.901553 0 0.0101257 0
0.2875 18.7729 0 -0.903123 0 0.0101433 0
0.288 18.8056 0 -0.904694 0 0.010161 0
0.2885 18.8382 0 -0.906264 0 0.0101786 0
0.289 18.8709 0 -0.907835 0 0.0101963 0
0.2895 18.9035 0 -0.909406 0 0.0102139 0
0.29 18.9362 0 -0.910976 0 0.0102315 0
0.2905 18.9688 0 -0.912547 0 0.0102492 0
0.291 19.0015 0 -0.914118 0 0.0102668 0
0.2915 19.0341 0 -0.915688 0 0.0102845 0
0.292 19.0668 0 -0.917259 0 0.0103021 0
0.2925 19.0994 0 -0.91883 0 0.0103198 0
0.293 19.1321 0 -0.9204 0 0.0103374 0
0.2935 19.1647 0 -0.921971 0 0.010355 0
0.294 19.1974 0 -0.923542 0 0.0103727 0
0.2945 19.23 0 -0.925112 0 0.0103903 0
0.295 19.2627 0 -0.926683 0 0.010408 0
0.2955 19.2953 0 -0.928254 0 0.0104256 0
0.296 19.328 0 -0.929824 0 0.0104432 0
0.2965 19.3606 0 -0.931395 0 0.0104609 0
0.297 19.3932 0 -0.932966 0 0.0104785 0
0.2975 19.4259 0 -0.934536 0 0.0104962 0
0.298 19.4585 0 -0.936107 0 0.0105138 0
0.2985 19.4912 0 -0.937677 0 0.0105314 0
0.299 19.5238 0 -0.939248 0 0.0105491 0
0.2995 19.5565 0 -0.940819 0 0.0105667 0
0.3 19.5891 0 -0.942389 0 0.0105844 0
0.3005 19.6218 0 -0.94396 0 0.010602 0
0.301 19.6544 0 -0.945531 0 0.0106196 0
0.3015 19.6871 0 -0.947101 0 0.0106373 0
0.302 19.7197 0 -0.948672 0 0.0106549 0
0.3025 19.7524 0 -0.950243 0 0.0106726 0
0.303 19.785 0 -0.951813 0 0.0106902 0
0.3035 19.8177 0 -0.953384 0 0.0107078 0
0.304 19.8503 0 -0.954955 0 0.0107255 0
0.3045 19.883 0 -0.956525 0 0.0107431 0
0.305 19.9156 0 -0.958096 0 0.0107608 0
0.3055 19.9483 0 -0.959667 0 0.0107784 0
0.306 19.9809 0 -0.961237 0 0.010796 0
0.3065 20.0136 0 -0.962808 0 0.0108137 0
0.307 20.0462 0 -0.964379 0 0.0108313 0
0.3075 20.0789 0 -0.965949 0 0.010849 0
0.308 20.1115 0 -0.96752 0 0.0108666 0
0.3085 20.1442 0 -0.96909 0 0.0108843 0
0.309 20.1768 0 -0.970661 0 0.0109019 0
0.3095 20.2095 0 -0.972232 0 0.0109195 0
0.31 20.2421 0 -0.973802 0 0.0109372 0
0.3105 20.2748 0 -0.975373 0 0.0109548 0
0.311 20.3074 0 -0.976944 0 0.0109725 0
0.3115 20.3401 0 -0.978514 0 0.0109901 0
0.312 20.3727 0 -0.980085 0 0.0110077 0
0.3125 20.4054 0 -0.981656 0 0.0110254 0
0.313 20.438 0 -0.983226 0 0.011043 0
0.3135 20.4707 0 -0.984797 0 0.0110607 0
0.314 20.5033 0 -0.986368 0 0.0110783 0
0.3145 20.5359 0 -0.987938 0 0.0110959 0
0.315 20.5686 0 -0.989509 0 0.0111136 0
0.3155 20.6012 0 -0.99108 0 0.0111312 0
0.316 20.6339 0 -0.99265 0 0.0111489 0
0.3165 20.6665 0 -0.994221 0 0.0111665 0
0.317 20.6992 0 -0.995791 0 0.0111841 0
0.3175 20.7318 0 -0.997362 0 0.0112018 0
0.318 20.7645 0 -0.998933 0 0.0112194 0
0.3185 20.7971 0 -1.0005 0 0.0112371 0
0.319 20.8298 0 -1.00207 0 0.0112547 0
0.3195 20.8624 0 -1.00364 0 0.0112723 0
0.32 20.8951 0 -1.00522 0 0.01129 0
0.3205 20.9277 0 -1.00679 0 0.0113076 0
0.321 20.9604 0 -1.00836 0 0.0113253 0
0.3215 20.993 0 -1.00993 0 0.0113429 0
0.322 21.0257 0 -1.0115 0 0.0113605 0
0.3225 21.0583 0 -1.01307 0 0.0113782 0
0.323 21.091 0 -1.01464 0 0.0113958 0
0.3235 21.1236 0 -1.01621 0 0.0114135 0
0.324 21.1563 0 -1.01778 0 0.0114311 0
0.3245 21.1889 0 -1.01935 0 0.0114487 0
0.325 21.2216 0 -1.02092 0 0.0114664 0
0.3255 21.2542 0 -1.02249 0 0.011484 0
0.326 21.2869 0 -1.02406 0 0.0115017 0
0.3265 21.3195 0 -1.02563 0 0.0115193 0
0.327 21.3522 0 -1.0272 0 0.011537 0
0.3275 21.3848 0 -1.02878 0 0.0115546 0
0.328 21.4175 0 -1.03035 0 0.0115722 0
0.3285 21.4501 0 -1.03192 0 0.0115899 0
0.329 21.4828 0 -1.03349 0 0.0116075 0
0.3295 21.5154 0 -1.03506 0 0.0116252 0
0.33 21.5481 0 -1.03663 0 0.0116428 0
0.3305 21.5807 0 -1.0382 0 0.0116604 0
0.331 21.6134 0 -1.03977 0 0.0116781 0
0.3315 21.646 0 -1.04134 0 0.0116957 0
0.332 21.6786 0 -1.04291 0 0.0117134 0
0.3325 21.7113 0 -1.04448 0 0.011731 0
0.333 21.7439 0 -1.04605 0 0.0117486 0
0.3335 21.7766 0 -1.04762 0 0.0117663 0
0.334 21.8092 0 -1.04919 0 0.0117839 0
0.3345 21.8419 0 -1.05076 0 0.0118016 0
0.335 21.8745 0 -1.05233 0 0.0118192 0
0.3355 21.9072 0 -1.05391 0 0.0118368 0
0.336 21.9398 0 -1.05548 0 0.0118545 0
0.3365 21.9725 0 -1.05705 0 0.0118721 0
0.337 22.0051 0 -1.05862 0 0.0118898 0
0.3375 22.0378 0 -1.06019 0 0.0119074 0
0.338 22.0704 0 -1.06176 0 0.011925 0
0.3385 22.1031 0 -1.06333 0 0.0119427 0
0.339 22.1357 0 -1.0649 0 0.0119603 0
0.3395 22.1684 0 -1.06647 0 0.011978 0
0.34 22.201 0 -1.06804 0 0.0119956 0
0.3405 22.2337 0 -1.06961 0 0.0120132 0
0.341 22.2663 0 -1.07118 0 0.0120309 0
0.3415 22.299 0 -1.07275 0 0.0120485 0
0.342 22.3316 0 -1.07432 0 0.0120662 0
0.3425 22.3643 0 -1.07589 0 0.0120838 0
0.343 22.3969 0 -1.07747 0 0.0121015 0
0.3435 22.4296 0 -1.07904 0 0.0121191 0
0.344 22.4622 0 -1.08061 0 0.0121367 0
0.3445 22.4949 0 -1.08218 0 0.0121544 0
0.345 22.5275 0 -1.08375 0 0.012172 0
0.3455 22.5602 0 -1.08532 0 0.0121897 0
0.346 22.5928 0 -1.08689 0 0.0122073 0
0.3465 22.6255 0 -1.08846 0 0.0122249 0
0.347 22.6581 0 -1.09003 0 0.0122426 0
0.3475 22.6908 0 -1.0916 0 0.0122602 0
0.348 22.7234 0 -1.09317 0 0.0122779 0
0.3485 22.7561 0 -1.09474 0 0.0122955 0
0.349 22.7887 0 -1.09631 0 0.0123131 0
0.3495 22.8213 0 -1.09788 0 0.0123308 0
0.35 22.854 0 -1.09945 0 0.0123484 0
0.3505 22.8866 0 -1.10102 0 0.0123661 0
0.351 22.9193 0 -1.1026 0 0.0123837 0
0.3515 22.9519 0 -1.10417 0 0.0124013 0
0.352 22.9846 0 -1.10574 0 0.012419 0
0.3525 23.0172 0 -1.10731 0 0.0124366 0
0.353 23.0499 0 -1.10888 0 0.0124543 0
0.3535 23.0825 0 -1.11045 0 0.0124719 0
0.354 23.1152 0 -1.11202 0 0.0124895 0
0.3545 23.1478 0 -1.11359 0 0.0125072 0
0.355 23.1805 0 -1.11516 0 0.0125248 0
0.3555 23.2131 0 -1.11673 0 0.0125425 0
0.356 23.2458 0 -1.1183 0 0.0125601 0
0.3565 23.2784 0 -1.11987 0 0.0125777 0
0.357 23.3111 0 -1.12144 0 0.0125954 0
0.3575 23.3437 0 -1.12301 0 0.012613 0
0.358 23.3764 0 -1.12458 0 0.0126307 0
0.3585 23.409 0 -1.12616 0 0.0126483 0
0.359 23.4417 0 -1.12773 0 0.012666 0
0.3595 23.4743 0 -1.1293 0 0.0126836 0
0.36 23.507 0 -1.13087 0 0.0127012 0
0.3605 23.5396 0 -1.13244 0 0.0127189 0
0.361 23.5723 0 -1.13401 0 0.0127365 0
0.3615 23.6049 0 -1.13558 0 0.0127542 0
0.362 23.6376 0 -1.13715 0 0.0127718 0
0.3625 23.6702 0 -1.13872 0 0.0127894 0
0.363 23.7029 0 -1.14029 0 0.0128071 0
0.3635 23.7355 0 -1.14186 0 0.0128247 0
0.364 23.7682 0 -1.14343 0 0.0128424 0
0.3645 23.8008 0 -1.145 0 0.01286 0
0.365 23.8335 0 -1.14657 0 0.0128776 0
0.3655 23.8661 0 -1.14814 0 0.0128953 0
0.366 23.8988 0 -1.14972 0 0.0129129 0
0.3665 23.9314 0 -1.15129 0 0.0129306 0
0.367 23.964 0 -1.15286 0 0.0129482 0
0.3675 23.9967 0 -1.15443 0 0.0129658 0
0.368 24.0293 0 -1.156 0 0.0129835 0
0.3685 24.062 0 -1.15757 0 0.0130011 0
0.369 24.0946 0 -1.15914 0 0.0130188 0
0.3695 24.1273 0 -1.16071 0 0.0130364 0
0.37 24.1599 0 -1.16228 0 0.013054 0
0.3705 24.1926 0 -1.16385 0 0.0130717 0
0.371 24.2252 0 -1.16542 0 0.0130893 0
0.3715 24.2579 0 -1.16699 0 0.013107 0
0.372 24.2905 0 -1.16856 0 0.0131246 0
0.3725 24.3232 0 -1.17013 0 0.0131422 0
0.373 24.3558 0 -1.1717 0 0.0131599 0
0.3735 24.3885 0 -1.17327 0 0.0131775 0
0.374 24.4211 0 -1.17485 0 0.0131952 0
0.3745 24.4538 0 -1.17642 0 0.0132128 0
0.375 24.4864 0 -1.17799 0 0.0132305 0
0.3755 24.5191 0 -1.17956 0 0.0132481 0
0.376 24.5517 0 -1.18113 0 0.0132657 0
0.3765 24.5844 0 -1.1827 0 0.0132834 0
0.377 24.617 0 -1.18427 0 0.013301 0
0.3775 24.6497 0 -1.18584 0 0.0133187 0
0.378 24.6823 0 -1.18741 0 0.0133363 0
0.3785 24.715 0 -1.18898 0 0.0133539 0
0.379 24.7476 0 -1.19055 0 0.0133716 0
0.3795 24.7803 0 -1.19212 0 0.0133892 0
0.38 24.8129 0 -1.19369 0 0.0134069 0
0.3805 24.8456 0 -1.19526 0 0.0134245 0
0.381 24.8782 0 -1.19683 0 0.0134421 0
0.3815 24.9109 0 -1.19841 0 0.0134598 0
0.382 24.9435 0 -1.19998 0 0.0134774 0
0.3825 24.9762 0 -1.20155 0 0.0134951 0
0.383 25.0088 0 -1.20312 0 0.0135127 0
0.3835 25.0415 0 -1.20469 0 0.0135303 0
0.384 25.0741 0 -1.20626 0 0.013548 0
0.3845 25.1067 0 -1.20783 0 0.0135656 0
0.385 25.1394 0 -1.2094 0 0.0135833 0
0.3855 25.172 0 -1.21097 0 0.0136009 0
0.386 25.2047 0 -1.21254 0 0.0136185 0
0.3865 25.2373 0 -1.21411 0 0.0136362 0
0.387 25.27 0 -1.21568 0 0.0136538 0
0.3875 25.3026 0 -1.21725 0 0.0136715 0
0.388 25.3353 0 -1.21882 0 0.0136891 0
0.3885 25.3679 0 -1.22039 0 0.0137067 0
0.389 25.4006 0 -1.22196 0 0.0137244 0
0.3895 25.4332 0 -1.22354 0 0.013742 0
0.39 25.4659 0 -1.22511 0 0.0137597 0
0.3905 25.4985 0 -1.22668 0 0.0137773 0
0.391 25.5312 0 -1.22825 0 0.0137949 0
0.3915 25.5638 0 -1.22982 0 0.0138126 0
0.392 25.5965 0 -1.23139 0 0.0138302 0
0.3925 25.6291 0 -1.23296 0 0.0138479 0
0.393 25.6618 0 -1.23453 0 0.0138655 0
0.3935 25.6944 0 -1.2361 0 0.0138832 0
0.394 25.7271 0 -1.23767 0 0.0139008 0
0.3945 25.7597 0 -1.23924 0 0.0139184 0
0.395 25.7924 0 -1.24081 0 0.0139361 0
0.3955 25.825 0 -1.24238 0 0.0139537 0
0.396 25.8577 0 -1.24395 0 0.0139714 0
0.3965 25.8903 0 -1.24552 0 0.013989 0
0.397 25.923 0 -1.2471 0 0.0140066 0
0.3975 25.9556 0 -1.24867 0 0.0140243 0
0.398 25.9883 0 -1.25024 0 0.0140419 0
0.3985 26.0209 0 -1.25181 0 0.0140596 0
0.399 26.0536 0 -1.25338 0 0.0140772 0
0.3995 26.0862 0 -1.25495 0 0.0140948 0
0.4 26.1189 0 -1.25652 0 0.0141125 0
0.4005 26.1515 0 -1.25809 0 0.0141301 0
0.401 26.1842 0 -1.25966 0 0.0141478 0
0.4015 26.2168 0 -1.26123 0 0.0141654 0
0.402 26.2494 0 -1.2628 0 0.014183 0
0.4025 26.2821 0 -1.26437 0 0.0142007 0
0.403 26.3147 0 -1.26594 0 0.0142183 0
0.4035 26.3474 0 -1.26751 0 0.014236 0
0.404 26.38 0 -1.26908 0 0.0142536 0
0.4045 26.4127 0 -1.27066 0 0.0142712 0
0.405 26.4453 0 -1.27223 0 0.0142889 0
0.4055 26.478 0 -1.2738 0 0.0143065 0
0.406 26.5106 0 -1.27537 0 0.0143242 0
0.4065 26.5433 0 -1.27694 0 0.0143418 0
0.407 26.5759 0 -1.27851 0 0.0143594 0
0.4075 26.6086 0 -1.28008 0 0.0143771 0
0.408 26.6412 0 -1.28165 0 0.0143947 0
0.4085 26.6739 0 -1.28322 0 0.0144124 0
0.409 26.7065 0 -1.28479 0 0.01443 0
0.4095 26.7392 0 -1.28636 0 0.0144477 0
0.41 26.7718 0 -1.28793 0 0.0144653 0
0.4105 26.8045 0 -1.2895 0 0.0144829 0
0.411 26.8371 0 -1.29107 0 0.0145006 0
0.4115 26.8698 0 -1.29264 0 0.0145182 0
0.412 26.9024 0 -1.29421 0 0.0145359 0
0.4125 26.9351 0 -1.29579 0 0.0145535 0
0.413 26.9677 0 -1.29736 0 0.0145711 0
0.4135 27.0004 0 -1.29893 0 0.0145888 0
0.414 27.033 0 -1.3005 0 0.0146064 0
0.4145 27.0657 0 -1.30207 0 0.0146241 0
0.415 27.0983 0 -1.30364 0 0.0146417 0
0.4155 27.131 0 -1.30521 0 0.0146593 0
0.416 27.1636 0 -1.30678 0 0.014677 0
0.4165 27.1963 0 -1.30835 0 0.0146946 0
0.417 27.2289 0 -1.30992 0 0.0147123 0
0.4175 27.2616 0 -1.31149 0 0.0147299 0
0.418 27.2942 0 -1.31306 0 0.0147475 0
0.4185 27.3269 0 -1.31463 0 0.0147652 0
0.419 27.3595 0 -1.3162 0 0.0147828 0
0.4195 27.3921 0 -1.31777 0 0.0148005 0
0.42 27.4248 0 -1.31935 0 0.0148181 0
0.4205 27.4574 0 -1.32092 0 0.0148357 0
0.421 27.4901 0 -1.32249 0 0.0148534 0
0.4215 27.5227 0 -1.32406 0 0.014871 0
0.422 27.5554 0 -1.32563 0 0.0148887 0
0.4225 27.588 0 -1.3272 0 0.0149063 0
0.423 27.6207 0 -1.32877 0 0.0149239 0
0.4235 27.6533 0 -1.33034 0 0.0149416 0
0.424 27.686 0 -1.33191 0 0.0149592 0
0.4245 27.7186 0 -1.33348 0 0.0149769 0
0.425 27.7513 0 -1.33505 0 0.0149945 0
0.4255 27.7839 0 -1.33662 0 0.0150122 0
0.426 27.8166 0 -1.33819 0 0.0150298 0
0.4265 27.8492 0 -1.33976 0 0.0150474 0
0.427 27.8819 0 -1.34133 0 0.0150651 0
0.4275 27.9145 0 -1.3429 0 0.0150827 0
0.428 27.9472 0 -1.34448 0 0.0151004 0
0.4285 27.9798 0 -1.34605 0 0.015118 0
0.429 28.0125 0 -1.34762 0 0.0151356 0
0.4295 28.0451 0 -1.34919 0 0.0151533 0
0.43 28.0778 0 -1.35076 0 0.0151709 0
0.4305 28.1104 0 -1.35233 0 0.0151886 0
0.431 28.1431 0 -1.3539 0 0.0152062 0
0.4315 28.1757 0 -1.35547 0 0.0152238 0
0.432 28.2084 0 -1.35704 0 0.0152415 0
0.4325 28.241 0 -1.35861 0 0.0152591 0
0.433 28.2737 0 -1.36018 0 0.0152768 0
0.4335 28.3063 0 -1.36175 0 0.0152944 0
0.434 28.339 0 -1.36332 0 0.015312 0
0.4345 28.3716 0 -1.36489 0 0.0153297 0
0.435 28.4043 0 -1.36646 0 0.0153473 0
0.4355 28.4369 0 -1.36804 0 0.015365 0
0.436 28.4696 0 -1.36961 0 0.0153826 0
0.4365 28.5022 0 -1.37118 0 0.0154002 0
0.437 28.5348 0 -1.37275 0 0.0154179 0
0.4375 28.5675 0 -1.37432 0 0.0154355 0
0.438 28.6001 0 -1.37589 0 0.0154532 0
0.4385 28.6328 0 -1.37746 0 0.0154708 0
0.439 28.6654 0 -1.37903 0 0.0154884 0
0.4395 28.6981 0 -1.3806 0 0.0155061 0
0.44 28.7307 0 -1.38217 0 0.0155237 0
0.4405 28.7634 0 -1.38374 0 0.0155414 0
0.441 28.796 0 -1.38531 0 0.015559 0
0.4415 28.8287 0 -1.38688 0 0.0155767 0
0.442 28.8613 0 -1.38845 0 0.0155943 0
0.4425 28.894 0 -1.39002 0 0.0156119 0
0.443 28.9266 0 -1.3916 0 0.0156296 0
0.4435 28.9593 0 -1.39317 0 0.0156472 0
0.444 28.9919 0 -1.39474 0 0.0156649 0
0.4445 29.0246 0 -1.39631 0 0.0156825 0
0.445 29.0572 0 -1.39788 0 0.0157001 0
0.4455 29.0899 0 -1.39945 0 0.0157178 0
0.446 29.1225 0 -1.40102 0 0.0157354 0
0.4465 29.1552 0 -1.40259 0 0.0157531 0
0.447 29.1878 0 -1.40416 0 0.0157707 0
0.4475 29.2205 0 -1.40573 0 0.0157883 0
0.448 29.2531 0 -1.4073 0 0.015806 0
0.4485 29.2858 0 -1.40887 0 0.0158236 0
0.449 29.3184 0 -1.41044 0 0.0158413 0
0.4495 29.3511 0 -1.41201 0 0.0158589 0
0.45 29.3837 0 -1.41358 0 0.0158765 0
0.4505 29.4164 0 -1.41515 0 0.0158942 0
0.451 29.449 0 -1.41673 0 0.0159118 0
0.4515 29.4817 0 -1.4183 0 0.0159295 0
0.452 29.5143 0 -1.41987 0 0.0159471 0
0.4525 29.547 0 -1.42144 0 0.0159647 0
0.453 29.5796 0 -1.42301 0 0.0159824 0
0.4535 29.6123 0 -1.42458 0 0.016 0
0.454 29.6449 0 -1.42615 0 0.0160177 0
0.4545 29.6775 0 -1.42772 0 0.0160353 0
0.455 29.7102 0 -1.42929 0 0.0160529 0
0.4555 29.7428 0 -1.43086 0 0.0160706 0
0.456 29.7755 0 -1.43243 0 0.0160882 0
0.4565 29.8081 0 -1.434 0 0.0161059 0
0.457 29.8408 0 -1.43557 0 0.0161235 0
0.4575 29.8734 0 -1.43714 0 0.0161411 0
0.458 29.9061 0 -1.43871 0 0.0161588 0
0.4585 29.9387 0 -1.44029 0 0.0161764 0
0.459 29.9714 0 -1.44186 0 0.0161941 0
0.4595 30.004 0 -1.44343 0 0.0162117 0
0.46 30.0367 0 -1.445 0 0.0162294 0
0.4605 30.0693 0 -1.44657 0 0.016247 0
0.461 30.102 0 -1.44814 0 0.0162646 0
0.4615 30.1346 0 -1.44971 0 0.0162823 0
0.462 30.1673 0 -1.45128 0 0.0162999 0
0.4625 30.1999 0 -1.45285 0 0.0163176 0
0.463 30.2326 0 -1.45442 0 0.0163352 0
0.4635 30.2652 0 -1.45599 0 0.0163528 0
0.464 30.2979 0 -1.45756 0 0.0163705 0
0.4645 30.3305 0 -1.45913 0 0.0163881 0
0.465 30.3632 0 -1.4607 0 0.0164058 0
0.4655 30.3958 0 -1.46227 0 0.0164234 0
0.466 30.4285 0 -1.46384 0 0.016441 0
0.4665 30.4611 0 -1.46542 0 0.0164587 0
0.467 30.4938 0 -1.46699 0 0.0164763 0
0.4675 30.5264 0 -1.46856 0 0.016494 0
0.468 30.5591 0 -1.47013 0 0.0165116 0
0.4685 30.5917 0 -1.4717 0 0.0165292 0
0.469 30.6244 0 -1.47327 0 0.0165469 0
0.4695 30.657 0 -1.47484 0 0.0165645 0
0.47 30.6897 0 -1.47641 0 0.0165822 0
0.4705 30.7223 0 -1.47798 0 0.0165998 0
0.471 30.755 0 -1.47955 0 0.0166174 0
0.4715 30.7876 0 -1.48112 0 0.0166351 0
0.472 30.8202 0 -1.48269 0 0.0166527 0
0.4725 30.8529 0 -1.48426 0 0.0166704 0
0.473 30.8855 0 -1.48583 0 0.016688 0
0.4735 30.9182 0 -1.4874 0 0.0167056 0
0.474 30.9508 0 -1.48898 0 0.0167233 0
0.4745 30.9835 0 -1.49055 0 0.0167409 0
0.475 31.0161 0 -1.49212 0 0.0167586 0
0.4755 31.0488 0 -1.49369 0 0.0167762 0
0.476 31.0814 0 -1.49526 0 0.0167939 0
0.4765 31.1141 0 -1.49683 0 0.0168115 0
0.477 31.1467 0 -1.4984 0 0.0168291 0
0.4775 31.1794 0 -1.49997 0 0.0168468 0
0.478 31.212 0 -1.50154 0 0.0168644 0
0.4785 31.2447 0 -1.50311 0 0.0168821 0
0.479 31.2773 0 -1.50468 0 0.0168997 0
0.4795 31.31 0 -1.50625 0 0.0169173 0
0.48 31.3426 0 -1.50782 0 0.016935 0
0.4805 31.3753 0 -1.50939 0 0.0169526 0
0.481 31.4079 0 -1.51096 0 0.0169703 0
0.4815 31.4406 0 -1.51254 0 0.0169879 0
0.482 31.4732 0 -1.51411 0 0.0170055 0
0.4825 31.5059 0 -1.51568 0 0.0170232 0
0.483 31.5385 0 -1.51725 0 0.0170408 0
0.4835 31.5712 0 -1.51882 0 0.0170585 0
0.484 31.6038 0 -1.52039 0 0.0170761 0
0.4845 31.6365 0 -1.52196 0 0.0170937 0
0.485 31.6691 0 -1.52353 0 0.0171114 0
0.4855 31.7018 0 -1.5251 0 0.017129 0
0.486 31.7344 0 -1.52667 0 0.0171467 0
0.4865 31.7671 0 -1.52824 0 0.0171643 0
0.487 31.7997 0 -1.52981 0 0.0171819 0
0.4875 31.8324 0 -1.53138 0 0.0171996 0
0.488 31.865 0 -1.53295 0 0.0172172 0
0.4885 31.8977 0 -1.53452 0 0.0172349 0
0.489 31.9303 0 -1.53609 0 0.0172525 0
0.4895 31.9629 0 -1.53767 0 0.0172701 0
0.49 31.9956 0 -1.53924 0 0.0172878 0
0.4905 32.0282 0 -1.54081 0 0.0173054 0
0.491 32.0609 0 -1.54238 0 0.0173231 0
0.4915 32.0935 0 -1.54395 0 0.0173407 0
0.492 32.1262 0 -1.54552 0 0.0173584 0
0.4925 32.1588 0 -1.54709 0 0.017376 0
0.493 32.1915 0 -1.54866 0 0.0173936 0
0.4935 32.2241 0 -1.55023 0 0.0174113 0
0.494 32.2568 0 -1.5518 0 0.0174289 0
0.4945 32.2894 0 -1.55337 0 0.0174466 0
0.495 32.3221 0 -1.55494 0 0.0174642 0
0.4955 32.3547 0 -1.55651 0 0.0174818 0
0.496 32.3874 0 -1.55808 0 0.0174995 0
0.4965 32.42 0 -1.55965 0 0.0175171 0
0.497 32.4527 0 -1.56123 0 0.0175348 0
0.4975 32.4853 0 -1.5628 0 0.0175524 0
0.498 32.518 0 -1.56437 0 0.01757 0
0.4985 32.5506 0 -1.56594 0 0.0175877 0
0.499 32.5833 0 -1.56751 0 0.0176053 0
0.4995 32.6159 0 -1.56908 0 0.017623 0
0.5 32.6486 0 -1.57065 0 0.0176406 0
0.5005 32.6812 0 -1.57222 0 0.0176582 0
0.501 32.7139 0 -1.57379 0 0.0176759 0
0.5015 32.7465 0 -1.57536 0 0.0176935 0
0.502 32.7792 0 -1.57693 0 0.0177112 0
0.5025 32.8118 0 -1.5785 0 0.0177288 0
0.503 32.8445 0 -1.58007 0 0.0177464 0
0.5035 32.8771 0 -1.58164 0 0.0177641 0
0.504 32.9098 0 -1.58321 0 0.0177817 0
0.5045 32.9424 0 -1.58478 0 0.0177994 0
0.505 32.9751 0 -1.58636 0 0.017817 0
0.5055 33.0077 0 -1.58793 0 0.0178346 0
0.506 33.0404 0 -1.5895 0 0.0178523 0
0.5065 33.073 0 -1.59107 0 0.0178699 0
0.507 33.1056 0 -1.59264 0 0.0178876 0
0.5075 33.1383 0 -1.59421 0 0.0179052 0
0.508 33.1709 0 -1.59578 0 0.0179229 0
0.5085 33.2036 0 -1.59735 0 0.0179405 0
0.509 33.2362 0 -1.59892 0 0.0179581 0
0.5095 33.2689 0 -1.60049 0 0.0179758 0
0.51 33.3015 0 -1.60206 0 0.0179934 0
0.5105 33.3342 0 -1.60363 0 0.0180111 0
0.511 33.3668 0 -1.6052 0 0.0180287 0
0.5115 33.3995 0 -1.60677 0 0.0180463 0
0.512 33.4321 0 -1.60834 0 0.018064 0
0.5125 33.4648 0 -1.60992 0 0.0180816 0
0.513 33.4974 0 -1.61149 0 0.0180993 0
0.5135 33.5301 0 -1.61306 0 0.0181169 0
0.514 33.5627 0 -1.61463 0 0.0181345 0
0.5145 33.5954 0 -1.6162 0 0.0181522 0
0.515 33.628 0 -1.61777 0 0.0181698 0
0.5155 33.6607 0 -1.61934 0 0.0181875 0
0.516 33.6933 0 -1.62091 0 0.0182051 0
0.5165 33.726 0 -1.62248 0 0.0182227 0
0.517 33.7586 0 -1.62405 0 0.0182404 0
0.5175 33.7913 0 -1.62562 0 0.018258 0
0.518 33.8239 0 -1.62719 0 0.0182757 0
0.5185 33.8566 0 -1.62876 0 0.0182933 0
0.519 33.8892 0 -1.63033 0 0.0183109 0
0.5195 33.9219 0 -1.6319 0 0.0183286 0
0.52 33.9545 0 -1.63347 0 0.0183462 0
0.5205 33.9872 0 -1.63505 0 0.0183639 0
0.521 34.0198 0 -1.63662 0 0.0183815 0
0.5215 34.0525 0 -1.63819 0 0.0183991 0
0.522 34.0851 0 -1.63976 0 0.0184168 0
0.5225 34.1178 0 -1.64133 0 0.0184344 0
0.523 34.1504 0 -1.6429 0 0.0184521 0
0.5235 34.1831 0 -1.64447 0 0.0184697 0
0.524 34.2157 0 -1.64604 0 0.0184873 0
0.5245 34.2483 0 -1.64761 0 0.018505 0
0.525 34.281 0 -1.64918 0 0.0185226 0
0.5255 34.3136 0 -1.65075 0 0.0185403 0
0.526 34.3463 0 -1.65232 0 0.0185579 0
0.5265 34.3789 0 -1.65389 0 0.0185756 0
0.527 34.4116 0 -1.65546 0 0.0185932 0
0.5275 34.4442 0 -1.65703 0 0.0186108 0
0.528 34.4769 0 -1.65861 0 0.0186285 0
0.5285 34.5095 0 -1.66018 0 0.0186461 0
0.529 34.5422 0 -1.66175 0 0.0186638 0
0.5295 34.5748 0 -1.66332 0 0.0186814 0
0.53 34.6075 0 -1.66489 0 0.018699 0
0.5305 34.6401 0 -1.66646 0 0.0187167 0
0.531 34.6728 0 -1.66803 0 0.0187343 0
0.5315 34.7054 0 -1.6696 0 0.018752 0
0.532 34.7381 0 -1.67117 0 0.0187696 0
0.5325 34.7707 0 -1.67274 0 0.0187872 0
0.533 34.8034 0 -1.67431 0 0.0188049 0
0.5335 34.836 0 -1.67588 0 0.0188225 0
0.534 34.8687 0 -1.67745 0 0.0188402 0
0.5345 34.9013 0 -1.67902 0 0.0188578 0
0.535 34.934 0 -1.68059 0 0.0188754 0
0.5355 34.9666 0 -1.68217 0 0.0188931 0
0.536 34.9993 0 -1.68374 0 0.0189107 0
0.5365 35.0319 0 -1.68531 0 0.0189284 0
0.537 35.0646 0 -1.68688 0 0.018946 0
0.5375 35.0972 0 -1.68845 0 0.0189636 0
0.538 35.1299 0 -1.69002 0 0.0189813 0
0.5385 35.1625 0 -1.69159 0 0.0189989 0
0.539 35.1952 0 -1.69316 0 0.0190166 0
0.5395 35.2278 0 -1.69473 0 0.0190342 0
0.54 35.2605 0 -1.6963 0 0.0190518 0
0.5405 35.2931 0 -1.69787 0 0.0190695 0
0.541 35.3258 0 -1.69944 0 0.0190871 0
0.5415 35.3584 0 -1.70101 0 0.0191048 0
0.542 35.391 0 -1.70258 0 0.0191224 0
0.5425 35.4237 0 -1.70415 0 0.0191401 0
0.543 35.4563 0 -1.70572 0 0.0191577 0
0.5435 35.489 0 -1.7073 0 0.0191753 0
0.544 35.5216 0 -1.70887 0 0.019193 0
0.5445 35.5543 0 -1.71044 0 0.0192106 0
0.545 35.5869 0 -1.71201 0 0.0192283 0
0.5455 35.6196 0 -1.71358 0 0.0192459 0
0.546 35.6522 0 -1.71515 0 0.0192635 0
0.5465 35.6849 0 -1.71672 0 0.0192812 0
0.547 35.7175 0 -1.71829 0 0.0192988 0
0.5475 35.7502 0 -1.71986 0 0.0193165 0
0.548 35.7828 0 -1.72143 0 0.0193341 0
0.5485 35.8155 0 -1.723 0 0.0193517 0
0.549 35.8481 0 -1.72457 0 0.0193694 0
0.5495 35.8808 0 -1.72614 0 0.019387 0
0.55 35.9134 0 -1.72771 0 0.0194047 0
0.5505 35.9461 0 -1.72928 0 0.0194223 0
0.551 35.9787 0 -1.73086 0 0.0194399 0
0.5515 36.0114 0 -1.73243 0 0.0194576 0
0.552 36.044 0 -1.734 0 0.0194752 0
0.5525 36.0767 0 -1.73557 0 0.0194929 0
0.553 36.1093 0 -1.73714 0 0.0195105 0
0.5535 36.142 0 -1.73871 0 0.0195281 0
0.554 36.1746 0 -1.74028 0 0.0195458 0
0.5545 36.2073 0 -1.74185 0 0.0195634 0
0.555 36.2399 0 -1.74342 0 0.0195811 0
0.5555 36.2726 0 -1.74499 0 0.0195987 0
0.556 36.3052 0 -1.74656 0 0.0196163 0
0.5565 36.3379 0 -1.74813 0 0.019634 0
0.557 36.3705 0 -1.7497 0 0.0196516 0
0.5575 36.4032 0 -1.75127 0 0.0196693 0
0.558 36.4358 0 -1.75284 0 0.0196869 0
0.5585 36.4685 0 -1.75441 0 0.0197046 0
0.559 36.5011 0 -1.75599 0 0.0197222 0
0.5595 36.5337 0 -1.75756 0 0.0197398 0
0.56 36.5664 0 -1.75913 0 0.0197575 0
0.5605 36.599 0 -1.7607 0 0.0197751 0
0.561 36.6317 0 -1.76227 0 0.0197928 0
0.5615 36.6643 0 -1.76384 0 0.0198104 0
0.562 36.697 0 -1.76541 0 0.019828 0
0.5625 36.7296 0 -1.76698 0 0.0198457 0
0.563 36.7623 0 -1.76855 0 0.0198633 0
0.5635 36.7949 0 -1.77012 0 0.019881 0
0.564 36.8276 0 -1.77169 0 0.0198986 0
0.5645 36.8602 0 -1.77326 0 0.0199162 0
0.565 36.8929 0 -1.77483 0 0.0199339 0
0.5655 36.9255 0 -1.7764 0 0.0199515 0
0.566 36.9582 0 -1.77797 0 0.0199692 0
0.5665 36.9908 0 -1.77955 0 0.0199868 0
0.567 37.0235 0 -1.78112 0 0.0200044 0
0.5675 37.0561 0 -1.78269 0 0.0200221 0
0.568 37.0888 0 -1.78426 0 0.0200397 0
0.5685 37.1214 0 -1.78583 0 0.0200574 0
0.569 37.1541 0 -1.7874 0 0.020075 0
0.5695 37.1867 0 -1.78897 0 0.0200926 0
0.57 37.2194 0 -1.79054 0 0.0201103 0
0.5705 37.252 0 -1.79211 0 0.0201279 0
0.571 37.2847 0 -1.79368 0 0.0201456 0
0.5715 37.3173 0 -1.79525 0 0.0201632 0
0.572 37.35 0 -1.79682 0 0.0201808 0
0.5725 37.3826 0 -1.79839 0 0.0201985 0
0.573 37.4153 0 -1.79996 0 0.0202161 0
0.5735 37.4479 0 -1.80153 0 0.0202338 0
0.574 37.4806 0 -1.80311 0 0.0202514 0
0.5745 37.5132 0 -1.80468 0 0.0202691 0
0.575 37.5459 0 -1.80625 0 0.0202867 0
0.5755 37.5785 0 -1.80782 0 0.0203043 0
0.576 37.6112 0 -1.80939 0 0.020322 0
0.5765 37.6438 0 -1.81096 0 0.0203396 0
0.577 37.6764 0 -1.81253 0 0.0203573 0
0.5775 37.7091 0 -1.8141 0 0.0203749 0
0.578 37.7417 0 -1.81567 0 0.0203925 0
0.5785 37.7744 0 -1.81724 0 0.0204102 0
0.579 37.807 0 -1.81881 0 0.0204278 0
0.5795 37.8397 0 -1.82038 0 0.0204455 0
0.58 37.8723 0 -1.82195 0 0.0204631 0
0.5805 37.905 0 -1.82352 0 0.0204807 0
0.581 37.9376 0 -1.82509 0 0.0204984 0
0.5815 37.9703 0 -1.82666 0 0.020516 0
0.582 38.0029 0 -1.82824 0 0.0205337 0
0.5825 38.0356 0 -1.82981 0 0.0205513 0
0.583 38.0682 0 -1.83138 0 0.0205689 0
0.5835 38.1009 0 -1.83295 0 0.0205866 0
0.584 38.1335 0 -1.83452 0 0.0206042 0
0.5845 38.1662 0 -1.83609 0 0.0206219 0
0.585 38.1988 0 -1.83766 0 0.0206395 0
0.5855 38.2315 0 -1.83923 0 0.0206571 0
0.586 38.2641 0 -1.8408 0 0.0206748 0
0.5865 38.2968 0 -1.84237 0 0.0206924 0
0.587 38.3294 0 -1.84394 0 0.0207101 0
0.5875 38.3621 0 -1.84551 0 0.0207277 0
0.588 38.3947 0 -1.84708 0 0.0207453 0
0.5885 38.4274 0 -1.84865 0 0.020763 0
0.589 38.46 0 -1.85022 0 0.0207806 0
0.5895 38.4927 0 -1.8518 0 0.0207983 0
0.59 38.5253 0 -1.85337 0 0.0208159 0
0.5905 38.558 0 -1.85494 0 0.0208335 0
0.591 38.5906 0 -1.85651 0 0.0208512 0
0.5915 38.6233 0 -1.85808 0 0.0208688 0
0.592 38.6559 0 -1.85965 0 0.0208865 0
0.5925 38.6886 0 -1.86122 0 0.0209041 0
0.593 38.7212 0 -1.86279 0 0.0209218 0
0.5935 38.7539 0 -1.86436 0 0.0209394 0
0.594 38.7865 0 -1.86593 0 0.020957 0
0.5945 38.8191 0 -1.8675 0 0.0209747 0
0.595 38.8518 0 -1.86907 0 0.0209923 0
0.5955 38.8844 0 -1.87064 0 0.02101 0
0.596 38.9171 0 -1.87221 0 0.0210276 0
0.5965 38.9497 0 -1.87378 0 0.0210452 0
0.597 38.9824 0 -1.87535 0 0.0210629 0
0.5975 39.015 0 -1.87693 0 0.0210805 0
0.598 39.0477 0 -1.8785 0 0.0210982 0
0.5985 39.0803 0 -1.88007 0 0.0211158 0
0.599 39.113 0 -1.88164 0 0.0211334 0
0.5995 39.1456 0 -1.88321 0 0.0211511 0
0.6 39.1783 0 -1.88478 0 0.0211687 0
0.6005 39.2109 0 -1.88635 0 0.0211864 0
0.601 39.2436 0 -1.88792 0 0.021204 0
0.6015 39.2762 0 -1.88949 0 0.0212216 0
0.602 39.3089 0 -1.89106 0 0.0212393 0
0.6025 39.3415 0 -1.89263 0 0.0212569 0
0.603 39.3742 0 -1.8942 0 0.0212746 0
0.6035 39.4068 0 -1.89577 0 0.0212922 0
0.604 39.4395 0 -1.89734 0 0.0213098 0
0.6045 39.4721 0 -1.89891 0 0.0213275 0
0.605 39.5048 0 -1.90049 0 0.0213451 0
0.6055 39.5374 0 -1.90206 0 0.0213628 0
0.606 39.5701 0 -1.90363 0 0.0213804 0
0.6065 39.6027 0 -1.9052 0 0.021398 0
0.607 39.6354 0 -1.90677 0 0.0214157 0
0.6075 39.668 0 -1.90834 0 0.0214333 0
0.608 39.7007 0 -1.90991 0 0.021451 0
0.6085 39.7333 0 -1.91148 0 0.0214686 0
0.609 39.766 0 -1.91305 0 0.0214863 0
0.6095 39.7986 0 -1.91462 0 0.0215039 0
0.61 39.8313 0 -1.91619 0 0.0215215 0
0.6105 39.8639 0 -1.91776 0 0.0215392 0
0.611 39.8966 0 -1.91933 0 0.0215568 0
0.6115 39.9292 0 -1.9209 0 0.0215745 0
0.612 39.9618 0 -1.92247 0 0.0215921 0
0.6125 39.9945 0 -1.92405 0 0.0216097 0
0.613 40.0271 0 -1.92562 0 0.0216274 0
0.6135 40.0598 0 -1.92719 0 0.021645 0
0.614 40.0924 0 -1.92876 0 0.0216627 0
0.6145 40.1251 0 -1.93033 0 0.0216803 0
0.615 40.1577 0 -1.9319 0 0.0216979 0
0.6155 40.1904 0 -1.93347 0 0.0217156 0
0.616 40.223 0 -1.93504 0 0.0217332 0
0.6165 40.2557 0 -1.93661 0 0.0217509 0
0.617 40.2883 0 -1.93818 0 0.0217685 0
0.6175 40.321 0 -1.93975 0 0.0217861 0
0.618 40.3536 0 -1.94132 0 0.0218038 0
0.6185 40.3863 0 -1.94289 0 0.0218214 0
0.619 40.4189 0 -1.94446 0 0.0218391 0
0.6195 40.4516 0 -1.94603 0 0.0218567 0
0.62 40.4842 0 -1.9476 0 0.0218743 0
0.6205 40.5169 0 -1.94918 0 0.021892 0
0.621 40.5495 0 -1.95075 0 0.0219096 0
0.6215 40.5822 0 -1.95232 0 0.0219273 0
0.622 40.6148 0 -1.95389 0 0.0219449 0
0.6225 40.6475 0 -1.95546 0 0.0219625 0
0.623 40.6801 0 -1.95703 0 0.0219802 0
0.6235 40.7128 0 -1.9586 0 0.0219978 0
0.624 40.7454 0 -1.96017 0 0.0220155 0
0.6245 40.7781 0 -1.96174 0 0.0220331 0
0.625 40.8107 0 -1.96331 0 0.0220508 0
0.6255 40.8434 0 -1.96488 0 0.0220684 0
0.626 40.876 0 -1.96645 0 0.022086 0
0.6265 40.9087 0 -1.96802 0 0.0221037 0
0.627 40.9413 0 -1.96959 0 0.0221213 0
0.6275 40.974 0 -1.97116 0 0.022139 0
0.628 41.0066 0 -1.97274 0 0.0221566 0
0.6285 41.0393 0 -1.97431 0 0.0221742 0
0.629 41.0719 0 -1.97588 0 0.0221919 0
0.6295 41.1045 0 -1.97745 0 0.0222095 0
0.63 41.1372 0 -1.97902 0 0.0222272 0
0.6305 41.1698 0 -1.98059 0 0.0222448 0
0.631 41.2025 0 -1.98216 0 0.0222624 0
0.6315 41.2351 0 -1.98373 0 0.0222801 0
0.632 41.2678 0 -1.9853 0 0.0222977 0
0.6325 41.3004 0 -1.98687 0 0.0223154 0
0.633 41.3331 0 -1.98844 0 0.022333 0
0.6335 41.3657 0 -1.99001 0 0.0223506 0
0.634 41.3984 0 -1.99158 0 0.0223683 0
0.6345 41.431 0 -1.99315 0 0.0223859 0
0.635 41.4637 0 -1.99472 0 0.0224036 0
0.6355 41.4963 0 -1.99629 0 0.0224212 0
0.636 41.529 0 -1.99787 0 0.0224388 0
0.6365 41.5616 0 -1.99944 0 0.0224565 0
0.637 41.5943 0 -2.00101 0 0.0224741 0
0.6375 41.6269 0 -2.00258 0 0.0224918 0
0.638 41.6596 0 -2.00415 0 0.0225094 0
0.6385 41.6922 0 -2.00572 0 0.022527 0
0.639 41.7249 0 -2.00729 0 0.0225447 0
0.6395 41.7575 0 -2.00886 0 0.0225623 0
0.64 41.7902 0 -2.01043 0 0.02258 0
0.6405 41.8228 0 -2.012 0 0.0225976 0
0.641 41.8555 0 -2.01357 0 0.0226153 0
0.6415 41.8881 0 -2.01514 0 0.0226329 0
0.642 41.9208 0 -2.01671 0 0.0226505 0
0.6425 41.9534 0 -2.01828 0 0.0226682 0
0.643 41.9861 0 -2.01985 0 0.0226858 0
0.6435 42.0187 0 -2.02143 0 0.0227035 0
0.644 42.0514 0 -2.023 0 0.0227211 0
0.6445 42.084 0 -2.02457 0 0.0227387 0
0.645 42.1167 0 -2.02614 0 0.0227564 0
0.6455 42.1493 0 -2.02771 0 0.022774 0
0.646 42.182 0 -2.02928 0 0.0227917 0
0.6465 42.2146 0 -2.03085 0 0.0228093 0
0.647 42.2472 0 -2.03242 0 0.0228269 0
0.6475 42.2799 0 -2.03399 0 0.0228446 0
0.648 42.3125 0 -2.03556 0 0.0228622 0
0.6485 42.3452 0 -2.03713 0 0.0228799 0
0.649 42.3778 0 -2.0387 0 0.0228975 0
0.6495 42.4105 0 -2.04027 0 0.0229151 0
0.65 42.4431 0 -2.04184 0 0.0229328 0
0.6505 42.4758 0 -2.04341 0 0.0229504 0
0.651 42.5084 0 -2.04499 0 0.0229681 0
0.6515 42.5411 0 -2.04656 0 0.0229857 0
0.652 42.5737 0 -2.04813 0 0.0230033 0
0.6525 42.6064 0 -2.0497 0 0.023021 0
0.653 42.639 0 -2.05127 0 0.0230386 0
0.6535 42.6717 0 -2.05284 0 0.0230563 0
0.654 42.7043 0 -2.05441 0 0.0230739 0
0.6545 42.737 0 -2.05598 0 0.0230915 0
0.655 42.7696 0 -2.05755 0 0.0231092 0
0.6555 42.8023 0 -2.05912 0 0.0231268 0
0.656 42.8349 0 -2.06069 0 0.0231445 0
0.6565 42.8676 0 -2.06226 0 0.0231621 0
0.657 42.9002 0 -2.06383 0 0.0231797 0
0.6575 42.9329 0 -2.0654 0 0.0231974 0
0.658 42.9655 0 -2.06697 0 0.023215 0
0.6585 42.9982 0 -2.06854 0 0.0232327 0
0.659 43.0308 0 -2.07012 0 0.0232503 0
0.6595 43.0635 0 -2.07169 0 0.023268 0
0.66 43.0961 0 -2.07326 0 0.0232856 0
0.6605 43.1288 0 -2.07483 0 0.0233032 0
0.661 43.1614 0 -2.0764 0 0.0233209 0
0.6615 43.1941 0 -2.07797 0 0.0233385 0
0.662 43.2267 0 -2.07954 0 0.0233562 0
0.6625 43.2594 0 -2.08111 0 0.0233738 0
0.663 43.292 0 -2.08268 0 0.0233914 0
0.6635 43.3247 0 -2.08425 0 0.0234091 0
0.664 43.3573 0 -2.08582 0 0.0234267 0
0.6645 43.3899 0 -2.08739 0 0.0234444 0
0.665 43.4226 0 -2.08896 0 0.023462 0
0.6655 43.4552 0 -2.09053 0 0.0234796 0
0.666 43.4879 0 -2.0921 0 0.0234973 0
0.6665 43.5205 0 -2.09368 0 0.0235149 0
0.667 43.5532 0 -2.09525 0 0.0235326 0
0.6675 43.5858 0 -2.09682 0 0.0235502 0
0.668 43.6185 0 -2.09839 0 0.0235678 0
0.6685 43.6511 0 -2.09996 0 0.0235855 0
0.669 43.6838 0 -2.10153 0 0.0236031 0
0.6695 43.7164 0 -2.1031 0 0.0236208 0
0.67 43.7491 0 -2.10467 0 0.0236384 0
0.6705 43.7817 0 -2.10624 0 0.023656 0
0.671 43.8144 0 -2.10781 0 0.0236737 0
0.6715 43.847 0 -2.10938 0 0.0236913 0
0.672 43.8797 0 -2.11095 0 0.023709 0
0.6725 43.9123 0 -2.11252 0 0.0237266 0
0.673 43.945 0 -2.11409 0 0.0237442 0
0.6735 43.9776 0 -2.11566 0 0.0237619 0
0.674 44.0103 0 -2.11723 0 0.0237795 0
0.6745 44.0429 0 -2.11881 0 0.0237972 0
0.675 44.0756 0 -2.12038 0 0.0238148 0
0.6755 44.1082 0 -2.12195 0 0.0238325 0
0.676 44.1409 0 -2.12352 0 0.0238501 0
0.6765 44.1735 0 -2.12509 0 0.0238677 0
0.677 44.2062 0 -2.12666 0 0.0238854 0
0.6775 44.2388 0 -2.12823 0 0.023903 0
0.678 44.2715 0 -2.1298 0 0.0239207 0
0.6785 44.3041 0 -2.13137 0 0.0239383 0
0.679 44.3368 0 -2.13294 0 0.0239559 0
0.6795 44.3694 0 -2.13451 0 0.0239736 0
0.68 44.4021 0 -2.13608 0 0.0239912 0
0.6805 44.4347 0 -2.13765 0 0.0240089 0
0.681 44.4673 0 -2.13922 0 0.0240265 0
0.6815 44.5 0 -2.14079 0 0.0240441 0
0.682 44.5326 0 -2.14237 0 0.0240618 0
0.6825 44.5653 0 -2.14394 0 0.0240794 0
0.683 44.5979 0 -2.14551 0 0.0240971 0
0.6835 44.6306 0 -2.14708 0 0.0241147 0
0.684 44.6632 0 -2.14865 0 0.0241323 0
0.6845 44.6959 0 -2.15022 0 0.02415 0
0.685 44.7285 0 -2.15179 0 0.0241676 0
0.6855 44.7612 0 -2.15336 0 0.0241853 0
0.686 44.7938 0 -2.15493 0 0.0242029 0
0.6865 44.8265 0 -2.1565 0 0.0242205 0
0.687 44.8591 0 -2.15807 0 0.0242382 0
0.6875 44.8918 0 -2.15964 0 0.0242558 0
0.688 44.9244 0 -2.16121 0 0.0242735 0
0.6885 44.9571 0 -2.16278 0 0.0242911 0
0.689 44.9897 0 -2.16435 0 0.0243087 0
0.6895 45.0224 0 -2.16593 0 0.0243264 0
0.69 45.055 0 -2.1675 0 0.024344 0
0.6905 45.0877 0 -2.16907 0 0.0243617 0
0.691 45.1203 0 -2.17064 0 0.0243793 0
0.6915 45.153 0 -2.17221 0 0.024397 0
0.692 45.1856 0 -2.17378 0 0.0244146 0
0.6925 45.2183 0 -2.17535 0 0.0244322 0
0.693 45.2509 0 -2.17692 0 0.0244499 0
0.6935 45.2836 0 -2.17849 0 0.0244675 0
0.694 45.3162 0 -2.18006 0 0.0244852 0
0.6945 45.3489 0 -2.18163 0 0.0245028 0
0.695 45.3815 0 -2.1832 0 0.0245204 0
0.6955 45.4142 0 -2.18477 0 0.0245381 0
0.696 45.4468 0 -2.18634 0 0.0245557 0
0.6965 45.4795 0 -2.18791 0 0.0245734 0
0.697 45.5121 0 -2.18948 0 0.024591 0
0.6975 45.5448 0 -2.19106 0 0.0246086 0
0.698 45.5774 0 -2.19263 0 0.0246263 0
0.6985 45.61 0 -2.1942 0 0.0246439 0
0.699 45.6427 0 -2.19577 0 0.0246616 0
0.6995 45.6753 0 -2.19734 0 0.0246792 0
0.7 45.708 0 -2.19891 0 0.0246968 0
0.7005 45.7406 0 -2.20048 0 0.0247145 0
0.701 45.7733 0 -2.20205 0 0.0247321 0
0.7015 45.8059 0 -2.20362 0 0.0247498 0
0.702 45.8386 0 -2.20519 0 0.0247674 0
0.7025 45.8712 0 -2.20676 0 0.024785 0
0.703 45.9039 0 -2.20833 0 0.0248027 0
0.7035 45.9365 0 -2.2099 0 0.0248203 0
0.704 45.9692 0 -2.21147 0 0.024838 0
0.7045 46.0018 0 -2.21304 0 0.0248556 0
0.705 46.0345 0 -2.21462 0 0.0248732 0
0.7055 46.0671 0 -2.21619 0 0.0248909 0
0.706 46.0998 0 -2.21776 0 0.0249085 0
0.7065 46.1324 0 -2.21933 0 0.0249262 0
0.707 46.1651 0 -2.2209 0 0.0249438 0
0.7075 46.1977 0 -2.22247 0 0.0249615 0
0.708 46.2304 0 -2.22404 0 0.0249791 0
0.7085 46.263 0 -2.22561 0 0.0249967 0
0.709 46.2957 0 -2.22718 0 0.0250144 0
0.7095 46.3283 0 -2.22875 0 0.025032 0
0.71 46.361 0 -2.23032 0 0.0250497 0
0.7105 46.3936 0 -2.23189 0 0.0250673 0
0.711 46.4263 0 -2.23346 0 0.0250849 0
0.7115 46.4589 0 -2.23503 0 0.0251026 0
0.712 46.4916 0 -2.2366 0 0.0251202 0
0.7125 46.5242 0 -2.23817 0 0.0251379 0
0.713 46.5569 0 -2.23975 0 0.0251555 0
0.7135 46.5895 0 -2.24132 0 0.0251731 0
0.714 46.6222 0 -2.24289 0 0.0251908 0
0.7145 46.6548 0 -2.24446 0 0.0252084 0
0.715 46.6875 0 -2.24603 0 0.0252261 0
0.7155 46.7201 0 -2.2476 0 0.0252437 0
0.716 46.7527 0 -2.24917 0 0.0252613 0
0.7165 46.7854 0 -2.25074 0 0.025279 0
0.717 46.818 0 -2.25231 0 0.0252966 0
0.7175 46.8507 0 -2.25388 0 0.0253143 0
0.718 46.8833 0 -2.25545 0 0.0253319 0
0.7185 46.916 0 -2.25702 0 0.0253495 0
0.719 46.9486 0 -2.25859 0 0.0253672 0
0.7195 46.9813 0 -2.26016 0 0.0253848 0
0.72 47.0139 0 -2.26173 0 0.0254025 0
0.7205 47.0466 0 -2.26331 0 0.0254201 0
0.721 47.0792 0 -2.26488 0 0.0254377 0
0.7215 47.1119 0 -2.26645 0 0.0254554 0
0.722 47.1445 0 -2.26802 0 0.025473 0
0.7225 47.1772 0 -2.26959 0 0.0254907 0
0.723 47.2098 0 -2.27116 0 0.0255083 0
0.7235 47.2425 0 -2.27273 0 0.0255259 0
0.724 47.2751 0 -2.2743 0 0.0255436 0
0.7245 47.3078 0 -2.27587 0 0.0255612 0
0.725 47.3404 0 -2.27744 0 0.0255789 0
0.7255 47.3731 0 -2.27901 0 0.0255965 0
0.726 47.4057 0 -2.28058 0 0.0256142 0
0.7265 47.4384 0 -2.28215 0 0.0256318 0
0.727 47.471 0 -2.28372 0 0.0256494 0
0.7275 47.5037 0 -2.28529 0 0.0256671 0
0.728 47.5363 0 -2.28686 0 0.0256847 0
0.7285 47.569 0 -2.28844 0 0.0257024 0
0.729 47.6016 0 -2.29001 0 0.02572 0
0.7295 47.6343 0 -2.29158 0 0.0257376 0
0.73 47.6669 0 -2.29315 0 0.0257553 0
0.7305 47.6996 0 -2.29472 0 0.0257729 0
0.731 47.7322 0 -2.29629 0 0.0257906 0
0.7315 47.7649 0 -2.29786 0 0.0258082 0
0.732 47.7975 0 -2.29943 0 0.0258258 0
0.7325 47.8302 0 -2.301 0 0.0258435 0
0.733 47.8628 0 -2.30257 0 0.0258611 0
0.7335 47.8954 0 -2.30414 0 0.0258788 0
0.734 47.9281 0 -2.30571 0 0.0258964 0
0.7345 47.9607 0 -2.30728 0 0.025914 0
0.735 47.9934 0 -2.30885 0 0.0259317 0
0.7355 48.026 0 -2.31042 0 0.0259493 0
0.736 48.0587 0 -2.312 0 0.025967 0
0.7365 48.0913 0 -2.31357 0 0.0259846 0
0.737 48.124 0 -2.31514 0 0.0260022 0
0.7375 48.1566 0 -2.31671 0 0.0260199 0
0.738 48.1893 0 -2.31828 0 0.0260375 0
0.7385 48.2219 0 -2.31985 0 0.0260552 0
0.739 48.2546 0 -2.32142 0 0.0260728 0
0.7395 48.2872 0 -2.32299 0 0.0260904 0
0.74 48.3199 0 -2.32456 0 0.0261081 0
0.7405 48.3525 0 -2.32613 0 0.0261257 0
0.741 48.3852 0 -2.3277 0 0.0261434 0
0.7415 48.4178 0 -2.32927 0 0.026161 0
0.742 48.4505 0 -2.33084 0 0.0261787 0
0.7425 48.4831 0 -2.33241 0 0.0261963 0
0.743 48.5158 0 -2.33398 0 0.0262139 0
0.7435 48.5484 0 -2.33556 0 0.0262316 0
0.744 48.5811 0 -2.33713 0 0.0262492 0
0.7445 48.6137 0 -2.3387 0 0.0262669 0
0.745 48.6464 0 -2.34027 0 0.0262845 0
0.7455 48.679 0 -2.34184 0 0.0263021 0
0.746 48.7117 0 -2.34341 0 0.0263198 0
0.7465 48.7443 0 -2.34498 0 0.0263374 0
0.747 48.777 0 -2.34655 0 0.0263551 0
0.7475 48.8096 0 -2.34812 0 0.0263727 0
0.748 48.8423 0 -2.34969 0 0.0263903 0
0.7485 48.8749 0 -2.35126 0 0.026408 0
0.749 48.9076 0 -2.35283 0 0.0264256 0
0.7495 48.9402 0 -2.3544 0 0.0264433 0
0.75 48.9729 0 -2.35597 0 0.0264609 0
0.7505 49.0055 0 -2.35754 0 0.0264785 0
0.751 49.0381 0 -2.35911 0 0.0264962 0
0.7515 49.0708 0 -2.36069 0 0.0265138 0
0.752 49.1034 0 -2.36226 0 0.0265315 0
0.7525 49.1361 0 -2.36383 0 0.0265491 0
0.753 49.1687 0 -2.3654 0 0.0265667 0
0.7535 49.2014 0 -2.36697 0 0.0265844 0
0.754 49.234 0 -2.36854 0 0.026602 0
0.7545 49.2667 0 -2.37011 0 0.0266197 0
0.755 49.2993 0 -2.37168 0 0.0266373 0
0.7555 49.332 0 -2.37325 0 0.0266549 0
0.756 49.3646 0 -2.37482 0 0.0266726 0
0.7565 49.3973 0 -2.37639 0 0.0266902 0
0.757 49.4299 0 -2.37796 0 0.0267079 0
0.7575 49.4626 0 -2.37953 0 0.0267255 0
0.758 49.4952 0 -2.3811 0 0.0267432 0
0.7585 49.5279 0 -2.38267 0 0.0267608 0
0.759 49.5605 0 -2.38425 0 0.0267784 0
0.7595 49.5932 0 -2.38582 0 0.0267961 0
0.76 49.6258 0 -2.38739 0 0.0268137 0
0.7605 49.6585 0 -2.38896 0 0.0268314 0
0.761 49.6911 0 -2.39053 0 0.026849 0
0.7615 49.7238 0 -2.3921 0 0.0268666 0
0.762 49.7564 0 -2.39367 0 0.0268843 0
0.7625 49.7891 0 -2.39524 0 0.0269019 0
0.763 49.8217 0 -2.39681 0 0.0269196 0
0.7635 49.8544 0 -2.39838 0 0.0269372 0
0.764 49.887 0 -2.39995 0 0.0269548 0
0.7645 49.9197 0 -2.40152 0 0.0269725 0
0.765 49.9523 0 -2.40309 0 0.0269901 0
0.7655 49.985 0 -2.40466 0 0.0270078 0
0.766 50.0176 0 -2.40623 0 0.0270254 0
0.7665 50.0503 0 -2.4078 0 0.027043 0
0.767 50.0829 0 -2.40938 0 0.0270607 0
0.7675 50.1156 0 -2.41095 0 0.0270783 0
0.768 50.1482 0 -2.41252 0 0.027096 0
0.7685 50.1808 0 -2.41409 0 0.0271136 0
0.769 50.2135 0 -2.41566 0 0.0271312 0
0.7695 50.2461 0 -2.41723 0 0.0271489 0
0.77 50.2788 0 -2.4188 0 0.0271665 0
0.7705 50.3114 0 -2.42037 0 0.0271842 0
0.771 50.3441 0 -2.42194 0 0.0272018 0
0.7715 50.3767 0 -2.42351 0 0.0272194 0
0.772 50.4094 0 -2.42508 0 0.0272371 0
0.7725 50.442 0 -2.42665 0 0.0272547 0
0.773 50.4747 0 -2.42822 0 0.0272724 0
0.7735 50.5073 0 -2.42979 0 0.02729 0
0.774 50.54 0 -2.43136 0 0.0273077 0
0.7745 50.5726 0 -2.43294 0 0.0273253 0
0.775 50.6053 0 -2.43451 0 0.0273429 0
0.7755 50.6379 0 -2.43608 0 0.0273606 0
0.776 50.6706 0 -2.43765 0 0.0273782 0
0.7765 50.7032 0 -2.43922 0 0.0273959 0
0.777 50.7359 0 -2.44079 0 0.0274135 0
0.7775 50.7685 0 -2.44236 0 0.0274311 0
0.778 50.8012 0 -2.44393 0 0.0274488 0
0.7785 50.8338 0 -2.4455 0 0.0274664 0
0.779 50.8665 0 -2.44707 0 0.0274841 0
0.7795 50.8991 0 -2.44864 0 0.0275017 0
0.78 50.9318 0 -2.45021 0 0.0275193 0
0.7805 50.9644 0 -2.45178 0 0.027537 0
0.781 50.9971 0 -2.45335 0 0.0275546 0
0.7815 51.0297 0 -2.45492 0 0.0275723 0
0.782 51.0624 0 -2.4565 0 0.0275899 0
0.7825 51.095 0 -2.45807 0 0.0276075 0
0.783 51.1277 0 -2.45964 0 0.0276252 0
0.7835 51.1603 0 -2.46121 0 0.0276428 0
0.784 51.193 0 -2.46278 0 0.0276605 0
0.7845 51.2256 0 -2.46435 0 0.0276781 0
0.785 51.2583 0 -2.46592 0 0.0276957 0
0.7855 51.2909 0 -2.46749 0 0.0277134 0
0.786 51.3235 0 -2.46906 0 0.027731 0
0.7865 51.3562 0 -2.47063 0 0.0277487 0
0.787 51.3888 0 -2.4722 0 0.0277663 0
0.7875 51.4215 0 -2.47377 0 0.0277839 0
0.788 51.4541 0 -2.47534 0 0.0278016 0
0.7885 51.4868 0 -2.47691 0 0.0278192 0
0.789 51.5194 0 -2.47848 0 0.0278369 0
0.7895 51.5521 0 -2.48005 0 0.0278545 0
0.79 51.5847 0 -2.48163 0 0.0278721 0
0.7905 51.6174 0 -2.4832 0 0.0278898 0
0.791 51.65 0 -2.48477 0 0.0279074 0
0.7915 51.6827 0 -2.48634 0 0.0279251 0
0.792 51.7153 0 -2.48791 0 0.0279427 0
0.7925 51.748 0 -2.48948 0 0.0279604 0
0.793 51.7806 0 -2.49105 0 0.027978 0
0.7935 51.8133 0 -2.49262 0 0.0279956 0
0.794 51.8459 0 -2.49419 0 0.0280133 0
0.7945 51.8786 0 -2.49576 0 0.0280309 0
0.795 51.9112 0 -2.49733 0 0.0280486 0
0.7955 51.9439 0 -2.4989 0 0.0280662 0
0.796 51.9765 0 -2.50047 0 0.0280838 0
0.7965 52.0092 0 -2.50204 0 0.0281015 0
0.797 52.0418 0 -2.50361 0 0.0281191 0
0.7975 52.0745 0 -2.50519 0 0.0281368 0
0.798 52.1071 0 -2.50676 0 0.0281544 0
0.7985 52.1398 0 -2.50833 0 0.028172 0
0.799 52.1724 0 -2.5099 0 0.0281897 0
0.7995 52.2051 0 -2.51147 0 0.0282073 0
0.8 52.2377 0 -2.51304 0 0.028225 0
0.8005 52.2704 0 -2.51461 0 0.0282426 0
0.801 52.303 0 -2.51618 0 0.0282602 0
0.8015 52.3357 0 -2.51775 0 0.0282779 0
0.802 52.3683 0 -2.51932 0 0.0282955 0
0.8025 52.401 0 -2.52089 0 0.0283132 0
0.803 52.4336 0 -2.52246 0 0.0283308 0
0.8035 52.4662 0 -2.52403 0 0.0283484 0
0.804 52.4989 0 -2.5256 0 0.0283661 0
0.8045 52.5315 0 -2.52717 0 0.0283837 0
0.805 52.5642 0 -2.52874 0 0.0284014 0
0.8055 52.5968 0 -2.53032 0 0.028419 0
0.806 52.6295 0 -2.53189 0 0.0284366 0
0.8065 52.6621 0 -2.53346 0 0.0284543 0
0.807 52.6948 0 -2.53503 0 0.0284719 0
0.8075 52.7274 0 -2.5366 0 0.0284896 0
0.808 52.7601 0 -2.53817 0 0.0285072 0
0.8085 52.7927 0 -2.53974 0 0.0285249 0
0.809 52.8254 0 -2.54131 0 0.0285425 0
0.8095 52.858 0 -2.54288 0 0.0285601 0
0.81 52.8907 0 -2.54445 0 0.0285778 0
0.8105 52.9233 0 -2.54602 0 0.0285954 0
0.811 52.956 0 -2.54759 0 0.0286131 0
0.8115 52.9886 0 -2.54916 0 0.0286307 0
0.812 53.0213 0 -2.55073 0 0.0286483 0
0.8125 53.0539 0 -2.5523 0 0.028666 0
0.813 53.0866 0 -2.55388 0 0.0286836 0
0.8135 53.1192 0 -2.55545 0 0.0287013 0
0.814 53.1519 0 -2.55702 0 0.0287189 0
0.8145 53.1845 0 -2.55859 0 0.0287365 0
0.815 53.2172 0 -2.56016 0 0.0287542 0
0.8155 53.2498 0 -2.56173 0 0.0287718 0
0.816 53.2825 0 -2.5633 0 0.0287895 0
0.8165 53.3151 0 -2.56487 0 0.0288071 0
0.817 53.3478 0 -2.56644 0 0.0288247 0
0.8175 53.3804 0 -2.56801 0 0.0288424 0
0.818 53.4131 0 -2.56958 0 0.02886 0
0.8185 53.4457 0 -2.57115 0 0.0288777 0
0.819 53.4784 0 -2.57272 0 0.0288953 0
0.8195 53.511 0 -2.57429 0 0.0289129 0
0.82 53.5437 0 -2.57586 0 0.0289306 0
0.8205 53.5763 0 -2.57744 0 0.0289482 0
0.821 53.6089 0 -2.57901 0 0.0289659 0
0.8215 53.6416 0 -2.58058 0 0.0289835 0
0.822 53.6742 0 -2.58215 0 0.0290011 0
0.8225 53.7069 0 -2.58372 0 0.0290188 0
0.823 53.7395 0 -2.58529 0 0.0290364 0
0.8235 53.7722 0 -2.58686 0 0.0290541 0
0.824 53.8048 0 -2.58843 0 0.0290717 0
0.8245 53.8375 0 -2.59 0 0.0290894 0
0.825 53.8701 0 -2.59157 0 0.029107 0
0.8255 53.9028 0 -2.59314 0 0.0291246 0
0.826 53.9354 0 -2.59471 0 0.0291423 0
0.8265 53.9681 0 -2.59628 0 0.0291599 0
0.827 54.0007 0 -2.59785 0 0.0291776 0
0.8275 54.0334 0 -2.59942 0 0.0291952 0
0.828 54.066 0 -2.60099 0 0.0292128 0
0.8285 54.0987 0 -2.60257 0 0.0292305 0
0.829 54.1313 0 -2.60414 0 0.0292481 0
0.8295 54.164 0 -2.60571 0 0.0292658 0
0.83 54.1966 0 -2.60728 0 0.0292834 0
0.8305 54.2293 0 -2.60885 0 0.029301 0
0.831 54.2619 0 -2.61042 0 0.0293187 0
0.8315 54.2946 0 -2.61199 0 0.0293363 0
0.832 54.3272 0 -2.61356 0 0.029354 0
0.8325 54.3599 0 -2.61513 0 0.0293716 0
0.833 54.3925 0 -2.6167 0 0.0293892 0
0.8335 54.4252 0 -2.61827 0 0.0294069 0
0.834 54.4578 0 -2.61984 0 0.0294245 0
0.8345 54.4905 0 -2.62141 0 0.0294422 0
0.835 54.5231 0 -2.62298 0 0.0294598 0
0.8355 54.5558 0 -2.62455 0 0.0294774 0
0.836 54.5884 0 -2.62613 0 0.0294951 0
0.8365 54.6211 0 -2.6277 0 0.0295127 0
0.837 54.6537 0 -2.62927 0 0.0295304 0
0.8375 54.6864 0 -2.63084 0 0.029548 0
0.838 54.719 0 -2.63241 0 0.0295656 0
0.8385 54.7516 0 -2.63398 0 0.0295833 0
0.839 54.7843 0 -2.63555 0 0.0296009 0
0.8395 54.8169 0 -2.63712 0 0.0296186 0
0.84 54.8496 0 -2.63869 0 0.0296362 0
0.8405 54.8822 0 -2.64026 0 0.0296539 0
0.841 54.9149 0 -2.64183 0 0.0296715 0
0.8415 54.9475 0 -2.6434 0 0.0296891 0
0.842 54.9802 0 -2.64497 0 0.0297068 0
0.8425 55.0128 0 -2.64654 0 0.0297244 0
0.843 55.0455 0 -2.64811 0 0.0297421 0
0.8435 55.0781 0 -2.64968 0 0.0297597 0
0.844 55.1108 0 -2.65126 0 0.0297773 0
0.8445 55.1434 0 -2.65283 0 0.029795 0
0.845 55.1761 0 -2.6544 0 0.0298126 0
0.8455 55.2087 0 -2.65597 0 0.0298303 0
0.846 55.2414 0 -2.65754 0 0.0298479 0
0.8465 55.274 0 -2.65911 0 0.0298655 0
0.847 55.3067 0 -2.66068 0 0.0298832 0
0.8475 55.3393 0 -2.66225 0 0.0299008 0
0.848 55.372 0 -2.66382 0 0.0299185 0
0.8485 55.4046 0 -2.66539 0 0.0299361 0
0.849 55.4373 0 -2.66696 0 0.0299537 0
0.8495 55.4699 0 -2.66853 0 0.0299714 0
0.85 55.5026 0 -2.6701 0 0.029989 0
0.8505 55.5352 0 -2.67167 0 0.0300067 0
0.851 55.5679 0 -2.67324 0 0.0300243 0
0.8515 55.6005 0 -2.67482 0 0.0300419 0
0.852 55.6332 0 -2.67639 0 0.0300596 0
0.8525 55.6658 0 -2.67796 0 0.0300772 0
0.853 55.6985 0 -2.67953 0 0.0300949 0
0.8535 55.7311 0 -2.6811 0 0.0301125 0
0.854 55.7638 0 -2.68267 0 0.0301301 0
0.8545 55.7964 0 -2.68424 0 0.0301478 0
0.855 55.8291 0 -2.68581 0 0.0301654 0
0.8555 55.8617 0 -2.68738 0 0.0301831 0
0.856 55.8943 0 -2.68895 0 0.0302007 0
0.8565 55.927 0 -2.69052 0 0.0302183 0
0.857 55.9596 0 -2.69209 0 0.030236 0
0.8575 55.9923 0 -2.69366 0 0.0302536 0
0.858 56.0249 0 -2.69523 0 0.0302713 0
0.8585 56.0576 0 -2.6968 0 0.0302889 0
0.859 56.0902 0 -2.69838 0 0.0303066 0
0.8595 56.1229 0 -2.69995 0 0.0303242 0
0.86 56.1555 0 -2.70152 0 0.0303418 0
0.8605 56.1882 0 -2.70309 0 0.0303595 0
0.861 56.2208 0 -2.70466 0 0.0303771 0
0.8615 56.2535 0 -2.70623 0 0.0303948 0
0.862 56.2861 0 -2.7078 0 0.0304124 0
0.8625 56.3188 0 -2.70937 0 0.03043 0
0.863 56.3514 0 -2.71094 0 0.0304477 0
0.8635 56.3841 0 -2.71251 0 0.0304653 0
0.864 56.4167 0 -2.71408 0 0.030483 0
0.8645 56.4494 0 -2.71565 0 0.0305006 0
0.865 56.482 0 -2.71722 0 0.0305182 0
0.8655 56.5147 0 -2.71879 0 0.0305359 0
0.866 56.5473 0 -2.72036 0 0.0305535 0
0.8665 56.58 0 -2.72193 0 0.0305712 0
0.867 56.6126 0 -2.72351 0 0.0305888 0
0.8675 56.6453 0 -2.72508 0 0.0306064 0
0.868 56.6779 0 -2.72665 0 0.0306241 0
0.8685 56.7106 0 -2.72822 0 0.0306417 0
0.869 56.7432 0 -2.72979 0 0.0306594 0
0.8695 56.7759 0 -2.73136 0 0.030677 0
0.87 56.8085 0 -2.73293 0 0.0306946 0
0.8705 56.8412 0 -2.7345 0 0.0307123 0
0.871 56.8738 0 -2.73607 0 0.0307299 0
0.8715 56.9065 0 -2.73764 0 0.0307476 0
0.872 56.9391 0 -2.73921 0 0.0307652 0
0.8725 56.9718 0 -2.74078 0 0.0307828 0
0.873 57.0044 0 -2.74235 0 0.0308005 0
0.8735 57.037 0 -2.74392 0 0.0308181 0
0.874 57.0697 0 -2.74549 0 0.0308358 0
0.8745 57.1023 0 -2.74707 0 0.0308534 0
0.875 57.135 0 -2.74864 0 0.0308711 0
0.8755 57.1676 0 -2.75021 0 0.0308887 0
0.876 57.2003 0 -2.75178 0 0.0309063 0
0.8765 57.2329 0 -2.75335 0 0.030924 0
0.877 57.2656 0 -2.75492 0 0.0309416 0
0.8775 57.2982 0 -2.75649 0 0.0309593 0
0.878 57.3309 0 -2.75806 0 0.0309769 0
0.8785 57.3635 0 -2.75963 0 0.0309945 0
0.879 57.3962 0 -2.7612 0 0.0310122 0
0.8795 57.4288 0 -2.76277 0 0.0310298 0
0.88 57.4615 0 -2.76434 0 0.0310475 0
0.8805 57.4941 0 -2.76591 0 0.0310651 0
0.881 57.5268 0 -2.76748 0 0.0310827 0
0.8815 57.5594 0 -2.76905 0 0.0311004 0
0.882 57.5921 0 -2.77062 0 0.031118 0
0.8825 57.6247 0 -2.7722 0 0.0311357 0
0.883 57.6574 0 -2.77377 0 0.0311533 0
0.8835 57.69 0 -2.77534 0 0.0311709 0
0.884 57.7227 0 -2.77691 0 0.0311886 0
0.8845 57.7553 0 -2.77848 0 0.0312062 0
0.885 57.788 0 -2.78005 0 0.0312239 0
0.8855 57.8206 0 -2.78162 0 0.0312415 0
0.886 57.8533 0 -2.78319 0 0.0312591 0
0.8865 57.8859 0 -2.78476 0 0.0312768 0
0.887 57.9186 0 -2.78633 0 0.0312944 0
0.8875 57.9512 0 -2.7879 0 0.0313121 0
0.888 57.9839 0 -2.78947 0 0.0313297 0
0.8885 58.0165 0 -2.79104 0 0.0313473 0
0.889 58.0492 0 -2.79261 0 0.031365 0
0.8895 58.0818 0 -2.79418 0 0.0313826 0
0.89 58.1145 0 -2.79576 0 0.0314003 0
0.8905 58.1471 0 -2.79733 0 0.0314179 0
0.891 58.1797 0 -2.7989 0 0.0314356 0
0.8915 58.2124 0 -2.80047 0 0.0314532 0
0.892 58.245 0 -2.80204 0 0.0314708 0
0.8925 58.2777 0 -2.80361 0 0.0314885 0
0.893 58.3103 0 -2.80518 0 0.0315061 0
0.8935 58.343 0 -2.80675 0 0.0315238 0
0.894 58.3756 0 -2.80832 0 0.0315414 0
0.8945 58.4083 0 -2.80989 0 0.031559 0
0.895 58.4409 0 -2.81146 0 0.0315767 0
0.8955 58.4736 0 -2.81303 0 0.0315943 0
0.896 58.5062 0 -2.8146 0 0.031612 0
0.8965 58.5389 0 -2.81617 0 0.0316296 0
0.897 58.5715 0 -2.81774 0 0.0316472 0
0.8975 58.6042 0 -2.81932 0 0.0316649 0
0.898 58.6368 0 -2.82089 0 0.0316825 0
0.8985 58.6695 0 -2.82246 0 0.0317002 0
0.899 58.7021 0 -2.82403 0 0.0317178 0
0.8995 58.7348 0 -2.8256 0 0.0317354 0
0.9 58.7674 0 -2.82717 0 0.0317531 0
0.9005 58.8001 0 -2.82874 0 0.0317707 0
0.901 58.8327 0 -2.83031 0 0.0317884 0
0.9015 58.8654 0 -2.83188 0 0.031806 0
0.902 58.898 0 -2.83345 0 0.0318236 0
0.9025 58.9307 0 -2.83502 0 0.0318413 0
0.903 58.9633 0 -2.83659 0 0.0318589 0
0.9035 58.996 0 -2.83816 0 0.0318766 0
0.904 59.0286 0 -2.83973 0 0.0318942 0
0.9045 59.0613 0 -2.8413 0 0.0319118 0
0.905 59.0939 0 -2.84287 0 0.0319295 0
0.9055 59.1266 0 -2.84445 0 0.0319471 0
0.906 59.1592 0 -2.84602 0 0.0319648 0
0.9065 59.1919 0 -2.84759 0 0.0319824 0
0.907 59.2245 0 -2.84916 0 0.032 0
0.9075 59.2572 0 -2.85073 0 0.0320177 0
0.908 59.2898 0 -2.8523 0 0.0320353 0
0.9085 59.3224 0 -2.85387 0 0.032053 0
0.909 59.3551 0 -2.85544 0 0.0320706 0
0.9095 59.3877 0 -2.85701 0 0.0320883 0
0.91 59.4204 0 -2.85858 0 0.0321059 0
0.9105 59.453 0 -2.86015 0 0.0321235 0
0.911 59.4857 0 -2.86172 0 0.0321412 0
0.9115 59.5183 0 -2.86329 0 0.0321588 0
0.912 59.551 0 -2.86486 0 0.0321765 0
0.9125 59.5836 0 -2.86643 0 0.0321941 0
0.913 59.6163 0 -2.86801 0 0.0322117 0
0.9135 59.6489 0 -2.86958 0 0.0322294 0
0.914 59.6816 0 -2.87115 0 0.032247 0
0.9145 59.7142 0 -2.87272 0 0.0322647 0
0.915 59.7469 0 -2.87429 0 0.0322823 0
0.9155 59.7795 0 -2.87586 0 0.0322999 0
0.916 59.8122 0 -2.87743 0 0.0323176 0
0.9165 59.8448 0 -2.879 0 0.0323352 0
0.917 59.8775 0 -2.88057 0 0.0323529 0
0.9175 59.9101 0 -2.88214 0 0.0323705 0
0.918 59.9428 0 -2.88371 0 0.0323881 0
0.9185 59.9754 0 -2.88528 0 0.0324058 0
0.919 60.0081 0 -2.88685 0 0.0324234 0
0.9195 60.0407 0 -2.88842 0 0.0324411 0
0.92 60.0734 0 -2.88999 0 0.0324587 0
0.9205 60.106 0 -2.89156 0 0.0324763 0
0.921 60.1387 0 -2.89314 0 0.032494 0
0.9215 60.1713 0 -2.89471 0 0.0325116 0
0.922 60.204 0 -2.89628 0 0.0325293 0
0.9225 60.2366 0 -2.89785 0 0.0325469 0
0.923 60.2693 0 -2.89942 0 0.0325645 0
0.9235 60.3019 0 -2.90099 0 0.0325822 0
0.924 60.3346 0 -2.90256 0 0.0325998 0
0.9245 60.3672 0 -2.90413 0 0.0326175 0
0.925 60.3999 0 -2.9057 0 0.0326351 0
0.9255 60.4325 0 -2.90727 0 0.0326528 0
0.926 60.4651 0 -2.90884 0 0.0326704 0
0.9265 60.4978 0 -2.91041 0 0.032688 0
0.927 60.5304 0 -2.91198 0 0.0327057 0
0.9275 60.5631 0 -2.91355 0 0.0327233 0
0.928 60.5957 0 -2.91512 0 0.032741 0
0.9285 60.6284 0 -2.9167 0 0.0327586 0
0.929 60.661 0 -2.91827 0 0.0327762 0
0.9295 60.6937 0 -2.91984 0 0.0327939 0
0.93 60.7263 0 -2.92141 0 0.0328115 0
0.9305 60.759 0 -2.92298 0 0.0328292 0
0.931 60.7916 0 -2.92455 0 0.0328468 0
0.9315 60.8243 0 -2.92612 0 0.0328644 0
0.932 60.8569 0 -2.92769 0 0.0328821 0
0.9325 60.8896 0 -2.92926 0 0.0328997 0
0.933 60.9222 0 -2.93083 0 0.0329174 0
0.9335 60.9549 0 -2.9324 0 0.032935 0
0.934 60.9875 0 -2.93397 0 0.0329526 0
0.9345 61.0202 0 -2.93554 0 0.0329703 0
0.935 61.0528 0 -2.93711 0 0.0329879 0
0.9355 61.0855 0 -2.93868 0 0.0330056 0
0.936 61.1181 0 -2.94025 0 0.0330232 0
0.9365 61.1508 0 -2.94183 0 0.0330408 0
0.937 61.1834 0 -2.9434 0 0.0330585 0
0.9375 61.2161 0 -2.94497 0 0.0330761 0
0.938 61.2487 0 -2.94654 0 0.0330938 0
0.9385 61.2814 0 -2.94811 0 0.0331114 0
0.939 61.314 0 -2.94968 0 0.033129 0
0.9395 61.3467 0 -2.95125 0 0.0331467 0
0.94 61.3793 0 -2.95282 0 0.0331643 0
0.9405 61.412 0 -2.95439 0 0.033182 0
0.941 61.4446 0 -2.95596 0 0.0331996 0
0.9415 61.4773 0 -2.95753 0 0.0332173 0
0.942 61.5099 0 -2.9591 0 0.0332349 0
0.9425 61.5426 0 -2.96067 0 0.0332525 0
0.943 61.5752 0 -2.96224 0 0.0332702 0
0.9435 61.6078 0 -2.96381 0 0.0332878 0
0.944 61.6405 0 -2.96539 0 0.0333055 0
0.9445 61.6731 0 -2.96696 0 0.0333231 0
0.945 61.7058 0 -2.96853 0 0.0333407 0
0.9455 61.7384 0 -2.9701 0 0.0333584 0
0.946 61.7711 0 -2.97167 0 0.033376 0
0.9465 61.8037 0 -2.97324 0 0.0333937 0
0.947 61.8364 0 -2.97481 0 0.0334113 0
0.9475 61.869 0 -2.97638 0 0.0334289 0
0.948 61.9017 0 -2.97795 0 0.0334466 0
0.9485 61.9343 0 -2.97952 0 0.0334642 0
0.949 61.967 0 -2.98109 0 0.0334819 0
0.9495 61.9996 0 -2.98266 0 0.0334995 0
0.95 62.0323 0 -2.98423 0 0.0335171 0
0.9505 62.0649 0 -2.9858 0 0.0335348 0
0.951 62.0976 0 -2.98737 0 0.0335524 0
0.9515 62.1302 0 -2.98895 0 0.0335701 0
0.952 62.1629 0 -2.99052 0 0.0335877 0
0.9525 62.1955 0 -2.99209 0 0.0336053 0
0.953 62.2282 0 -2.99366 0 0.033623 0
0.9535 62.2608 0 -2.99523 0 0.0336406 0
0.954 62.2935 0 -2.9968 0 0.0336583 0
0.9545 62.3261 0 -2.99837 0 0.0336759 0
0.955 62.3588 0 -2.99994 0 0.0336935 0
0.9555 62.3914 0 -3.00151 0 0.0337112 0
0.956 62.4241 0 -3.00308 0 0.0337288 0
0.9565 62.4567 0 -3.00465 0 0.0337465 0
0.957 62.4894 0 -3.00622 0 0.0337641 0
0.9575 62.522 0 -3.00779 0 0.0337818 0
0.958 62.5547 0 -3.00936 0 0.0337994 0
0.9585 62.5873 0 -3.01093 0 0.033817 0
0.959 62.62 0 -3.0125 0 0.0338347 0
0.9595 62.6526 0 -3.01408 0 0.0338523 0
0.96 62.6853 0 -3.01565 0 0.03387 0
0.9605 62.7179 0 -3.01722 0 0.0338876 0
0.961 62.7505 0 -3.01879 0 0.0339052 0
0.9615 62.7832 0 -3.02036 0 0.0339229 0
0.962 62.8158 0 -3.02193 0 0.0339405 0
0.9625 62.8485 0 -3.0235 0 0.0339582 0
0.963 62.8811 0 -3.02507 0 0.0339758 0
0.9635 62.9138 0 -3.02664 0 0.0339934 0
0.964 62.9464 0 -3.02821 0 0.0340111 0
0.9645 62.9791 0 -3.02978 0 0.0340287 0
0.965 63.0117 0 -3.03135 0 0.0340464 0
0.9655 63.0444 0 -3.03292 0 0.034064 0
0.966 63.077 0 -3.03449 0 0.0340816 0
0.9665 63.1097 0 -3.03606 0 0.0340993 0
0.967 63.1423 0 -3.03764 0 0.0341169 0
0.9675 63.175 0 -3.03921 0 0.0341346 0
0.968 63.2076 0 -3.04078 0 0.0341522 0
0.9685 63.2403 0 -3.04235 0 0.0341698 0
0.969 63.2729 0 -3.04392 0 0.0341875 0
0.9695 63.3056 0 -3.04549 0 0.0342051 0
0.97 63.3382 0 -3.04706 0 0.0342228 0
0.9705 63.3709 0 -3.04863 0 0.0342404 0
0.971 63.4035 0 -3.0502 0 0.034258 0
0.9715 63.4362 0 -3.05177 0 0.0342757 0
0.972 63.4688 0 -3.05334 0 0.0342933 0
0.9725 63.5015 0 -3.05491 0 0.034311 0
0.973 63.5341 0 -3.05648 0 0.0343286 0
0.9735 63.5668 0 -3.05805 0 0.0343462 0
0.974 63.5994 0 -3.05962 0 0.0343639 0
0.9745 63.6321 0 -3.06119 0 0.0343815 0
0.975 63.6647 0 -3.06277 0 0.0343992 0
0.9755 63.6974 0 -3.06434 0 0.0344168 0
0.976 63.73 0 -3.06591 0 0.0344345 0
0.9765 63.7627 0 -3.06748 0 0.0344521 0
0.977 63.7953 0 -3.06905 0 0.0344697 0
0.9775 63.828 0 -3.07062 0 0.0344874 0
0.978 63.8606 0 -3.07219 0 0.034505 0
0.9785 63.8932 0 -3.07376 0 0.0345227 0
0.979 63.9259 0 -3.07533 0 0.0345403 0
0.9795 63.9585 0 -3.0769 0 0.0345579 0
0.98 63.9912 0 -3.07847 0 0.0345756 0
0.9805 64.0238 0 -3.08004 0 0.0345932 0
0.981 64.0565 0 -3.08161 0 0.0346109 0
0.9815 64.0891 0 -3.08318 0 0.0346285 0
0.982 64.1218 0 -3.08475 0 0.0346461 0
0.9825 64.1544 0 -3.08633 0 0.0346638 0
0.983 64.1871 0 -3.0879 0 0.0346814 0
0.9835 64.2197 0 -3.08947 0 0.0346991 0
0.984 64.2524 0 -3.09104 0 0.0347167 0
0.9845 64.285 0 -3.09261 0 0.0347343 0
0.985 64.3177 0 -3.09418 0 0.034752 0
0.9855 64.3503 0 -3.09575 0 0.0347696 0
0.986 64.383 0 -3.09732 0 0.0347873 0
0.9865 64.4156 0 -3.09889 0 0.0348049 0
0.987 64.4483 0 -3.10046 0 0.0348225 0
0.9875 64.4809 0 -3.10203 0 0.0348402 0
0.988 64.5136 0 -3.1036 0 0.0348578 0
0.9885 64.5462 0 -3.10517 0 0.0348755 0
0.989 64.5789 0 -3.10674 0 0.0348931 0
0.9895 64.6115 0 -3.10831 0 0.0349107 0
0.99 64.6442 0 -3.10989 0 0.0349284 0
0.9905 64.6768 0 -3.11146 0 0.034946 0
0.991 64.7095 0 -3.11303 0 0.0349637 0
0.9915 64.7421 0 -3.1146 0 0.0349813 0
0.992 64.7748 0 -3.11617 0 0.034999 0
0.9925 64.8074 0 -3.11774 0 0.0350166 0
0.993 64.8401 0 -3.11931 0 0.0350342 0
0.9935 64.8727 0 -3.12088 0 0.0350519 0
0.994 64.9054 0 -3.12245 0 0.0350695 0
0.9945 64.938 0 -3.12402 0 0.0350872 0
0.995 64.9707 0 -3.12559 0 0.0351048 0
0.9955 65.0033 0 -3.12716 0 0.0351224 0
0.996 65.0359 0 -3.12873 0 0.0351401 0
0.9965 65.0686 0 -3.1303 0 0.0351577 0
0.997 65.1012 0 -3.13187 0 0.0351754 0
0.9975 65.1339 0 -3.13344 0 0.035193 0
0.998 65.1665 0 -3.13502 0 0.0352106 0
0.9985 65.1992 0 -3.13659 0 0.0352283 0
0.999 65.2318 0 -3.13816 0 0.0352459 0
0.9995 65.2645 0 -3.13973 0 0.0352636 0
1 65.2971 0 -3.1413 0 0.0352812 0
