0.0005 0.0312975 0 -0.00773141 0 1.79702e-05 0
0.001 0.0625949 0 -0.0154628 0 3.59404e-05 0
0.0015 0.0938924 0 -0.0231942 0 5.39105e-05 0
0.002 0.12519 0 -0.0309256 0 7.18807e-05 0
0.0025 0.156487 0 -0.038657 0 8.98509e-05 0
0.003 0.187785 0 -0.0463884 0 0.000107821 0
0.0035 0.219082 0 -0.0541198 0 0.000125791 0
0.004 0.25038 0 -0.0618513 0 0.000143761 0
0.0045 0.281677 0 -0.0695827 0 0.000161732 0
0.005 0.312975 0 -0.0773141 0 0.000179702 0
0.0055 0.344272 0 -0.0850455 0 0.000197672 0
0.006 0.37557 0 -0.0927769 0 0.000215642 0
0.0065 0.406867 0 -0.100508 0 0.000233612 0
0.007 0.438164 0 -0.10824 0 0.000251582 0
0.0075 0.469462 0 -0.115971 0 0.000269553 0
0.008 0.500759 0 -0.123703 0 0.000287523 0
0.0085 0.532057 0 -0.131434 0 0.000305493 0
0.009 0.563354 0 -0.139165 0 0.000323463 0
0.0095 0.594652 0 -0.146897 0 0.000341433 0
0.01 0.625949 0 -0.154628 0 0.000359404 0
0.0105 0.657247 0 -0.16236 0 0.000377374 0
0.011 0.688544 0 -0.170091 0 0.000395344 0
0.0115 0.719842 0 -0.177822 0 0.000413314 0
0.012 0.751139 0 -0.185554 0 0.000431284 0
0.0125 0.782437 0 -0.193285 0 0.000449254 0
0.013 0.813734 0 -0.201017 0 0.000467225 0
0.0135 0.845031 0 -0.208748 0 0.000485195 0
0.014 0.876329 0 -0.216479 0 0.000503165 0
0.0145 0.907626 0 -0.224211 0 0.000521135 0
0.015 0.938924 0 -0.231942 0 0.000539105 0
0.0155 0.970221 0 -0.239674 0 0.000557075 0
0.016 1.00152 0 -0.247405 0 0.000575046 0
0.0165 1.03282 0 -0.255136 0 0.000593016 0
0.017 1.06411 0 -0.262868 0 0.000610986 0
0.0175 1.09541 0 -0.270599 0 0.000628956 0
0.018 1.12671 0 -0.278331 0 0.000646926 0
0.0185 1.15801 0 -0.286062 0 0.000664897 0
0.019 1.1893 0 -0.293793 0 0.000682867 0
0.0195 1.2206 0 -0.301525 0 0.000700837 0
0.02 1.2519 0 -0.309256 0 0.000718807 0
0.0205 1.2832 0 -0.316988 0 0.000736777 0
0.021 1.31449 0 -0.324719 0 0.000754747 0
0.0215 1.34579 0 -0.33245 0 0.000772718 0
0.022 1.37709 0 -0.340182 0 0.000790688 0
0.0225 1.40839 0 -0.347913 0 0.000808658 0
0.023 1.43968 0 -0.355645 0 0.000826628 0
0.0235 1.47098 0 -0.363376 0 0.000844598 0
0.024 1.50228 0 -0.371108 0 0.000862569 0
0.0245 1.53358 0 -0.378839 0 0.000880539 0
0.025 1.56487 0 -0.38657 0 0.000898509 0
0.0255 1.59617 0 -0.394302 0 0.000916479 0
0.026 1.62747 0 -0.402033 0 0.000934449 0
0.0265 1.65877 0 -0.409765 0 0.000952419 0
0.027 1.69006 0 -0.417496 0 0.00097039 0
0.0275 1.72136 0 -0.425227 0 0.00098836 0
0.028 1.75266 0 -0.432959 0 0.00100633 0
0.0285 1.78396 0 -0.44069 0 0.0010243 0
0.029 1.81525 0 -0.448422 0 0.00104227 0
0.0295 1.84655 0 -0.456153 0 0.00106024 0
0.03 1.87785 0 -0.463884 0 0.00107821 0
0.0305 1.90915 0 -0.471616 0 0.00109618 0
0.031 1.94044 0 -0.479347 0 0.00111415 0
0.0315 1.97174 0 -0.487079 0 0.00113212 0
0.032 2.00304 0 -0.49481 0 0.00115009 0
0.0325 2.03434 0 -0.502541 0 0.00116806 0
0.033 2.06563 0 -0.510273 0 0.00118603 0
0.0335 2.09693 0 -0.518004 0 0.001204 0
0.034 2.12823 0 -0.525736 0 0.00122197 0
0.0345 2.15952 0 -0.533467 0 0.00123994 0
0.035 2.19082 0 -0.541198 0 0.00125791 0
0.0355 2.22212 0 -0.54893 0 0.00127588 0
0.036 2.25342 0 -0.556661 0 0.00129385 0
0.0365 2.28471 0 -0.564393 0 0.00131182 0
0.037 2.31601 0 -0.572124 0 0.00132979 0
0.0375 2.34731 0 -0.579855 0 0.00134776 0
0.038 2.37861 0 -0.587587 0 0.00136573 0
0.0385 2.4099 0 -0.595318 0 0.0013837 0
0.039 2.4412 0 -0.60305 0 0.00140167 0
0.0395 2.4725 0 -0.610781 0 0.00141964 0
0.04 2.5038 0 -0.618513 0 0.00143761 0
0.0405 2.53509 0 -0.626244 0 0.00145558 0
0.041 2.56639 0 -0.633975 0 0.00147355 0
0.0415 2.59769 0 -0.641707 0 0.00149152 0
0.042 2.62899 0 -0.649438 0 0.00150949 0
0.0425 2.66028 0 -0.65717 0 0.00152747 0
0.043 2.69158 0 -0.664901 0 0.00154544 0
0.0435 2.72288 0 -0.672632 0 0.00156341 0
0.044 2.75418 0 -0.680364 0 0.00158138 0
0.0445 2.78547 0 -0.688095 0 0.00159935 0
0.045 2.81677 0 -0.695827 0 0.00161732 0
0.0455 2.84807 0 -0.703558 0 0.00163529 0
0.046 2.87937 0 -0.711289 0 0.00165326 0
0.0465 2.91066 0 -0.719021 0 0.00167123 0
0.047 2.94196 0 -0.726752 0 0.0016892 0
0.0475 2.97326 0 -0.734484 0 0.00170717 0
0.048 3.00456 0 -0.742215 0 0.00172514 0
0.0485 3.03585 0 -0.749946 0 0.00174311 0
0.049 3.06715 0 -0.757678 0 0.00176108 0
0.0495 3.09845 0 -0.765409 0 0.00177905 0
0.05 3.12975 0 -0.773141 0 0.00179702 0
0.0505 3.16104 0 -0.780872 0 0.00181499 0
0.051 3.19234 0 -0.788603 0 0.00183296 0
0.0515 3.22364 0 -0.796335 0 0.00185093 0
0.052 3.25494 0 -0.804066 0 0.0018689 0
0.0525 3.28623 0 -0.811798 0 0.00188687 0
0.053 3.31753 0 -0.819529 0 0.00190484 0
0.0535 3.34883 0 -0.82726 0 0.00192281 0
0.054 3.38013 0 -0.834992 0 0.00194078 0
0.0545 3.41142 0 -0.842723 0 0.00195875 0
0.055 3.44272 0 -0.850455 0 0.00197672 0
0.0555 3.47402 0 -0.858186 0 0.00199469 0
0.056 3.50532 0 -0.865918 0 0.00201266 0
0.0565 3.53661 0 -0.873649 0 0.00203063 0
0.057 3.56791 0 -0.88138 0 0.0020486 0
0.0575 3.59921 0 -0.889112 0 0.00206657 0
0.058 3.63051 0 -0.896843 0 0.00208454 0
0.0585 3.6618 0 -0.904575 0 0.00210251 0
0.059 3.6931 0 -0.912306 0 0.00212048 0
0.0595 3.7244 0 -0.920037 0 0.00213845 0
0.06 3.7557 0 -0.927769 0 0.00215642 0
0.0605 3.78699 0 -0.9355 0 0.00217439 0
0.061 3.81829 0 -0.943232 0 0.00219236 0
0.0615 3.84959 0 -0.950963 0 0.00221033 0
0.062 3.88089 0 -0.958694 0 0.0022283 0
0.0625 3.91218 0 -0.966426 0 0.00224627 0
0.063 3.94348 0 -0.974157 0 0.00226424 0
0.0635 3.97478 0 -0.981889 0 0.00228221 0
0.064 4.00608 0 -0.98962 0 0.00230018 0
0.0645 4.03737 0 -0.997351 0 0.00231815 0
0.065 4.06867 0 -1.00508 0 0.00233612 0
0.0655 4.09997 0 -1.01281 0 0.00235409 0
0.066 4.13126 0 -1.02055 0 0.00237206 0
0.0665 4.16256 0 -1.02828 0 0.00239003 0
0.067 4.19386 0 -1.03601 0 0.002408 0
0.0675 4.22516 0 -1.04374 0 0.00242597 0
0.068 4.25645 0 -1.05147 0 0.00244394 0
0.0685 4.28775 0 -1.0592 0 0.00246191 0
0.069 4.31905 0 -1.06693 0 0.00247988 0
0.0695 4.35035 0 -1.07467 0 0.00249785 0
0.07 4.38164 0 -1.0824 0 0.00251582 0
0.0705 4.41294 0 -1.09013 0 0.00253379 0
0.071 4.44424 0 -1.09786 0 0.00255177 0
0.0715 4.47554 0 -1.10559 0 0.00256974 0
0.072 4.50683 0 -1.11332 0 0.00258771 0
0.0725 4.53813 0 -1.12105 0 0.00260568 0
0.073 4.56943 0 -1.12879 0 0.00262365 0
0.0735 4.60073 0 -1.13652 0 0.00264162 0
0.074 4.63202 0 -1.14425 0 0.00265959 0
0.0745 4.66332 0 -1.15198 0 0.00267756 0
0.075 4.69462 0 -1.15971 0 0.00269553 0
0.0755 4.72592 0 -1.16744 0 0.0027135 0
0.076 4.75721 0 -1.17517 0 0.00273147 0
0.0765 4.78851 0 -1.18291 0 0.00274944 0
0.077 4.81981 0 -1.19064 0 0.00276741 0
0.0775 4.85111 0 -1.19837 0 0.00278538 0
0.078 4.8824 0 -1.2061 0 0.00280335 0
0.0785 4.9137 0 -1.21383 0 0.00282132 0
0.079 4.945 0 -1.22156 0 0.00283929 0
0.0795 4.9763 0 -1.22929 0 0.00285726 0
0.08 5.00759 0 -1.23703 0 0.00287523 0
0.0805 5.03889 0 -1.24476 0 0.0028932 0
0.081 5.07019 0 -1.25249 0 0.00291117 0
0.0815 5.10149 0 -1.26022 0 0.00292914 0
0.082 5.13278 0 -1.26795 0 0.00294711 0
0.0825 5.16408 0 -1.27568 0 0.00296508 0
0.083 5.19538 0 -1.28341 0 0.00298305 0
0.0835 5.22668 0 -1.29114 0 0.00300102 0
0.084 5.25797 0 -1.29888 0 0.00301899 0
0.0845 5.28927 0 -1.30661 0 0.00303696 0
0.085 5.32057 0 -1.31434 0 0.00305493 0
0.0855 5.35187 0 -1.32207 0 0.0030729 0
0.086 5.38316 0 -1.3298 0 0.00309087 0
0.0865 5.41446 0 -1.33753 0 0.00310884 0
0.087 5.44576 0 -1.34526 0 0.00312681 0
0.0875 5.47706 0 -1.353 0 0.00314478 0
0.088 5.50835 0 -1.36073 0 0.00316275 0
0.0885 5.53965 0 -1.36846 0 0.00318072 0
0.089 5.57095 0 -1.37619 0 0.00319869 0
0.0895 5.60225 0 -1.38392 0 0.00321666 0
0.09 5.63354 0 -1.39165 0 0.00323463 0
0.0905 5.66484 0 -1.39938 0 0.0032526 0
0.091 5.69614 0 -1.40712 0 0.00327057 0
0.0915 5.72744 0 -1.41485 0 0.00328854 0
0.092 5.75873 0 -1.42258 0 0.00330651 0
0.0925 5.79003 0 -1.43031 0 0.00332448 0
0.093 5.82133 0 -1.43804 0 0.00334245 0
0.0935 5.85263 0 -1.44577 0 0.00336042 0
0.094 5.88392 0 -1.4535 0 0.00337839 0
0.0945 5.91522 0 -1.46124 0 0.00339636 0
0.095 5.94652 0 -1.46897 0 0.00341433 0
0.0955 5.97782 0 -1.4767 0 0.0034323 0
0.096 6.00911 0 -1.48443 0 0.00345027 0
0.0965 6.04041 0 -1.49216 0 0.00346824 0
0.097 6.07171 0 -1.49989 0 0.00348621 0
0.0975 6.10301 0 -1.50762 0 0.00350418 0
0.098 6.1343 0 -1.51536 0 0.00352215 0
0.0985 6.1656 0 -1.52309 0 0.00354012 0
0.099 6.1969 0 -1.53082 0 0.0035581 0
0.0995 6.22819 0 -1.53855 0 0.00357607 0
0.1 6.25949 0 -1.54628 0 0.00359404 0
0.1005 6.29079 0 -1.55401 0 0.00361201 0
0.101 6.32209 0 -1.56174 0 0.00362998 0
0.1015 6.35338 0 -1.56948 0 0.00364795 0
0.102 6.38468 0 -1.57721 0 0.00366592 0
0.1025 6.41598 0 -1.58494 0 0.00368389 0
0.103 6.44728 0 -1.59267 0 0.00370186 0
0.1035 6.47857 0 -1.6004 0 0.00371983 0
0.104 6.50987 0 -1.60813 0 0.0037378 0
0.1045 6.54117 0 -1.61586 0 0.00375577 0
0.105 6.57247 0 -1.6236 0 0.00377374 0
0.1055 6.60376 0 -1.63133 0 0.00379171 0
0.106 6.63506 0 -1.63906 0 0.00380968 0
0.1065 6.66636 0 -1.64679 0 0.00382765 0
0.107 6.69766 0 -1.65452 0 0.00384562 0
0.1075 6.72895 0 -1.66225 0 0.00386359 0
0.108 6.76025 0 -1.66998 0 0.00388156 0
0.1085 6.79155 0 -1.67772 0 0.00389953 0
0.109 6.82285 0 -1.68545 0 0.0039175 0
0.1095 6.85414 0 -1.69318 0 0.00393547 0
0.11 6.88544 0 -1.70091 0 0.00395344 0
0.1105 6.91674 0 -1.70864 0 0.00397141 0
0.111 6.94804 0 -1.71637 0 0.00398938 0
0.1115 6.97933 0 -1.7241 0 0.00400735 0
0.112 7.01063 0 -1.73184 0 0.00402532 0
0.1125 7.04193 0 -1.73957 0 0.00404329 0
0.113 7.07323 0 -1.7473 0 0.00406126 0
0.1135 7.10452 0 -1.75503 0 0.00407923 0
0.114 7.13582 0 -1.76276 0 0.0040972 0
0.1145 7.16712 0 -1.77049 0 0.00411517 0
0.115 7.19842 0 -1.77822 0 0.00413314 0
0.1155 7.22971 0 -1.78595 0 0.00415111 0
0.116 7.26101 0 -1.79369 0 0.00416908 0
0.1165 7.29231 0 -1.80142 0 0.00418705 0
0.117 7.32361 0 -1.80915 0 0.00420502 0
0.1175 7.3549 0 -1.81688 0 0.00422299 0
0.118 7.3862 0 -1.82461 0 0.00424096 0
0.1185 7.4175 0 -1.83234 0 0.00425893 0
0.119 7.4488 0 -1.84007 0 0.0042769 0
0.1195 7.48009 0 -1.84781 0 0.00429487 0
0.12 7.51139 0 -1.85554 0 0.00431284 0
0.1205 7.54269 0 -1.86327 0 0.00433081 0
0.121 7.57399 0 -1.871 0 0.00434878 0
0.1215 7.60528 0 -1.87873 0 0.00436675 0
0.122 7.63658 0 -1.88646 0 0.00438472 0
0.1225 7.66788 0 -1.89419 0 0.00440269 0
0.123 7.69918 0 -1.90193 0 0.00442066 0
0.1235 7.73047 0 -1.90966 0 0.00443863 0
0.124 7.76177 0 -1.91739 0 0.0044566 0
0.1245 7.79307 0 -1.92512 0 0.00447457 0
0.125 7.82437 0 -1.93285 0 0.00449254 0
0.1255 7.85566 0 -1.94058 0 0.00451051 0
0.126 7.88696 0 -1.94831 0 0.00452848 0
0.1265 7.91826 0 -1.95605 0 0.00454645 0
0.127 7.94956 0 -1.96378 0 0.00456442 0
0.1275 7.98085 0 -1.97151 0 0.0045824 0
0.128 8.01215 0 -1.97924 0 0.00460037 0
0.1285 8.04345 0 -1.98697 0 0.00461834 0
0.129 8.07475 0 -1.9947 0 0.00463631 0
0.1295 8.10604 0 -2.00243 0 0.00465428 0
0.13 8.13734 0 -2.01017 0 0.00467225 0
0.1305 8.16864 0 -2.0179 0 0.00469022 0
0.131 8.19994 0 -2.02563 0 0.00470819 0
0.1315 8.23123 0 -2.03336 0 0.00472616 0
0.132 8.26253 0 -2.04109 0 0.00474413 0
0.1325 8.29383 0 -2.04882 0 0.0047621 0
0.133 8.32512 0 -2.05655 0 0.00478007 0
0.1335 8.35642 0 -2.06429 0 0.00479804 0
0.134 8.38772 0 -2.07202 0 0.00481601 0
0.1345 8.41902 0 -2.07975 0 0.00483398 0
0.135 8.45031 0 -2.08748 0 0.00485195 0
0.1355 8.48161 0 -2.09521 0 0.00486992 0
0.136 8.51291 0 -2.10294 0 0.00488789 0
0.1365 8.54421 0 -2.11067 0 0.00490586 0
0.137 8.5755 0 -2.11841 0 0.00492383 0
0.1375 8.6068 0 -2.12614 0 0.0049418 0
0.138 8.6381 0 -2.13387 0 0.00495977 0
0.1385 8.6694 0 -2.1416 0 0.00497774 0
0.139 8.70069 0 -2.14933 0 0.00499571 0
0.1395 8.73199 0 -2.15706 0 0.00501368 0
0.14 8.76329 0 -2.16479 0 0.00503165 0
0.1405 8.79459 0 -2.17253 0 0.00504962 0
0.141 8.82588 0 -2.18026 0 0.00506759 0
0.1415 8.85718 0 -2.18799 0 0.00508556 0
0.142 8.88848 0 -2.19572 0 0.00510353 0
0.1425 8.91978 0 -2.20345 0 0.0051215 0
0.143 8.95107 0 -2.21118 0 0.00513947 0
0.1435 8.98237 0 -2.21891 0 0.00515744 0
0.144 9.01367 0 -2.22665 0 0.00517541 0
0.1445 9.04497 0 -2.23438 0 0.00519338 0
0.145 9.07626 0 -2.24211 0 0.00521135 0
0.1455 9.10756 0 -2.24984 0 0.00522932 0
0.146 9.13886 0 -2.25757 0 0.00524729 0
0.1465 9.17016 0 -2.2653 0 0.00526526 0
0.147 9.20145 0 -2.27303 0 0.00528323 0
0.1475 9.23275 0 -2.28076 0 0.0053012 0
0.148 9.26405 0 -2.2885 0 0.00531917 0
0.1485 9.29535 0 -2.29623 0 0.00533714 0
0.149 9.32664 0 -2.30396 0 0.00535511 0
0.1495 9.35794 0 -2.31169 0 0.00537308 0
0.15 9.38924 0 -2.31942 0 0.00539105 0
0.1505 9.42054 0 -2.32715 0 0.00540902 0
0.151 9.45183 0 -2.33488 0 0.00542699 0
0.1515 9.48313 0 -2.34262 0 0.00544496 0
0.152 9.51443 0 -2.35035 0 0.00546293 0
0.1525 9.54573 0 -2.35808 0 0.0054809 0
0.153 9.57702 0 -2.36581 0 0.00549887 0
0.1535 9.60832 0 -2.37354 0 0.00551684 0
0.154 9.63962 0 -2.38127 0 0.00553481 0
0.1545 9.67092 0 -2.389 0 0.00555278 0
0.155 9.70221 0 -2.39674 0 0.00557075 0
0.1555 9.73351 0 -2.40447 0 0.00558873 0
0.156 9.76481 0 -2.4122 0 0.0056067 0
0.1565 9.79611 0 -2.41993 0 0.00562467 0
0.157 9.8274 0 -2.42766 0 0.00564264 0
0.1575 9.8587 0 -2.43539 0 0.00566061 0
0.158 9.89 0 -2.44312 0 0.00567858 0
0.1585 9.9213 0 -2.45086 0 0.00569655 0
0.159 9.95259 0 -2.45859 0 0.00571452 0
0.1595 9.98389 0 -2.46632 0 0.00573249 0
0.16 10.0152 0 -2.47405 0 0.00575046 0
0.1605 10.0465 0 -2.48178 0 0.00576843 0
0.161 10.0778 0 -2.48951 0 0.0057864 0
0.1615 10.1091 0 -2.49724 0 0.00580437 0
0.162 10.1404 0 -2.50498 0 0.00582234 0
0.1625 10.1717 0 -2.51271 0 0.00584031 0
0.163 10.203 0 -2.52044 0 0.00585828 0
0.1635 10.2343 0 -2.52817 0 0.00587625 0
0.164 10.2656 0 -2.5359 0 0.00589422 0
0.1645 10.2969 0 -2.54363 0 0.00591219 0
0.165 10.3282 0 -2.55136 0 0.00593016 0
0.1655 10.3595 0 -2.5591 0 0.00594813 0
0.166 10.3908 0 -2.56683 0 0.0059661 0
0.1665 10.4221 0 -2.57456 0 0.00598407 0
0.167 10.4534 0 -2.58229 0 0.00600204 0
0.1675 10.4846 0 -2.59002 0 0.00602001 0
0.168 10.5159 0 -2.59775 0 0.00603798 0
0.1685 10.5472 0 -2.60548 0 0.00605595 0
0.169 10.5785 0 -2.61322 0 0.00607392 0
0.1695 10.6098 0 -2.62095 0 0.00609189 0
0.17 10.6411 0 -2.62868 0 0.00610986 0
0.1705 10.6724 0 -2.63641 0 0.00612783 0
0.171 10.7037 0 -2.64414 0 0.0061458 0
0.1715 10.735 0 -2.65187 0 0.00616377 0
0.172 10.7663 0 -2.6596 0 0.00618174 0
0.1725 10.7976 0 -2.66734 0 0.00619971 0
0.173 10.8289 0 -2.67507 0 0.00621768 0
0.1735 10.8602 0 -2.6828 0 0.00623565 0
0.174 10.8915 0 -2.69053 0 0.00625362 0
0.1745 10.9228 0 -2.69826 0 0.00627159 0
0.175 10.9541 0 -2.70599 0 0.00628956 0
0.1755 10.9854 0 -2.71372 0 0.00630753 0
0.176 11.0167 0 -2.72146 0 0.0063255 0
0.1765 11.048 0 -2.72919 0 0.00634347 0
0.177 11.0793 0 -2.73692 0 0.00636144 0
0.1775 11.1106 0 -2.74465 0 0.00637941 0
0.178 11.1419 0 -2.75238 0 0.00639738 0
0.1785 11.1732 0 -2.76011 0 0.00641535 0
0.179 11.2045 0 -2.76784 0 0.00643332 0
0.1795 11.2358 0 -2.77557 0 0.00645129 0
0.18 11.2671 0 -2.78331 0 0.00646926 0
0.1805 11.2984 0 -2.79104 0 0.00648723 0
0.181 11.3297 0 -2.79877 0 0.0065052 0
0.1815 11.361 0 -2.8065 0 0.00652317 0
0.182 11.3923 0 -2.81423 0 0.00654114 0
0.1825 11.4236 0 -2.82196 0 0.00655911 0
0.183 11.4549 0 -2.82969 0 0.00657708 0
0.1835 11.4862 0 -2.83743 0 0.00659505 0
0.184 11.5175 0 -2.84516 0 0.00661303 0
0.1845 11.5488 0 -2.85289 0 0.006631 0
0.185 11.5801 0 -2.86062 0 0.00664897 0
0.1855 11.6114 0 -2.86835 0 0.00666694 0
0.186 11.6427 0 -2.87608 0 0.00668491 0
0.1865 11.674 0 -2.88381 0 0.00670288 0
0.187 11.7053 0 -2.89155 0 0.00672085 0
0.1875 11.7365 0 -2.89928 0 0.00673882 0
0.188 11.7678 0 -2.90701 0 0.00675679 0
0.1885 11.7991 0 -2.91474 0 0.00677476 0
0.189 11.8304 0 -2.92247 0 0.00679273 0
0.1895 11.8617 0 -2.9302 0 0.0068107 0
0.19 11.893 0 -2.93793 0 0.00682867 0
0.1905 11.9243 0 -2.94567 0 0.00684664 0
0.191 11.9556 0 -2.9534 0 0.00686461 0
0.1915 11.9869 0 -2.96113 0 0.00688258 0
0.192 12.0182 0 -2.96886 0 0.00690055 0
0.1925 12.0495 0 -2.97659 0 0.00691852 0
0.193 12.0808 0 -2.98432 0 0.00693649 0
0.1935 12.1121 0 -2.99205 0 0.00695446 0
0.194 12.1434 0 -2.99979 0 0.00697243 0
0.1945 12.1747 0 -3.00752 0 0.0069904 0
0.195 12.206 0 -3.01525 0 0.00700837 0
0.1955 12.2373 0 -3.02298 0 0.00702634 0
0.196 12.2686 0 -3.03071 0 0.00704431 0
0.1965 12.2999 0 -3.03844 0 0.00706228 0
0.197 12.3312 0 -3.04617 0 0.00708025 0
0.1975 12.3625 0 -3.05391 0 0.00709822 0
0.198 12.3938 0 -3.06164 0 0.00711619 0
0.1985 12.4251 0 -3.06937 0 0.00713416 0
0.199 12.4564 0 -3.0771 0 0.00715213 0
0.1995 12.4877 0 -3.08483 0 0.0071701 0
0.2 12.519 0 -3.09256 0 0.00718807 0
0.2005 12.5503 0 -3.10029 0 0.00720604 0
0.201 12.5816 0 -3.10803 0 0.00722401 0
0.2015 12.6129 0 -3.11576 0 0.00724198 0
0.202 12.6442 0 -3.12349 0 0.00725995 0
0.2025 12.6755 0 -3.13122 0 0.00727792 0
0.203 12.7068 0 -3.13895 0 0.00729589 0
0.2035 12.7381 0 -3.14668 0 0.00731386 0
0.204 12.7694 0 -3.15441 0 0.00733183 0
0.2045 12.8007 0 -3.16215 0 0.0073498 0
0.205 12.832 0 -3.16988 0 0.00736777 0
0.2055 12.8633 0 -3.17761 0 0.00738574 0
0.206 12.8946 0 -3.18534 0 0.00740371 0
0.2065 12.9259 0 -3.19307 0 0.00742168 0
0.207 12.9571 0 -3.2008 0 0.00743965 0
0.2075 12.9884 0 -3.20853 0 0.00745762 0
0.208 13.0197 0 -3.21627 0 0.00747559 0
0.2085 13.051 0 -3.224 0 0.00749356 0
0.209 13.0823 0 -3.23173 0 0.00751153 0
0.2095 13.1136 0 -3.23946 0 0.0075295 0
0.21 13.1449 0 -3.24719 0 0.00754747 0
0.2105 13.1762 0 -3.25492 0 0.00756544 0
0.211 13.2075 0 -3.26265 0 0.00758341 0
0.2115 13.2388 0 -3.27038 0 0.00760138 0
0.212 13.2701 0 -3.27812 0 0.00761936 0
0.2125 13.3014 0 -3.28585 0 0.00763733 0
0.213 13.3327 0 -3.29358 0 0.0076553 0
0.2135 13.364 0 -3.30131 0 0.00767327 0
0.214 13.3953 0 -3.30904 0 0.00769124 0
0.2145 13.4266 0 -3.31677 0 0.00770921 0
0.215 13.4579 0 -3.3245 0 0.00772718 0
0.2155 13.4892 0 -3.33224 0 0.00774515 0
0.216 13.5205 0 -3.33997 0 0.00776312 0
0.2165 13.5518 0 -3.3477 0 0.00778109 0
0.217 13.5831 0 -3.35543 0 0.00779906 0
0.2175 13.6144 0 -3.36316 0 0.00781703 0
0.218 13.6457 0 -3.37089 0 0.007835 0
0.2185 13.677 0 -3.37862 0 0.00785297 0
0.219 13.7083 0 -3.38636 0 0.00787094 0
0.2195 13.7396 0 -3.39409 0 0.00788891 0
0.22 13.7709 0 -3.40182 0 0.00790688 0
0.2205 13.8022 0 -3.40955 0 0.00792485 0
0.221 13.8335 0 -3.41728 0 0.00794282 0
0.2215 13.8648 0 -3.42501 0 0.00796079 0
0.222 13.8961 0 -3.43274 0 0.00797876 0
0.2225 13.9274 0 -3.44048 0 0.00799673 0
0.223 13.9587 0 -3.44821 0 0.0080147 0
0.2235 13.99 0 -3.45594 0 0.00803267 0
0.224 14.0213 0 -3.46367 0 0.00805064 0
0.2245 14.0526 0 -3.4714 0 0.00806861 0
0.225 14.0839 0 -3.47913 0 0.00808658 0
0.2255 14.1152 0 -3.48686 0 0.00810455 0
0.226 14.1465 0 -3.4946 0 0.00812252 0
0.2265 14.1778 0 -3.50233 0 0.00814049 0
0.227 14.209 0 -3.51006 0 0.00815846 0
0.2275 14.2403 0 -3.51779 0 0.00817643 0
0.228 14.2716 0 -3.52552 0 0.0081944 0
0.2285 14.3029 0 -3.53325 0 0.00821237 0
0.229 14.3342 0 -3.54098 0 0.00823034 0
0.2295 14.3655 0 -3.54872 0 0.00824831 0
0.23 14.3968 0 -3.55645 0 0.00826628 0
0.2305 14.4281 0 -3.56418 0 0.00828425 0
0.231 14.4594 0 -3.57191 0 0.00830222 0
0.2315 14.4907 0 -3.57964 0 0.00832019 0
0.232 14.522 0 -3.58737 0 0.00833816 0
0.2325 14.5533 0 -3.5951 0 0.00835613 0
0.233 14.5846 0 -3.60284 0 0.0083741 0
0.2335 14.6159 0 -3.61057 0 0.00839207 0
0.234 14.6472 0 -3.6183 0 0.00841004 0
0.2345 14.6785 0 -3.62603 0 0.00842801 0
0.235 14.7098 0 -3.63376 0 0.00844598 0
0.2355 14.7411 0 -3.64149 0 0.00846395 0
0.236 14.7724 0 -3.64922 0 0.00848192 0
0.2365 14.8037 0 -3.65696 0 0.00849989 0
0.237 14.835 0 -3.66469 0 0.00851786 0
0.2375 14.8663 0 -3.67242 0 0.00853583 0
0.238 14.8976 0 -3.68015 0 0.0085538 0
0.2385 14.9289 0 -3.68788 0 0.00857177 0
0.239 14.9602 0 -3.69561 0 0.00858974 0
0.2395 14.9915 0 -3.70334 0 0.00860771 0
0.24 15.0228 0 -3.71108 0 0.00862569 0
0.2405 15.0541 0 -3.71881 0 0.00864366 0
0.241 15.0854 0 -3.72654 0 0.00866163 0
0.2415 15.1167 0 -3.73427 0 0.0086796 0
0.242 15.148 0 -3.742 0 0.00869757 0
0.2425 15.1793 0 -3.74973 0 0.00871554 0
0.243 15.2106 0 -3.75746 0 0.00873351 0
0.2435 15.2419 0 -3.76519 0 0.00875148 0
0.244 15.2732 0 -3.77293 0 0.00876945 0
0.2445 15.3045 0 -3.78066 0 0.00878742 0
0.245 15.3358 0 -3.78839 0 0.00880539 0
0.2455 15.3671 0 -3.79612 0 0.00882336 0
0.246 15.3984 0 -3.80385 0 0.00884133 0
0.2465 15.4296 0 -3.81158 0 0.0088593 0
0.247 15.4609 0 -3.81931 0 0.00887727 0
0.2475 15.4922 0 -3.82705 0 0.00889524 0
0.248 15.5235 0 -3.83478 0 0.00891321 0
0.2485 15.5548 0 -3.84251 0 0.00893118 0
0.249 15.5861 0 -3.85024 0 0.00894915 0
0.2495 15.6174 0 -3.85797 0 0.00896712 0
0.25 15.6487 0 -3.8657 0 0.00898509 0
0.2505 15.68 0 -3.87343 0 0.00900306 0
0.251 15.7113 0 -3.88117 0 0.00902103 0
0.2515 15.7426 0 -3.8889 0 0.009039 0
0.252 15.7739 0 -3.89663 0 0.00905697 0
0.2525 15.8052 0 -3.90436 0 0.00907494 0
0.253 15.8365 0 -3.91209 0 0.00909291 0
0.2535 15.8678 0 -3.91982 0 0.00911088 0
0.254 15.8991 0 -3.92755 0 0.00912885 0
0.2545 15.9304 0 -3.93529 0 0.00914682 0
0.255 15.9617 0 -3.94302 0 0.00916479 0
0.2555 15.993 0 -3.95075 0 0.00918276 0
0.256 16.0243 0 -3.95848 0 0.00920073 0
0.2565 16.0556 0 -3.96621 0 0.0092187 0
0.257 16.0869 0 -3.97394 0 0.00923667 0
0.2575 16.1182 0 -3.98167 0 0.00925464 0
0.258 16.1495 0 -3.98941 0 0.00927261 0
0.2585 16.1808 0 -3.99714 0 0.00929058 0
0.259 16.2121 0 -4.00487 0 0.00930855 0
0.2595 16.2434 0 -4.0126 0 0.00932652 0
0.26 16.2747 0 -4.02033 0 0.00934449 0
0.2605 16.306 0 -4.02806 0 0.00936246 0
0.261 16.3373 0 -4.03579 0 0.00938043 0
0.2615 16.3686 0 -4.04353 0 0.0093984 0
0.262 16.3999 0 -4.05126 0 0.00941637 0
0.2625 16.4312 0 -4.05899 0 0.00943434 0
0.263 16.4625 0 -4.06672 0 0.00945231 0
0.2635 16.4938 0 -4.07445 0 0.00947028 0
0.264 16.5251 0 -4.08218 0 0.00948825 0
0.2645 16.5564 0 -4.08991 0 0.00950622 0
0.265 16.5877 0 -4.09765 0 0.00952419 0
0.2655 16.619 0 -4.10538 0 0.00954216 0
0.266 16.6502 0 -4.11311 0 0.00956013 0
0.2665 16.6815 0 -4.12084 0 0.0095781 0
0.267 16.7128 0 -4.12857 0 0.00959607 0
0.2675 16.7441 0 -4.1363 0 0.00961404 0
0.268 16.7754 0 -4.14403 0 0.00963201 0
0.2685 16.8067 0 -4.15177 0 0.00964999 0
0.269 16.838 0 -4.1595 0 0.00966796 0
0.2695 16.8693 0 -4.16723 0 0.00968593 0
0.27 16.9006 0 -4.17496 0 0.0097039 0
0.2705 16.9319 0 -4.18269 0 0.00972187 0
0.271 16.9632 0 -4.19042 0 0.00973984 0
0.2715 16.9945 0 -4.19815 0 0.00975781 0
0.272 17.0258 0 -4.20589 0 0.00977578 0
0.2725 17.0571 0 -4.21362 0 0.00979375 0
0.273 17.0884 0 -4.22135 0 0.00981172 0
0.2735 17.1197 0 -4.22908 0 0.00982969 0
0.274 17.151 0 -4.23681 0 0.00984766 0
0.2745 17.1823 0 -4.24454 0 0.00986563 0
0.275 17.2136 0 -4.25227 0 0.0098836 0
0.2755 17.2449 0 -4.26 0 0.00990157 0
0.276 17.2762 0 -4.26774 0 0.00991954 0
0.2765 17.3075 0 -4.27547 0 0.00993751 0
0.277 17.3388 0 -4.2832 0 0.00995548 0
0.2775 17.3701 0 -4.29093 0 0.00997345 0
0.278 17.4014 0 -4.29866 0 0.00999142 0
0.2785 17.4327 0 -4.30639 0 0.0100094 0
0.279 17.464 0 -4.31412 0 0.0100274 0
0.2795 17.4953 0 -4.32186 0 0.0100453 0
0.28 17.5266 0 -4.32959 0 0.0100633 0
0.2805 17.5579 0 -4.33732 0 0.0100813 0
0.281 17.5892 0 -4.34505 0 0.0100992 0
0.2815 17.6205 0 -4.35278 0 0.0101172 0
0.282 17.6518 0 -4.36051 0 0.0101352 0
0.2825 17.6831 0 -4.36824 0 0.0101532 0
0.283 17.7144 0 -4.37598 0 0.0101711 0
0.2835 17.7457 0 -4.38371 0 0.0101891 0
0.284 17.777 0 -4.39144 0 0.0102071 0
0.2845 17.8083 0 -4.39917 0 0.010225 0
0.285 17.8396 0 -4.4069 0 0.010243 0
0.2855 17.8709 0 -4.41463 0 0.010261 0
0.286 17.9021 0 -4.42236 0 0.0102789 0
0.2865 17.9334 0 -4.4301 0 0.0102969 0
0.287 17.9647 0 -4.43783 0 0.0103149 0
0.2875 17.996 0 -4.44556 0 0.0103329 0
0.288 18.0273 0 -4.45329 0 0.0103508 0
0.2885 18.0586 0 -4.46102 0 0.0103688 0
0.289 18.0899 0 -4.46875 0 0.0103868 0
0.2895 18.1212 0 -4.47648 0 0.0104047 0
0.29 18.1525 0 -4.48422 0 0.0104227 0
0.2905 18.1838 0 -4.49195 0 0.0104407 0
0.291 18.2151 0 -4.49968 0 0.0104586 0
0.2915 18.2464 0 -4.50741 0 0.0104766 0
0.292 18.2777 0 -4.51514 0 0.0104946 0
0.2925 18.309 0 -4.52287 0 0.0105126 0
0.293 18.3403 0 -4.5306 0 0.0105305 0
0.2935 18.3716 0 -4.53834 0 0.0105485 0
0.294 18.4029 0 -4.54607 0 0.0105665 0
0.2945 18.4342 0 -4.5538 0 0.0105844 0
0.295 18.4655 0 -4.56153 0 0.0106024 0
0.2955 18.4968 0 -4.56926 0 0.0106204 0
0.296 18.5281 0 -4.57699 0 0.0106383 0
0.2965 18.5594 0 -4.58472 0 0.0106563 0
0.297 18.5907 0 -4.59246 0 0.0106743 0
0.2975 18.622 0 -4.60019 0 0.0106923 0
0.298 18.6533 0 -4.60792 0 0.0107102 0
0.2985 18.6846 0 -4.61565 0 0.0107282 0
0.299 18.7159 0 -4.62338 0 0.0107462 0
0.2995 18.7472 0 -4.63111 0 0.0107641 0
0.3 18.7785 0 -4.63884 0 0.0107821 0
0.3005 18.8098 0 -4.64658 0 0.0108001 0
0.301 18.8411 0 -4.65431 0 0.010818 0
0.3015 18.8724 0 -4.66204 0 0.010836 0
0.302 18.9037 0 -4.66977 0 0.010854 0
0.3025 18.935 0 -4.6775 0 0.010872 0
0.303 18.9663 0 -4.68523 0 0.0108899 0
0.3035 18.9976 0 -4.69296 0 0.0109079 0
0.304 19.0289 0 -4.7007 0 0.0109259 0
0.3045 19.0602 0 -4.70843 0 0.0109438 0
0.305 19.0915 0 -4.71616 0 0.0109618 0
0.3055 19.1227 0 -4.72389 0 0.0109798 0
0.306 19.154 0 -4.73162 0 0.0109977 0
0.3065 19.1853 0 -4.73935 0 0.0110157 0
0.307 19.2166 0 -4.74708 0 0.0110337 0
0.3075 19.2479 0 -4.75481 0 0.0110517 0
0.308 19.2792 0 -4.76255 0 0.0110696 0
0.3085 19.3105 0 -4.77028 0 0.0110876 0
0.309 19.3418 0 -4.77801 0 0.0111056 0
0.3095 19.3731 0 -4.78574 0 0.0111235 0
0.31 19.4044 0 -4.79347 0 0.0111415 0
0.3105 19.4357 0 -4.8012 0 0.0111595 0
0.311 19.467 0 -4.80893 0 0.0111775 0
0.3115 19.4983 0 -4.81667 0 0.0111954 0
0.312 19.5296 0 -4.8244 0 0.0112134 0
0.3125 19.5609 0 -4.83213 0 0.0112314 0
0.313 19.5922 0 -4.83986 0 0.0112493 0
0.3135 19.6235 0 -4.84759 0 0.0112673 0
0.314 19.6548 0 -4.85532 0 0.0112853 0
0.3145 19.6861 0 -4.86305 0 0.0113032 0
0.315 19.7174 0 -4.87079 0 0.0113212 0
0.3155 19.7487 0 -4.87852 0 0.0113392 0
0.316 19.78 0 -4.88625 0 0.0113572 0
0.3165 19.8113 0 -4.89398 0 0.0113751 0
0.317 19.8426 0 -4.90171 0 0.0113931 0
0.3175 19.8739 0 -4.90944 0 0.0114111 0
0.318 19.9052 0 -4.91717 0 0.011429 0
0.3185 19.9365 0 -4.92491 0 0.011447 0
0.319 19.9678 0 -4.93264 0 0.011465 0
0.3195 19.9991 0 -4.94037 0 0.0114829 0
0.32 20.0304 0 -4.9481 0 0.0115009 0
0.3205 20.0617 0 -4.95583 0 0.0115189 0
0.321 20.093 0 -4.96356 0 0.0115369 0
0.3215 20.1243 0 -4.97129 0 0.0115548 0
0.322 20.1556 0 -4.97903 0 0.0115728 0
0.3225 20.1869 0 -4.98676 0 0.0115908 0
0.323 20.2182 0 -4.99449 0 0.0116087 0
0.3235 20.2495 0 -5.00222 0 0.0116267 0
0.324 20.2808 0 -5.00995 0 0.0116447 0
0.3245 20.3121 0 -5.01768 0 0.0116626 0
0.325 20.3434 0 -5.02541 0 0.0116806 0
0.3255 20.3746 0 -5.03315 0 0.0116986 0
0.326 20.4059 0 -5.04088 0 0.0117166 0
0.3265 20.4372 0 -5.04861 0 0.0117345 0
0.327 20.4685 0 -5.05634 0 0.0117525 0
0.3275 20.4998 0 -5.06407 0 0.0117705 0
0.328 20.5311 0 -5.0718 0 0.0117884 0
0.3285 20.5624 0 -5.07953 0 0.0118064 0
0.329 20.5937 0 -5.08727 0 0.0118244 0
0.3295 20.625 0 -5.095 0 0.0118423 0
0.33 20.6563 0 -5.10273 0 0.0118603 0
0.3305 20.6876 0 -5.11046 0 0.0118783 0
0.331 20.7189 0 -5.11819 0 0.0118963 0
0.3315 20.7502 0 -5.12592 0 0.0119142 0
0.332 20.7815 0 -5.13365 0 0.0119322 0
0.3325 20.8128 0 -5.14139 0 0.0119502 0
0.333 20.8441 0 -5.14912 0 0.0119681 0
0.3335 20.8754 0 -5.15685 0 0.0119861 0
0.334 20.9067 0 -5.16458 0 0.0120041 0
0.3345 20.938 0 -5.17231 0 0.012022 0
0.335 20.9693 0 -5.18004 0 0.01204 0
0.3355 21.0006 0 -5.18777 0 0.012058 0
0.336 21.0319 0 -5.19551 0 0.012076 0
0.3365 21.0632 0 -5.20324 0 0.0120939 0
0.337 21.0945 0 -5.21097 0 0.0121119 0
0.3375 21.1258 0 -5.2187 0 0.0121299 0
0.338 21.1571 0 -5.22643 0 0.0121478 0
0.3385 21.1884 0 -5.23416 0 0.0121658 0
0.339 21.2197 0 -5.24189 0 0.0121838 0
0.3395 21.251 0 -5.24962 0 0.0122018 0
0.34 21.2823 0 -5.25736 0 0.0122197 0
0.3405 21.3136 0 -5.26509 0 0.0122377 0
0.341 21.3449 0 -5.27282 0 0.0122557 0
0.3415 21.3762 0 -5.28055 0 0.0122736 0
0.342 21.4075 0 -5.28828 0 0.0122916 0
0.3425 21.4388 0 -5.29601 0 0.0123096 0
0.343 21.4701 0 -5.30374 0 0.0123275 0
0.3435 21.5014 0 -5.31148 0 0.0123455 0
0.344 21.5327 0 -5.31921 0 0.0123635 0
0.3445 21.564 0 -5.32694 0 0.0123815 0
0.345 21.5952 0 -5.33467 0 0.0123994 0
0.3455 21.6265 0 -5.3424 0 0.0124174 0
0.346 21.6578 0 -5.35013 0 0.0124354 0
0.3465 21.6891 0 -5.35786 0 0.0124533 0
0.347 21.7204 0 -5.3656 0 0.0124713 0
0.3475 21.7517 0 -5.37333 0 0.0124893 0
0.348 21.783 0 -5.38106 0 0.0125072 0
0.3485 21.8143 0 -5.38879 0 0.0125252 0
0.349 21.8456 0 -5.39652 0 0.0125432 0
0.3495 21.8769 0 -5.40425 0 0.0125612 0
0.35 21.9082 0 -5.41198 0 0.0125791 0
0.3505 21.9395 0 -5.41972 0 0.0125971 0
0.351 21.9708 0 -5.42745 0 0.0126151 0
0.3515 22.0021 0 -5.43518 0 0.012633 0
0.352 22.0334 0 -5.44291 0 0.012651 0
0.3525 22.0647 0 -5.45064 0 0.012669 0
0.353 22.096 0 -5.45837 0 0.0126869 0
0.3535 22.1273 0 -5.4661 0 0.0127049 0
0.354 22.1586 0 -5.47384 0 0.0127229 0
0.3545 22.1899 0 -5.48157 0 0.0127409 0
0.355 22.2212 0 -5.4893 0 0.0127588 0
0.3555 22.2525 0 -5.49703 0 0.0127768 0
0.356 22.2838 0 -5.50476 0 0.0127948 0
0.3565 22.3151 0 -5.51249 0 0.0128127 0
0.357 22.3464 0 -5.52022 0 0.0128307 0
0.3575 22.3777 0 -5.52796 0 0.0128487 0
0.358 22.409 0 -5.53569 0 0.0128666 0
0.3585 22.4403 0 -5.54342 0 0.0128846 0
0.359 22.4716 0 -5.55115 0 0.0129026 0
0.3595 22.5029 0 -5.55888 0 0.0129206 0
0.36 22.5342 0 -5.56661 0 0.0129385 0
0.3605 22.5655 0 -5.57434 0 0.0129565 0
0.361 22.5968 0 -5.58208 0 0.0129745 0
0.3615 22.6281 0 -5.58981 0 0.0129924 0
0.362 22.6594 0 -5.59754 0 0.0130104 0
0.3625 22.6907 0 -5.60527 0 0.0130284 0
0.363 22.722 0 -5.613 0 0.0130463 0
0.3635 22.7533 0 -5.62073 0 0.0130643 0
0.364 22.7846 0 -5.62846 0 0.0130823 0
0.3645 22.8158 0 -5.6362 0 0.0131003 0
0.365 22.8471 0 -5.64393 0 0.0131182 0
0.3655 22.8784 0 -5.65166 0 0.0131362 0
0.366 22.9097 0 -5.65939 0 0.0131542 0
0.3665 22.941 0 -5.66712 0 0.0131721 0
0.367 22.9723 0 -5.67485 0 0.0131901 0
0.3675 23.0036 0 -5.68258 0 0.0132081 0
0.368 23.0349 0 -5.69032 0 0.0132261 0
0.3685 23.0662 0 -5.69805 0 0.013244 0
0.369 23.0975 0 -5.70578 0 0.013262 0
0.3695 23.1288 0 -5.71351 0 0.01328 0
0.37 23.1601 0 -5.72124 0 0.0132979 0
0.3705 23.1914 0 -5.72897 0 0.0133159 0
0.371 23.2227 0 -5.7367 0 0.0133339 0
0.3715 23.254 0 -5.74443 0 0.0133518 0
0.372 23.2853 0 -5.75217 0 0.0133698 0
0.3725 23.3166 0 -5.7599 0 0.0133878 0
0.373 23.3479 0 -5.76763 0 0.0134058 0
0.3735 23.3792 0 -5.77536 0 0.0134237 0
0.374 23.4105 0 -5.78309 0 0.0134417 0
0.3745 23.4418 0 -5.79082 0 0.0134597 0
0.375 23.4731 0 -5.79855 0 0.0134776 0
0.3755 23.5044 0 -5.80629 0 0.0134956 0
0.376 23.5357 0 -5.81402 0 0.0135136 0
0.3765 23.567 0 -5.82175 0 0.0135315 0
0.377 23.5983 0 -5.82948 0 0.0135495 0
0.3775 23.6296 0 -5.83721 0 0.0135675 0
0.378 23.6609 0 -5.84494 0 0.0135855 0
0.3785 23.6922 0 -5.85267 0 0.0136034 0
0.379 23.7235 0 -5.86041 0 0.0136214 0
0.3795 23.7548 0 -5.86814 0 0.0136394 0
0.38 23.7861 0 -5.87587 0 0.0136573 0
0.3805 23.8174 0 -5.8836 0 0.0136753 0
0.381 23.8487 0 -5.89133 0 0.0136933 0
0.3815 23.88 0 -5.89906 0 0.0137112 0
0.382 23.9113 0 -5.90679 0 0.0137292 0
0.3825 23.9426 0 -5.91453 0 0.0137472 0
0.383 23.9739 0 -5.92226 0 0.0137652 0
0.3835 24.0052 0 -5.92999 0 0.0137831 0
0.384 24.0365 0 -5.93772 0 0.0138011 0
0.3845 24.0677 0 -5.94545 0 0.0138191 0
0.385 24.099 0 -5.95318 0 0.013837 0
0.3855 24.1303 0 -5.96091 0 0.013855 0
0.386 24.1616 0 -5.96865 0 0.013873 0
0.3865 24.1929 0 -5.97638 0 0.0138909 0
0.387 24.2242 0 -5.98411 0 0.0139089 0
0.3875 24.2555 0 -5.99184 0 0.0139269 0
0.388 24.2868 0 -5.99957 0 0.0139449 0
0.3885 24.3181 0 -6.0073 0 0.0139628 0
0.389 24.3494 0 -6.01503 0 0.0139808 0
0.3895 24.3807 0 -6.02277 0 0.0139988 0
0.39 24.412 0 -6.0305 0 0.0140167 0
0.3905 24.4433 0 -6.03823 0 0.0140347 0
0.391 24.4746 0 -6.04596 0 0.0140527 0
0.3915 24.5059 0 -6.05369 0 0.0140706 0
0.392 24.5372 0 -6.06142 0 0.0140886 0
0.3925 24.5685 0 -6.06915 0 0.0141066 0
0.393 24.5998 0 -6.07689 0 0.0141246 0
0.3935 24.6311 0 -6.08462 0 0.0141425 0
0.394 24.6624 0 -6.09235 0 0.0141605 0
0.3945 24.6937 0 -6.10008 0 0.0141785 0
0.395 24.725 0 -6.10781 0 0.0141964 0
0.3955 24.7563 0 -6.11554 0 0.0142144 0
0.396 24.7876 0 -6.12327 0 0.0142324 0
0.3965 24.8189 0 -6.13101 0 0.0142504 0
0.397 24.8502 0 -6.13874 0 0.0142683 0
0.3975 24.8815 0 -6.14647 0 0.0142863 0
0.398 24.9128 0 -6.1542 0 0.0143043 0
0.3985 24.9441 0 -6.16193 0 0.0143222 0
0.399 24.9754 0 -6.16966 0 0.0143402 0
0.3995 25.0067 0 -6.17739 0 0.0143582 0
0.4 25.038 0 -6.18513 0 0.0143761 0
0.4005 25.0693 0 -6.19286 0 0.0143941 0
0.401 25.1006 0 -6.20059 0 0.0144121 0
0.4015 25.1319 0 -6.20832 0 0.0144301 0
0.402 25.1632 0 -6.21605 0 0.014448 0
0.4025 25.1945 0 -6.22378 0 0.014466 0
0.403 25.2258 0 -6.23151 0 0.014484 0
0.4035 25.2571 0 -6.23924 0 0.0145019 0
0.404 25.2883 0 -6.24698 0 0.0145199 0
0.4045 25.3196 0 -6.25471 0 0.0145379 0
0.405 25.3509 0 -6.26244 0 0.0145558 0
0.4055 25.3822 0 -6.27017 0 0.0145738 0
0.406 25.4135 0 -6.2779 0 0.0145918 0
0.4065 25.4448 0 -6.28563 0 0.0146098 0
0.407 25.4761 0 -6.29336 0 0.0146277 0
0.4075 25.5074 0 -6.3011 0 0.0146457 0
0.408 25.5387 0 -6.30883 0 0.0146637 0
0.4085 25.57 0 -6.31656 0 0.0146816 0
0.409 25.6013 0 -6.32429 0 0.0146996 0
0.4095 25.6326 0 -6.33202 0 0.0147176 0
0.41 25.6639 0 -6.33975 0 0.0147355 0
0.4105 25.6952 0 -6.34748 0 0.0147535 0
0.411 25.7265 0 -6.35522 0 0.0147715 0
0.4115 25.7578 0 -6.36295 0 0.0147895 0
0.412 25.7891 0 -6.37068 0 0.0148074 0
0.4125 25.8204 0 -6.37841 0 0.0148254 0
0.413 25.8517 0 -6.38614 0 0.0148434 0
0.4135 25.883 0 -6.39387 0 0.0148613 0
0.414 25.9143 0 -6.4016 0 0.0148793 0
0.4145 25.9456 0 -6.40934 0 0.0148973 0
0.415 25.9769 0 -6.41707 0 0.0149152 0
0.4155 26.0082 0 -6.4248 0 0.0149332 0
0.416 26.0395 0 -6.43253 0 0.0149512 0
0.4165 26.0708 0 -6.44026 0 0.0149692 0
0.417 26.1021 0 -6.44799 0 0.0149871 0
0.4175 26.1334 0 -6.45572 0 0.0150051 0
0.418 26.1647 0 -6.46346 0 0.0150231 0
0.4185 26.196 0 -6.47119 0 0.015041 0
0.419 26.2273 0 -6.47892 0 0.015059 0
0.4195 26.2586 0 -6.48665 0 0.015077 0
0.42 26.2899 0 -6.49438 0 0.0150949 0
0.4205 26.3212 0 -6.50211 0 0.0151129 0
0.421 26.3525 0 -6.50984 0 0.0151309 0
0.4215 26.3838 0 -6.51758 0 0.0151489 0
0.422 26.4151 0 -6.52531 0 0.0151668 0
0.4225 26.4464 0 -6.53304 0 0.0151848 0
0.423 26.4777 0 -6.54077 0 0.0152028 0
0.4235 26.509 0 -6.5485 0 0.0152207 0
0.424 26.5402 0 -6.55623 0 0.0152387 0
0.4245 26.5715 0 -6.56396 0 0.0152567 0
0.425 26.6028 0 -6.5717 0 0.0152747 0
0.4255 26.6341 0 -6.57943 0 0.0152926 0
0.426 26.6654 0 -6.58716 0 0.0153106 0
0.4265 26.6967 0 -6.59489 0 0.0153286 0
0.427 26.728 0 -6.60262 0 0.0153465 0
0.4275 26.7593 0 -6.61035 0 0.0153645 0
0.428 26.7906 0 -6.61808 0 0.0153825 0
0.4285 26.8219 0 -6.62582 0 0.0154004 0
0.429 26.8532 0 -6.63355 0 0.0154184 0
0.4295 26.8845 0 -6.64128 0 0.0154364 0
0.43 26.9158 0 -6.64901 0 0.0154544 0
0.4305 26.9471 0 -6.65674 0 0.0154723 0
0.431 26.9784 0 -6.66447 0 0.0154903 0
0.4315 27.0097 0 -6.6722 0 0.0155083 0
0.432 27.041 0 -6.67994 0 0.0155262 0
0.4325 27.0723 0 -6.68767 0 0.0155442 0
0.433 27.1036 0 -6.6954 0 0.0155622 0
0.4335 27.1349 0 -6.70313 0 0.0155801 0
0.434 27.1662 0 -6.71086 0 0.0155981 0
0.4345 27.1975 0 -6.71859 0 0.0156161 0
0.435 27.2288 0 -6.72632 0 0.0156341 0
0.4355 27.2601 0 -6.73405 0 0.015652 0
0.436 27.2914 0 -6.74179 0 0.01567 0
0.4365 27.3227 0 -6.74952 0 0.015688 0
0.437 27.354 0 -6.75725 0 0.0157059 0
0.4375 27.3853 0 -6.76498 0 0.0157239 0
0.438 27.4166 0 -6.77271 0 0.0157419 0
0.4385 27.4479 0 -6.78044 0 0.0157598 0
0.439 27.4792 0 -6.78817 0 0.0157778 0
0.4395 27.5105 0 -6.79591 0 0.0157958 0
0.44 27.5418 0 -6.80364 0 0.0158138 0
0.4405 27.5731 0 -6.81137 0 0.0158317 0
0.441 27.6044 0 -6.8191 0 0.0158497 0
0.4415 27.6357 0 -6.82683 0 0.0158677 0
0.442 27.667 0 -6.83456 0 0.0158856 0
0.4425 27.6983 0 -6.84229 0 0.0159036 0
0.443 27.7296 0 -6.85003 0 0.0159216 0
0.4435 27.7608 0 -6.85776 0 0.0159395 0
0.444 27.7921 0 -6.86549 0 0.0159575 0
0.4445 27.8234 0 -6.87322 0 0.0159755 0
0.445 27.8547 0 -6.88095 0 0.0159935 0
0.4455 27.886 0 -6.88868 0 0.0160114 0
0.446 27.9173 0 -6.89641 0 0.0160294 0
0.4465 27.9486 0 -6.90415 0 0.0160474 0
0.447 27.9799 0 -6.91188 0 0.0160653 0
0.4475 28.0112 0 -6.91961 0 0.0160833 0
0.448 28.0425 0 -6.92734 0 0.0161013 0
0.4485 28.0738 0 -6.93507 0 0.0161192 0
0.449 28.1051 0 -6.9428 0 0.0161372 0
0.4495 28.1364 0 -6.95053 0 0.0161552 0
0.45 28.1677 0 -6.95827 0 0.0161732 0
0.4505 28.199 0 -6.966 0 0.0161911 0
0.451 28.2303 0 -6.97373 0 0.0162091 0
0.4515 28.2616 0 -6.98146 0 0.0162271 0
0.452 28.2929 0 -6.98919 0 0.016245 0
0.4525 28.3242 0 -6.99692 0 0.016263 0
0.453 28.3555 0 -7.00465 0 0.016281 0
0.4535 28.3868 0 -7.01239 0 0.016299 0
0.454 28.4181 0 -7.02012 0 0.0163169 0
0.4545 28.4494 0 -7.02785 0 0.0163349 0
0.455 28.4807 0 -7.03558 0 0.0163529 0
0.4555 28.512 0 -7.04331 0 0.0163708 0
0.456 28.5433 0 -7.05104 0 0.0163888 0
0.4565 28.5746 0 -7.05877 0 0.0164068 0
0.457 28.6059 0 -7.06651 0 0.0164247 0
0.4575 28.6372 0 -7.07424 0 0.0164427 0
0.458 28.6685 0 -7.08197 0 0.0164607 0
0.4585 28.6998 0 -7.0897 0 0.0164787 0
0.459 28.7311 0 -7.09743 0 0.0164966 0
0.4595 28.7624 0 -7.10516 0 0.0165146 0
0.46 28.7937 0 -7.11289 0 0.0165326 0
0.4605 28.825 0 -7.12063 0 0.0165505 0
0.461 28.8563 0 -7.12836 0 0.0165685 0
0.4615 28.8876 0 -7.13609 0 0.0165865 0
0.462 28.9189 0 -7.14382 0 0.0166044 0
0.4625 28.9502 0 -7.15155 0 0.0166224 0
0.463 28.9814 0 -7.15928 0 0.0166404 0
0.4635 29.0127 0 -7.16701 0 0.0166584 0
0.464 29.044 0 -7.17475 0 0.0166763 0
0.4645 29.0753 0 -7.18248 0 0.0166943 0
0.465 29.1066 0 -7.19021 0 0.0167123 0
0.4655 29.1379 0 -7.19794 0 0.0167302 0
0.466 29.1692 0 -7.20567 0 0.0167482 0
0.4665 29.2005 0 -7.2134 0 0.0167662 0
0.467 29.2318 0 -7.22113 0 0.0167841 0
0.4675 29.2631 0 -7.22886 0 0.0168021 0
0.468 29.2944 0 -7.2366 0 0.0168201 0
0.4685 29.3257 0 -7.24433 0 0.0168381 0
0.469 29.357 0 -7.25206 0 0.016856 0
0.4695 29.3883 0 -7.25979 0 0.016874 0
0.47 29.4196 0 -7.26752 0 0.016892 0
0.4705 29.4509 0 -7.27525 0 0.0169099 0
0.471 29.4822 0 -7.28298 0 0.0169279 0
0.4715 29.5135 0 -7.29072 0 0.0169459 0
0.472 29.5448 0 -7.29845 0 0.0169638 0
0.4725 29.5761 0 -7.30618 0 0.0169818 0
0.473 29.6074 0 -7.31391 0 0.0169998 0
0.4735 29.6387 0 -7.32164 0 0.0170178 0
0.474 29.67 0 -7.32937 0 0.0170357 0
0.4745 29.7013 0 -7.3371 0 0.0170537 0
0.475 29.7326 0 -7.34484 0 0.0170717 0
0.4755 29.7639 0 -7.35257 0 0.0170896 0
0.476 29.7952 0 -7.3603 0 0.0171076 0
0.4765 29.8265 0 -7.36803 0 0.0171256 0
0.477 29.8578 0 -7.37576 0 0.0171435 0
0.4775 29.8891 0 -7.38349 0 0.0171615 0
0.478 29.9204 0 -7.39122 0 0.0171795 0
0.4785 29.9517 0 -7.39896 0 0.0171975 0
0.479 29.983 0 -7.40669 0 0.0172154 0
0.4795 30.0143 0 -7.41442 0 0.0172334 0
0.48 30.0456 0 -7.42215 0 0.0172514 0
0.4805 30.0769 0 -7.42988 0 0.0172693 0
0.481 30.1082 0 -7.43761 0 0.0172873 0
0.4815 30.1395 0 -7.44534 0 0.0173053 0
0.482 30.1708 0 -7.45308 0 0.0173233 0
0.4825 30.2021 0 -7.46081 0 0.0173412 0
0.483 30.2333 0 -7.46854 0 0.0173592 0
0.4835 30.2646 0 -7.47627 0 0.0173772 0
0.484 30.2959 0 -7.484 0 0.0173951 0
0.4845 30.3272 0 -7.49173 0 0.0174131 0
0.485 30.3585 0 -7.49946 0 0.0174311 0
0.4855 30.3898 0 -7.5072 0 0.017449 0
0.486 30.4211 0 -7.51493 0 0.017467 0
0.4865 30.4524 0 -7.52266 0 0.017485 0
0.487 30.4837 0 -7.53039 0 0.017503 0
0.4875 30.515 0 -7.53812 0 0.0175209 0
0.488 30.5463 0 -7.54585 0 0.0175389 0
0.4885 30.5776 0 -7.55358 0 0.0175569 0
0.489 30.6089 0 -7.56132 0 0.0175748 0
0.4895 30.6402 0 -7.56905 0 0.0175928 0
0.49 30.6715 0 -7.57678 0 0.0176108 0
0.4905 30.7028 0 -7.58451 0 0.0176287 0
0.491 30.7341 0 -7.59224 0 0.0176467 0
0.4915 30.7654 0 -7.59997 0 0.0176647 0
0.492 30.7967 0 -7.6077 0 0.0176827 0
0.4925 30.828 0 -7.61544 0 0.0177006 0
0.493 30.8593 0 -7.62317 0 0.0177186 0
0.4935 30.8906 0 -7.6309 0 0.0177366 0
0.494 30.9219 0 -7.63863 0 0.0177545 0
0.4945 30.9532 0 -7.64636 0 0.0177725 0
0.495 30.9845 0 -7.65409 0 0.0177905 0
0.4955 31.0158 0 -7.66182 0 0.0178084 0
0.496 31.0471 0 -7.66956 0 0.0178264 0
0.4965 31.0784 0 -7.67729 0 0.0178444 0
0.497 31.1097 0 -7.68502 0 0.0178624 0
0.4975 31.141 0 -7.69275 0 0.0178803 0
0.498 31.1723 0 -7.70048 0 0.0178983 0
0.4985 31.2036 0 -7.70821 0 0.0179163 0
0.499 31.2349 0 -7.71594 0 0.0179342 0
0.4995 31.2662 0 -7.72367 0 0.0179522 0
0.5 31.2975 0 -7.73141 0 0.0179702 0
0.5005 31.3288 0 -7.73914 0 0.0179881 0
0.501 31.3601 0 -7.74687 0 0.0180061 0
0.5015 31.3914 0 -7.7546 0 0.0180241 0
0.502 31.4227 0 -7.76233 0 0.0180421 0
0.5025 31.4539 0 -7.77006 0 0.01806 0
0.503 31.4852 0 -7.77779 0 0.018078 0
0.5035 31.5165 0 -7.78553 0 0.018096 0
0.504 31.5478 0 -7.79326 0 0.0181139 0
0.5045 31.5791 0 -7.80099 0 0.0181319 0
0.505 31.6104 0 -7.80872 0 0.0181499 0
0.5055 31.6417 0 -7.81645 0 0.0181678 0
0.506 31.673 0 -7.82418 0 0.0181858 0
0.5065 31.7043 0 -7.83191 0 0.0182038 0
0.507 31.7356 0 -7.83965 0 0.0182218 0
0.5075 31.7669 0 -7.84738 0 0.0182397 0
0.508 31.7982 0 -7.85511 0 0.0182577 0
0.5085 31.8295 0 -7.86284 0 0.0182757 0
0.509 31.8608 0 -7.87057 0 0.0182936 0
0.5095 31.8921 0 -7.8783 0 0.0183116 0
0.51 31.9234 0 -7.88603 0 0.0183296 0
0.5105 31.9547 0 -7.89377 0 0.0183476 0
0.511 31.986 0 -7.9015 0 0.0183655 0
0.5115 32.0173 0 -7.90923 0 0.0183835 0
0.512 32.0486 0 -7.91696 0 0.0184015 0
0.5125 32.0799 0 -7.92469 0 0.0184194 0
0.513 32.1112 0 -7.93242 0 0.0184374 0
0.5135 32.1425 0 -7.94015 0 0.0184554 0
0.514 32.1738 0 -7.94789 0 0.0184733 0
0.5145 32.2051 0 -7.95562 0 0.0184913 0
0.515 32.2364 0 -7.96335 0 0.0185093 0
0.5155 32.2677 0 -7.97108 0 0.0185273 0
0.516 32.299 0 -7.97881 0 0.0185452 0
0.5165 32.3303 0 -7.98654 0 0.0185632 0
0.517 32.3616 0 -7.99427 0 0.0185812 0
0.5175 32.3929 0 -8.00201 0 0.0185991 0
0.518 32.4242 0 -8.00974 0 0.0186171 0
0.5185 32.4555 0 -8.01747 0 0.0186351 0
0.519 32.4868 0 -8.0252 0 0.018653 0
0.5195 32.5181 0 -8.03293 0 0.018671 0
0.52 32.5494 0 -8.04066 0 0.018689 0
0.5205 32.5807 0 -8.04839 0 0.018707 0
0.521 32.612 0 -8.05613 0 0.0187249 0
0.5215 32.6433 0 -8.06386 0 0.0187429 0
0.522 32.6746 0 -8.07159 0 0.0187609 0
0.5225 32.7058 0 -8.07932 0 0.0187788 0
0.523 32.7371 0 -8.08705 0 0.0187968 0
0.5235 32.7684 0 -8.09478 0 0.0188148 0
0.524 32.7997 0 -8.10251 0 0.0188327 0
0.5245 32.831 0 -8.11025 0 0.0188507 0
0.525 32.8623 0 -8.11798 0 0.0188687 0
0.5255 32.8936 0 -8.12571 0 0.0188867 0
0.526 32.9249 0 -8.13344 0 0.0189046 0
0.5265 32.9562 0 -8.14117 0 0.0189226 0
0.527 32.9875 0 -8.1489 0 0.0189406 0
0.5275 33.0188 0 -8.15663 0 0.0189585 0
0.528 33.0501 0 -8.16437 0 0.0189765 0
0.5285 33.0814 0 -8.1721 0 0.0189945 0
0.529 33.1127 0 -8.17983 0 0.0190124 0
0.5295 33.144 0 -8.18756 0 0.0190304 0
0.53 33.1753 0 -8.19529 0 0.0190484 0
0.5305 33.2066 0 -8.20302 0 0.0190664 0
0.531 33.2379 0 -8.21075 0 0.0190843 0
0.5315 33.2692 0 -8.21848 0 0.0191023 0
0.532 33.3005 0 -8.22622 0 0.0191203 0
0.5325 33.3318 0 -8.23395 0 0.0191382 0
0.533 33.3631 0 -8.24168 0 0.0191562 0
0.5335 33.3944 0 -8.24941 0 0.0191742 0
0.534 33.4257 0 -8.25714 0 0.0191921 0
0.5345 33.457 0 -8.26487 0 0.0192101 0
0.535 33.4883 0 -8.2726 0 0.0192281 0
0.5355 33.5196 0 -8.28034 0 0.0192461 0
0.536 33.5509 0 -8.28807 0 0.019264 0
0.5365 33.5822 0 -8.2958 0 0.019282 0
0.537 33.6135 0 -8.30353 0 0.0193 0
0.5375 33.6448 0 -8.31126 0 0.0193179 0
0.538 33.6761 0 -8.31899 0 0.0193359 0
0.5385 33.7074 0 -8.32672 0 0.0193539 0
0.539 33.7387 0 -8.33446 0 0.0193719 0
0.5395 33.77 0 -8.34219 0 0.0193898 0
0.54 33.8013 0 -8.34992 0 0.0194078 0
0.5405 33.8326 0 -8.35765 0 0.0194258 0
0.541 33.8639 0 -8.36538 0 0.0194437 0
0.5415 33.8952 0 -8.37311 0 0.0194617 0
0.542 33.9264 0 -8.38084 0 0.0194797 0
0.5425 33.9577 0 -8.38858 0 0.0194976 0
0.543 33.989 0 -8.39631 0 0.0195156 0
0.5435 34.0203 0 -8.40404 0 0.0195336 0
0.544 34.0516 0 -8.41177 0 0.0195516 0
0.5445 34.0829 0 -8.4195 0 0.0195695 0
0.545 34.1142 0 -8.42723 0 0.0195875 0
0.5455 34.1455 0 -8.43496 0 0.0196055 0
0.546 34.1768 0 -8.4427 0 0.0196234 0
0.5465 34.2081 0 -8.45043 0 0.0196414 0
0.547 34.2394 0 -8.45816 0 0.0196594 0
0.5475 34.2707 0 -8.46589 0 0.0196773 0
0.548 34.302 0 -8.47362 0 0.0196953 0
0.5485 34.3333 0 -8.48135 0 0.0197133 0
0.549 34.3646 0 -8.48908 0 0.0197313 0
0.5495 34.3959 0 -8.49682 0 0.0197492 0
0.55 34.4272 0 -8.50455 0 0.0197672 0
0.5505 34.4585 0 -8.51228 0 0.0197852 0
0.551 34.4898 0 -8.52001 0 0.0198031 0
0.5515 34.5211 0 -8.52774 0 0.0198211 0
0.552 34.5524 0 -8.53547 0 0.0198391 0
0.5525 34.5837 0 -8.5432 0 0.019857 0
0.553 34.615 0 -8.55094 0 0.019875 0
0.5535 34.6463 0 -8.55867 0 0.019893 0
0.554 34.6776 0 -8.5664 0 0.019911 0
0.5545 34.7089 0 -8.57413 0 0.0199289 0
0.555 34.7402 0 -8.58186 0 0.0199469 0
0.5555 34.7715 0 -8.58959 0 0.0199649 0
0.556 34.8028 0 -8.59732 0 0.0199828 0
0.5565 34.8341 0 -8.60506 0 0.0200008 0
0.557 34.8654 0 -8.61279 0 0.0200188 0
0.5575 34.8967 0 -8.62052 0 0.0200367 0
0.558 34.928 0 -8.62825 0 0.0200547 0
0.5585 34.9593 0 -8.63598 0 0.0200727 0
0.559 34.9906 0 -8.64371 0 0.0200907 0
0.5595 35.0219 0 -8.65144 0 0.0201086 0
0.56 35.0532 0 -8.65918 0 0.0201266 0
0.5605 35.0845 0 -8.66691 0 0.0201446 0
0.561 35.1158 0 -8.67464 0 0.0201625 0
0.5615 35.147 0 -8.68237 0 0.0201805 0
0.562 35.1783 0 -8.6901 0 0.0201985 0
0.5625 35.2096 0 -8.69783 0 0.0202164 0
0.563 35.2409 0 -8.70556 0 0.0202344 0
0.5635 35.2722 0 -8.71329 0 0.0202524 0
0.564 35.3035 0 -8.72103 0 0.0202704 0
0.5645 35.3348 0 -8.72876 0 0.0202883 0
0.565 35.3661 0 -8.73649 0 0.0203063 0
0.5655 35.3974 0 -8.74422 0 0.0203243 0
0.566 35.4287 0 -8.75195 0 0.0203422 0
0.5665 35.46 0 -8.75968 0 0.0203602 0
0.567 35.4913 0 -8.76741 0 0.0203782 0
0.5675 35.5226 0 -8.77515 0 0.0203962 0
0.568 35.5539 0 -8.78288 0 0.0204141 0
0.5685 35.5852 0 -8.79061 0 0.0204321 0
0.569 35.6165 0 -8.79834 0 0.0204501 0
0.5695 35.6478 0 -8.80607 0 0.020468 0
0.57 35.6791 0 -8.8138 0 0.020486 0
0.5705 35.7104 0 -8.82153 0 0.020504 0
0.571 35.7417 0 -8.82927 0 0.0205219 0
0.5715 35.773 0 -8.837 0 0.0205399 0
0.572 35.8043 0 -8.84473 0 0.0205579 0
0.5725 35.8356 0 -8.85246 0 0.0205759 0
0.573 35.8669 0 -8.86019 0 0.0205938 0
0.5735 35.8982 0 -8.86792 0 0.0206118 0
0.574 35.9295 0 -8.87565 0 0.0206298 0
0.5745 35.9608 0 -8.88339 0 0.0206477 0
0.575 35.9921 0 -8.89112 0 0.0206657 0
0.5755 36.0234 0 -8.89885 0 0.0206837 0
0.576 36.0547 0 -8.90658 0 0.0207016 0
0.5765 36.086 0 -8.91431 0 0.0207196 0
0.577 36.1173 0 -8.92204 0 0.0207376 0
0.5775 36.1486 0 -8.92977 0 0.0207556 0
0.578 36.1799 0 -8.93751 0 0.0207735 0
0.5785 36.2112 0 -8.94524 0 0.0207915 0
0.579 36.2425 0 -8.95297 0 0.0208095 0
0.5795 36.2738 0 -8.9607 0 0.0208274 0
0.58 36.3051 0 -8.96843 0 0.0208454 0
0.5805 36.3364 0 -8.97616 0 0.0208634 0
0.581 36.3677 0 -8.98389 0 0.0208813 0
0.5815 36.3989 0 -8.99163 0 0.0208993 0
0.582 36.4302 0 -8.99936 0 0.0209173 0
0.5825 36.4615 0 -9.00709 0 0.0209353 0
0.583 36.4928 0 -9.01482 0 0.0209532 0
0.5835 36.5241 0 -9.02255 0 0.0209712 0
0.584 36.5554 0 -9.03028 0 0.0209892 0
0.5845 36.5867 0 -9.03801 0 0.0210071 0
0.585 36.618 0 -9.04575 0 0.0210251 0
0.5855 36.6493 0 -9.05348 0 0.0210431 0
0.586 36.6806 0 -9.06121 0 0.021061 0
0.5865 36.7119 0 -9.06894 0 0.021079 0
0.587 36.7432 0 -9.07667 0 0.021097 0
0.5875 36.7745 0 -9.0844 0 0.021115 0
0.588 36.8058 0 -9.09213 0 0.0211329 0
0.5885 36.8371 0 -9.09987 0 0.0211509 0
0.589 36.8684 0 -9.1076 0 0.0211689 0
0.5895 36.8997 0 -9.11533 0 0.0211868 0
0.59 36.931 0 -9.12306 0 0.0212048 0
0.5905 36.9623 0 -9.13079 0 0.0212228 0
0.591 36.9936 0 -9.13852 0 0.0212407 0
0.5915 37.0249 0 -9.14625 0 0.0212587 0
0.592 37.0562 0 -9.15399 0 0.0212767 0
0.5925 37.0875 0 -9.16172 0 0.0212947 0
0.593 37.1188 0 -9.16945 0 0.0213126 0
0.5935 37.1501 0 -9.17718 0 0.0213306 0
0.594 37.1814 0 -9.18491 0 0.0213486 0
0.5945 37.2127 0 -9.19264 0 0.0213665 0
0.595 37.244 0 -9.20037 0 0.0213845 0
0.5955 37.2753 0 -9.2081 0 0.0214025 0
0.596 37.3066 0 -9.21584 0 0.0214205 0
0.5965 37.3379 0 -9.22357 0 0.0214384 0
0.597 37.3692 0 -9.2313 0 0.0214564 0
0.5975 37.4005 0 -9.23903 0 0.0214744 0
0.598 37.4318 0 -9.24676 0 0.0214923 0
0.5985 37.4631 0 -9.25449 0 0.0215103 0
0.599 37.4944 0 -9.26222 0 0.0215283 0
0.5995 37.5257 0 -9.26996 0 0.0215462 0
0.6 37.557 0 -9.27769 0 0.0215642 0
0.6005 37.5883 0 -9.28542 0 0.0215822 0
0.601 37.6195 0 -9.29315 0 0.0216002 0
0.6015 37.6508 0 -9.30088 0 0.0216181 0
0.602 37.6821 0 -9.30861 0 0.0216361 0
0.6025 37.7134 0 -9.31634 0 0.0216541 0
0.603 37.7447 0 -9.32408 0 0.021672 0
0.6035 37.776 0 -9.33181 0 0.02169 0
0.604 37.8073 0 -9.33954 0 0.021708 0
0.6045 37.8386 0 -9.34727 0 0.0217259 0
0.605 37.8699 0 -9.355 0 0.0217439 0
0.6055 37.9012 0 -9.36273 0 0.0217619 0
0.606 37.9325 0 -9.37046 0 0.0217799 0
0.6065 37.9638 0 -9.3782 0 0.0217978 0
0.607 37.9951 0 -9.38593 0 0.0218158 0
0.6075 38.0264 0 -9.39366 0 0.0218338 0
0.608 38.0577 0 -9.40139 0 0.0218517 0
0.6085 38.089 0 -9.40912 0 0.0218697 0
0.609 38.1203 0 -9.41685 0 0.0218877 0
0.6095 38.1516 0 -9.42458 0 0.0219056 0
0.61 38.1829 0 -9.43232 0 0.0219236 0
0.6105 38.2142 0 -9.44005 0 0.0219416 0
0.611 38.2455 0 -9.44778 0 0.0219596 0
0.6115 38.2768 0 -9.45551 0 0.0219775 0
0.612 38.3081 0 -9.46324 0 0.0219955 0
0.6125 38.3394 0 -9.47097 0 0.0220135 0
0.613 38.3707 0 -9.4787 0 0.0220314 0
0.6135 38.402 0 -9.48644 0 0.0220494 0
0.614 38.4333 0 -9.49417 0 0.0220674 0
0.6145 38.4646 0 -9.5019 0 0.0220853 0
0.615 38.4959 0 -9.50963 0 0.0221033 0
0.6155 38.5272 0 -9.51736 0 0.0221213 0
0.616 38.5585 0 -9.52509 0 0.0221393 0
0.6165 38.5898 0 -9.53282 0 0.0221572 0
0.617 38.6211 0 -9.54056 0 0.0221752 0
0.6175 38.6524 0 -9.54829 0 0.0221932 0
0.618 38.6837 0 -9.55602 0 0.0222111 0
0.6185 38.715 0 -9.56375 0 0.0222291 0
0.619 38.7463 0 -9.57148 0 0.0222471 0
0.6195 38.7776 0 -9.57921 0 0.022265 0
0.62 38.8089 0 -9.58694 0 0.022283 0
0.6205 38.8402 0 -9.59468 0 0.022301 0
0.621 38.8714 0 -9.60241 0 0.022319 0
0.6215 38.9027 0 -9.61014 0 0.0223369 0
0.622 38.934 0 -9.61787 0 0.0223549 0
0.6225 38.9653 0 -9.6256 0 0.0223729 0
0.623 38.9966 0 -9.63333 0 0.0223908 0
0.6235 39.0279 0 -9.64106 0 0.0224088 0
0.624 39.0592 0 -9.6488 0 0.0224268 0
0.6245 39.0905 0 -9.65653 0 0.0224448 0
0.625 39.1218 0 -9.66426 0 0.0224627 0
0.6255 39.1531 0 -9.67199 0 0.0224807 0
0.626 39.1844 0 -9.67972 0 0.0224987 0
0.6265 39.2157 0 -9.68745 0 0.0225166 0
0.627 39.247 0 -9.69518 0 0.0225346 0
0.6275 39.2783 0 -9.70291 0 0.0225526 0
0.628 39.3096 0 -9.71065 0 0.0225705 0
0.6285 39.3409 0 -9.71838 0 0.0225885 0
0.629 39.3722 0 -9.72611 0 0.0226065 0
0.6295 39.4035 0 -9.73384 0 0.0226245 0
0.63 39.4348 0 -9.74157 0 0.0226424 0
0.6305 39.4661 0 -9.7493 0 0.0226604 0
0.631 39.4974 0 -9.75703 0 0.0226784 0
0.6315 39.5287 0 -9.76477 0 0.0226963 0
0.632 39.56 0 -9.7725 0 0.0227143 0
0.6325 39.5913 0 -9.78023 0 0.0227323 0
0.633 39.6226 0 -9.78796 0 0.0227502 0
0.6335 39.6539 0 -9.79569 0 0.0227682 0
0.634 39.6852 0 -9.80342 0 0.0227862 0
0.6345 39.7165 0 -9.81115 0 0.0228042 0
0.635 39.7478 0 -9.81889 0 0.0228221 0
0.6355 39.7791 0 -9.82662 0 0.0228401 0
0.636 39.8104 0 -9.83435 0 0.0228581 0
0.6365 39.8417 0 -9.84208 0 0.022876 0
0.637 39.873 0 -9.84981 0 0.022894 0
0.6375 39.9043 0 -9.85754 0 0.022912 0
0.638 39.9356 0 -9.86527 0 0.0229299 0
0.6385 39.9669 0 -9.87301 0 0.0229479 0
0.639 39.9982 0 -9.88074 0 0.0229659 0
0.6395 40.0295 0 -9.88847 0 0.0229839 0
0.64 40.0608 0 -9.8962 0 0.0230018 0
0.6405 40.092 0 -9.90393 0 0.0230198 0
0.641 40.1233 0 -9.91166 0 0.0230378 0
0.6415 40.1546 0 -9.91939 0 0.0230557 0
0.642 40.1859 0 -9.92713 0 0.0230737 0
0.6425 40.2172 0 -9.93486 0 0.0230917 0
0.643 40.2485 0 -9.94259 0 0.0231096 0
0.6435 40.2798 0 -9.95032 0 0.0231276 0
0.644 40.3111 0 -9.95805 0 0.0231456 0
0.6445 40.3424 0 -9.96578 0 0.0231636 0
0.645 40.3737 0 -9.97351 0 0.0231815 0
0.6455 40.405 0 -9.98125 0 0.0231995 0
0.646 40.4363 0 -9.98898 0 0.0232175 0
0.6465 40.4676 0 -9.99671 0 0.0232354 0
0.647 40.4989 0 -10.0044 0 0.0232534 0
0.6475 40.5302 0 -10.0122 0 0.0232714 0
0.648 40.5615 0 -10.0199 0 0.0232893 0
0.6485 40.5928 0 -10.0276 0 0.0233073 0
0.649 40.6241 0 -10.0354 0 0.0233253 0
0.6495 40.6554 0 -10.0431 0 0.0233433 0
0.65 40.6867 0 -10.0508 0 0.0233612 0
0.6505 40.718 0 -10.0586 0 0.0233792 0
0.651 40.7493 0 -10.0663 0 0.0233972 0
0.6515 40.7806 0 -10.074 0 0.0234151 0
0.652 40.8119 0 -10.0818 0 0.0234331 0
0.6525 40.8432 0 -10.0895 0 0.0234511 0
0.653 40.8745 0 -10.0972 0 0.0234691 0
0.6535 40.9058 0 -10.1049 0 0.023487 0
0.654 40.9371 0 -10.1127 0 0.023505 0
0.6545 40.9684 0 -10.1204 0 0.023523 0
0.655 40.9997 0 -10.1281 0 0.0235409 0
0.6555 41.031 0 -10.1359 0 0.0235589 0
0.656 41.0623 0 -10.1436 0 0.0235769 0
0.6565 41.0936 0 -10.1513 0 0.0235948 0
0.657 41.1249 0 -10.1591 0 0.0236128 0
0.6575 41.1562 0 -10.1668 0 0.0236308 0
0.658 41.1875 0 -10.1745 0 0.0236488 0
0.6585 41.2188 0 -10.1823 0 0.0236667 0
0.659 41.2501 0 -10.19 0 0.0236847 0
0.6595 41.2814 0 -10.1977 0 0.0237027 0
0.66 41.3126 0 -10.2055 0 0.0237206 0
0.6605 41.3439 0 -10.2132 0 0.0237386 0
0.661 41.3752 0 -10.2209 0 0.0237566 0
0.6615 41.4065 0 -10.2287 0 0.0237745 0
0.662 41.4378 0 -10.2364 0 0.0237925 0
0.6625 41.4691 0 -10.2441 0 0.0238105 0
0.663 41.5004 0 -10.2518 0 0.0238285 0
0.6635 41.5317 0 -10.2596 0 0.0238464 0
0.664 41.563 0 -10.2673 0 0.0238644 0
0.6645 41.5943 0 -10.275 0 0.0238824 0
0.665 41.6256 0 -10.2828 0 0.0239003 0
0.6655 41.6569 0 -10.2905 0 0.0239183 0
0.666 41.6882 0 -10.2982 0 0.0239363 0
0.6665 41.7195 0 -10.306 0 0.0239542 0
0.667 41.7508 0 -10.3137 0 0.0239722 0
0.6675 41.7821 0 -10.3214 0 0.0239902 0
0.668 41.8134 0 -10.3292 0 0.0240082 0
0.6685 41.8447 0 -10.3369 0 0.0240261 0
0.669 41.876 0 -10.3446 0 0.0240441 0
0.6695 41.9073 0 -10.3524 0 0.0240621 0
0.67 41.9386 0 -10.3601 0 0.02408 0
0.6705 41.9699 0 -10.3678 0 0.024098 0
0.671 42.0012 0 -10.3755 0 0.024116 0
0.6715 42.0325 0 -10.3833 0 0.0241339 0
0.672 42.0638 0 -10.391 0 0.0241519 0
0.6725 42.0951 0 -10.3987 0 0.0241699 0
0.673 42.1264 0 -10.4065 0 0.0241879 0
0.6735 42.1577 0 -10.4142 0 0.0242058 0
0.674 42.189 0 -10.4219 0 0.0242238 0
0.6745 42.2203 0 -10.4297 0 0.0242418 0
0.675 42.2516 0 -10.4374 0 0.0242597 0
0.6755 42.2829 0 -10.4451 0 0.0242777 0
0.676 42.3142 0 -10.4529 0 0.0242957 0
0.6765 42.3455 0 -10.4606 0 0.0243136 0
0.677 42.3768 0 -10.4683 0 0.0243316 0
0.6775 42.4081 0 -10.4761 0 0.0243496 0
0.678 42.4394 0 -10.4838 0 0.0243676 0
0.6785 42.4707 0 -10.4915 0 0.0243855 0
0.679 42.502 0 -10.4992 0 0.0244035 0
0.6795 42.5333 0 -10.507 0 0.0244215 0
0.68 42.5645 0 -10.5147 0 0.0244394 0
0.6805 42.5958 0 -10.5224 0 0.0244574 0
0.681 42.6271 0 -10.5302 0 0.0244754 0
0.6815 42.6584 0 -10.5379 0 0.0244934 0
0.682 42.6897 0 -10.5456 0 0.0245113 0
0.6825 42.721 0 -10.5534 0 0.0245293 0
0.683 42.7523 0 -10.5611 0 0.0245473 0
0.6835 42.7836 0 -10.5688 0 0.0245652 0
0.684 42.8149 0 -10.5766 0 0.0245832 0
0.6845 42.8462 0 -10.5843 0 0.0246012 0
0.685 42.8775 0 -10.592 0 0.0246191 0
0.6855 42.9088 0 -10.5998 0 0.0246371 0
0.686 42.9401 0 -10.6075 0 0.0246551 0
0.6865 42.9714 0 -10.6152 0 0.0246731 0
0.687 43.0027 0 -10.623 0 0.024691 0
0.6875 43.034 0 -10.6307 0 0.024709 0
0.688 43.0653 0 -10.6384 0 0.024727 0
0.6885 43.0966 0 -10.6461 0 0.0247449 0
0.689 43.1279 0 -10.6539 0 0.0247629 0
0.6895 43.1592 0 -10.6616 0 0.0247809 0
0.69 43.1905 0 -10.6693 0 0.0247988 0
0.6905 43.2218 0 -10.6771 0 0.0248168 0
0.691 43.2531 0 -10.6848 0 0.0248348 0
0.6915 43.2844 0 -10.6925 0 0.0248528 0
0.692 43.3157 0 -10.7003 0 0.0248707 0
0.6925 43.347 0 -10.708 0 0.0248887 0
0.693 43.3783 0 -10.7157 0 0.0249067 0
0.6935 43.4096 0 -10.7235 0 0.0249246 0
0.694 43.4409 0 -10.7312 0 0.0249426 0
0.6945 43.4722 0 -10.7389 0 0.0249606 0
0.695 43.5035 0 -10.7467 0 0.0249785 0
0.6955 43.5348 0 -10.7544 0 0.0249965 0
0.696 43.5661 0 -10.7621 0 0.0250145 0
0.6965 43.5974 0 -10.7698 0 0.0250325 0
0.697 43.6287 0 -10.7776 0 0.0250504 0
0.6975 43.66 0 -10.7853 0 0.0250684 0
0.698 43.6913 0 -10.793 0 0.0250864 0
0.6985 43.7226 0 -10.8008 0 0.0251043 0
0.699 43.7539 0 -10.8085 0 0.0251223 0
0.6995 43.7851 0 -10.8162 0 0.0251403 0
0.7 43.8164 0 -10.824 0 0.0251582 0
0.7005 43.8477 0 -10.8317 0 0.0251762 0
0.701 43.879 0 -10.8394 0 0.0251942 0
0.7015 43.9103 0 -10.8472 0 0.0252122 0
0.702 43.9416 0 -10.8549 0 0.0252301 0
0.7025 43.9729 0 -10.8626 0 0.0252481 0
0.703 44.0042 0 -10.8704 0 0.0252661 0
0.7035 44.0355 0 -10.8781 0 0.025284 0
0.704 44.0668 0 -10.8858 0 0.025302 0
0.7045 44.0981 0 -10.8936 0 0.02532 0
0.705 44.1294 0 -10.9013 0 0.0253379 0
0.7055 44.1607 0 -10.909 0 0.0253559 0
0.706 44.192 0 -10.9167 0 0.0253739 0
0.7065 44.2233 0 -10.9245 0 0.0253919 0
0.707 44.2546 0 -10.9322 0 0.0254098 0
0.7075 44.2859 0 -10.9399 0 0.0254278 0
0.708 44.3172 0 -10.9477 0 0.0254458 0
0.7085 44.3485 0 -10.9554 0 0.0254637 0
0.709 44.3798 0 -10.9631 0 0.0254817 0
0.7095 44.4111 0 -10.9709 0 0.0254997 0
0.71 44.4424 0 -10.9786 0 0.0255177 0
0.7105 44.4737 0 -10.9863 0 0.0255356 0
0.711 44.505 0 -10.9941 0 0.0255536 0
0.7115 44.5363 0 -11.0018 0 0.0255716 0
0.712 44.5676 0 -11.0095 0 0.0255895 0
0.7125 44.5989 0 -11.0173 0 0.0256075 0
0.713 44.6302 0 -11.025 0 0.0256255 0
0.7135 44.6615 0 -11.0327 0 0.0256434 0
0.714 44.6928 0 -11.0404 0 0.0256614 0
0.7145 44.7241 0 -11.0482 0 0.0256794 0
0.715 44.7554 0 -11.0559 0 0.0256974 0
0.7155 44.7867 0 -11.0636 0 0.0257153 0
0.716 44.818 0 -11.0714 0 0.0257333 0
0.7165 44.8493 0 -11.0791 0 0.0257513 0
0.717 44.8806 0 -11.0868 0 0.0257692 0
0.7175 44.9119 0 -11.0946 0 0.0257872 0
0.718 44.9432 0 -11.1023 0 0.0258052 0
0.7185 44.9745 0 -11.11 0 0.0258231 0
0.719 45.0058 0 -11.1178 0 0.0258411 0
0.7195 45.037 0 -11.1255 0 0.0258591 0
0.72 45.0683 0 -11.1332 0 0.0258771 0
0.7205 45.0996 0 -11.141 0 0.025895 0
0.721 45.1309 0 -11.1487 0 0.025913 0
0.7215 45.1622 0 -11.1564 0 0.025931 0
0.722 45.1935 0 -11.1642 0 0.0259489 0
0.7225 45.2248 0 -11.1719 0 0.0259669 0
0.723 45.2561 0 -11.1796 0 0.0259849 0
0.7235 45.2874 0 -11.1873 0 0.0260028 0
0.724 45.3187 0 -11.1951 0 0.0260208 0
0.7245 45.35 0 -11.2028 0 0.0260388 0
0.725 45.3813 0 -11.2105 0 0.0260568 0
0.7255 45.4126 0 -11.2183 0 0.0260747 0
0.726 45.4439 0 -11.226 0 0.0260927 0
0.7265 45.4752 0 -11.2337 0 0.0261107 0
0.727 45.5065 0 -11.2415 0 0.0261286 0
0.7275 45.5378 0 -11.2492 0 0.0261466 0
0.728 45.5691 0 -11.2569 0 0.0261646 0
0.7285 45.6004 0 -11.2647 0 0.0261825 0
0.729 45.6317 0 -11.2724 0 0.0262005 0
0.7295 45.663 0 -11.2801 0 0.0262185 0
0.73 45.6943 0 -11.2879 0 0.0262365 0
0.7305 45.7256 0 -11.2956 0 0.0262544 0
0.731 45.7569 0 -11.3033 0 0.0262724 0
0.7315 45.7882 0 -11.311 0 0.0262904 0
0.732 45.8195 0 -11.3188 0 0.0263083 0
0.7325 45.8508 0 -11.3265 0 0.0263263 0
0.733 45.8821 0 -11.3342 0 0.0263443 0
0.7335 45.9134 0 -11.342 0 0.0263622 0
0.734 45.9447 0 -11.3497 0 0.0263802 0
0.7345 45.976 0 -11.3574 0 0.0263982 0
0.735 46.0073 0 -11.3652 0 0.0264162 0
0.7355 46.0386 0 -11.3729 0 0.0264341 0
0.736 46.0699 0 -11.3806 0 0.0264521 0
0.7365 46.1012 0 -11.3884 0 0.0264701 0
0.737 46.1325 0 -11.3961 0 0.026488 0
0.7375 46.1638 0 -11.4038 0 0.026506 0
0.738 46.1951 0 -11.4116 0 0.026524 0
0.7385 46.2264 0 -11.4193 0 0.026542 0
0.739 46.2576 0 -11.427 0 0.0265599 0
0.7395 46.2889 0 -11.4347 0 0.0265779 0
0.74 46.3202 0 -11.4425 0 0.0265959 0
0.7405 46.3515 0 -11.4502 0 0.0266138 0
0.741 46.3828 0 -11.4579 0 0.0266318 0
0.7415 46.4141 0 -11.4657 0 0.0266498 0
0.742 46.4454 0 -11.4734 0 0.0266677 0
0.7425 46.4767 0 -11.4811 0 0.0266857 0
0.743 46.508 0 -11.4889 0 0.0267037 0
0.7435 46.5393 0 -11.4966 0 0.0267217 0
0.744 46.5706 0 -11.5043 0 0.0267396 0
0.7445 46.6019 0 -11.5121 0 0.0267576 0
0.745 46.6332 0 -11.5198 0 0.0267756 0
0.7455 46.6645 0 -11.5275 0 0.0267935 0
0.746 46.6958 0 -11.5353 0 0.0268115 0
0.7465 46.7271 0 -11.543 0 0.0268295 0
0.747 46.7584 0 -11.5507 0 0.0268474 0
0.7475 46.7897 0 -11.5585 0 0.0268654 0
0.748 46.821 0 -11.5662 0 0.0268834 0
0.7485 46.8523 0 -11.5739 0 0.0269014 0
0.749 46.8836 0 -11.5816 0 0.0269193 0
0.7495 46.9149 0 -11.5894 0 0.0269373 0
0.75 46.9462 0 -11.5971 0 0.0269553 0
0.7505 46.9775 0 -11.6048 0 0.0269732 0
0.751 47.0088 0 -11.6126 0 0.0269912 0
0.7515 47.0401 0 -11.6203 0 0.0270092 0
0.752 47.0714 0 -11.628 0 0.0270271 0
0.7525 47.1027 0 -11.6358 0 0.0270451 0
0.753 47.134 0 -11.6435 0 0.0270631 0
0.7535 47.1653 0 -11.6512 0 0.0270811 0
0.754 47.1966 0 -11.659 0 0.027099 0
0.7545 47.2279 0 -11.6667 0 0.027117 0
0.755 47.2592 0 -11.6744 0 0.027135 0
0.7555 47.2905 0 -11.6822 0 0.0271529 0
0.756 47.3218 0 -11.6899 0 0.0271709 0
0.7565 47.3531 0 -11.6976 0 0.0271889 0
0.757 47.3844 0 -11.7053 0 0.0272068 0
0.7575 47.4157 0 -11.7131 0 0.0272248 0
0.758 47.447 0 -11.7208 0 0.0272428 0
0.7585 47.4782 0 -11.7285 0 0.0272608 0
0.759 47.5095 0 -11.7363 0 0.0272787 0
0.7595 47.5408 0 -11.744 0 0.0272967 0
0.76 47.5721 0 -11.7517 0 0.0273147 0
0.7605 47.6034 0 -11.7595 0 0.0273326 0
0.761 47.6347 0 -11.7672 0 0.0273506 0
0.7615 47.666 0 -11.7749 0 0.0273686 0
0.762 47.6973 0 -11.7827 0 0.0273865 0
0.7625 47.7286 0 -11.7904 0 0.0274045 0
0.763 47.7599 0 -11.7981 0 0.0274225 0
0.7635 47.7912 0 -11.8059 0 0.0274405 0
0.764 47.8225 0 -11.8136 0 0.0274584 0
0.7645 47.8538 0 -11.8213 0 0.0274764 0
0.765 47.8851 0 -11.8291 0 0.0274944 0
0.7655 47.9164 0 -11.8368 0 0.0275123 0
0.766 47.9477 0 -11.8445 0 0.0275303 0
0.7665 47.979 0 -11.8522 0 0.0275483 0
0.767 48.0103 0 -11.86 0 0.0275663 0
0.7675 48.0416 0 -11.8677 0 0.0275842 0
0.768 48.0729 0 -11.8754 0 0.0276022 0
0.7685 48.1042 0 -11.8832 0 0.0276202 0
0.769 48.1355 0 -11.8909 0 0.0276381 0
0.7695 48.1668 0 -11.8986 0 0.0276561 0
0.77 48.1981 0 -11.9064 0 0.0276741 0
0.7705 48.2294 0 -11.9141 0 0.027692 0
0.771 48.2607 0 -11.9218 0 0.02771 0
0.7715 48.292 0 -11.9296 0 0.027728 0
0.772 48.3233 0 -11.9373 0 0.027746 0
0.7725 48.3546 0 -11.945 0 0.0277639 0
0.773 48.3859 0 -11.9528 0 0.0277819 0
0.7735 48.4172 0 -11.9605 0 0.0277999 0
0.774 48.4485 0 -11.9682 0 0.0278178 0
0.7745 48.4798 0 -11.9759 0 0.0278358 0
0.775 48.5111 0 -11.9837 0 0.0278538 0
0.7755 48.5424 0 -11.9914 0 0.0278717 0
0.776 48.5737 0 -11.9991 0 0.0278897 0
0.7765 48.605 0 -12.0069 0 0.0279077 0
0.777 48.6363 0 -12.0146 0 0.0279257 0
0.7775 48.6676 0 -12.0223 0 0.0279436 0
0.778 48.6989 0 -12.0301 0 0.0279616 0
0.7785 48.7301 0 -12.0378 0 0.0279796 0
0.779 48.7614 0 -12.0455 0 0.0279975 0
0.7795 48.7927 0 -12.0533 0 0.0280155 0
0.78 48.824 0 -12.061 0 0.0280335 0
0.7805 48.8553 0 -12.0687 0 0.0280514 0
0.781 48.8866 0 -12.0765 0 0.0280694 0
0.7815 48.9179 0 -12.0842 0 0.0280874 0
0.782 48.9492 0 -12.0919 0 0.0281054 0
0.7825 48.9805 0 -12.0997 0 0.0281233 0
0.783 49.0118 0 -12.1074 0 0.0281413 0
0.7835 49.0431 0 -12.1151 0 0.0281593 0
0.784 49.0744 0 -12.1228 0 0.0281772 0
0.7845 49.1057 0 -12.1306 0 0.0281952 0
0.785 49.137 0 -12.1383 0 0.0282132 0
0.7855 49.1683 0 -12.146 0 0.0282311 0
0.786 49.1996 0 -12.1538 0 0.0282491 0
0.7865 49.2309 0 -12.1615 0 0.0282671 0
0.787 49.2622 0 -12.1692 0 0.0282851 0
0.7875 49.2935 0 -12.177 0 0.028303 0
0.788 49.3248 0 -12.1847 0 0.028321 0
0.7885 49.3561 0 -12.1924 0 0.028339 0
0.789 49.3874 0 -12.2002 0 0.0283569 0
0.7895 49.4187 0 -12.2079 0 0.0283749 0
0.79 49.45 0 -12.2156 0 0.0283929 0
0.7905 49.4813 0 -12.2234 0 0.0284108 0
0.791 49.5126 0 -12.2311 0 0.0284288 0
0.7915 49.5439 0 -12.2388 0 0.0284468 0
0.792 49.5752 0 -12.2465 0 0.0284648 0
0.7925 49.6065 0 -12.2543 0 0.0284827 0
0.793 49.6378 0 -12.262 0 0.0285007 0
0.7935 49.6691 0 -12.2697 0 0.0285187 0
0.794 49.7004 0 -12.2775 0 0.0285366 0
0.7945 49.7317 0 -12.2852 0 0.0285546 0
0.795 49.763 0 -12.2929 0 0.0285726 0
0.7955 49.7943 0 -12.3007 0 0.0285906 0
0.796 49.8256 0 -12.3084 0 0.0286085 0
0.7965 49.8569 0 -12.3161 0 0.0286265 0
0.797 49.8882 0 -12.3239 0 0.0286445 0
0.7975 49.9195 0 -12.3316 0 0.0286624 0
0.798 49.9507 0 -12.3393 0 0.0286804 0
0.7985 49.982 0 -12.3471 0 0.0286984 0
0.799 50.0133 0 -12.3548 0 0.0287163 0
0.7995 50.0446 0 -12.3625 0 0.0287343 0
0.8 50.0759 0 -12.3703 0 0.0287523 0
0.8005 50.1072 0 -12.378 0 0.0287703 0
0.801 50.1385 0 -12.3857 0 0.0287882 0
0.8015 50.1698 0 -12.3934 0 0.0288062 0
0.802 50.2011 0 -12.4012 0 0.0288242 0
0.8025 50.2324 0 -12.4089 0 0.0288421 0
0.803 50.2637 0 -12.4166 0 0.0288601 0
0.8035 50.295 0 -12.4244 0 0.0288781 0
0.804 50.3263 0 -12.4321 0 0.028896 0
0.8045 50.3576 0 -12.4398 0 0.028914 0
0.805 50.3889 0 -12.4476 0 0.028932 0
0.8055 50.4202 0 -12.4553 0 0.02895 0
0.806 50.4515 0 -12.463 0 0.0289679 0
0.8065 50.4828 0 -12.4708 0 0.0289859 0
0.807 50.5141 0 -12.4785 0 0.0290039 0
0.8075 50.5454 0 -12.4862 0 0.0290218 0
0.808 50.5767 0 -12.494 0 0.0290398 0
0.8085 50.608 0 -12.5017 0 0.0290578 0
0.809 50.6393 0 -12.5094 0 0.0290757 0
0.8095 50.6706 0 -12.5171 0 0.0290937 0
0.81 50.7019 0 -12.5249 0 0.0291117 0
0.8105 50.7332 0 -12.5326 0 0.0291297 0
0.811 50.7645 0 -12.5403 0 0.0291476 0
0.8115 50.7958 0 -12.5481 0 0.0291656 0
0.812 50.8271 0 -12.5558 0 0.0291836 0
0.8125 50.8584 0 -12.5635 0 0.0292015 0
0.813 50.8897 0 -12.5713 0 0.0292195 0
0.8135 50.921 0 -12.579 0 0.0292375 0
0.814 50.9523 0 -12.5867 0 0.0292554 0
0.8145 50.9836 0 -12.5945 0 0.0292734 0
0.815 51.0149 0 -12.6022 0 0.0292914 0
0.8155 51.0462 0 -12.6099 0 0.0293094 0
0.816 51.0775 0 -12.6177 0 0.0293273 0
0.8165 51.1088 0 -12.6254 0 0.0293453 0
0.817 51.1401 0 -12.6331 0 0.0293633 0
0.8175 51.1714 0 -12.6408 0 0.0293812 0
0.818 51.2026 0 -12.6486 0 0.0293992 0
0.8185 51.2339 0 -12.6563 0 0.0294172 0
0.819 51.2652 0 -12.664 0 0.0294352 0
0.8195 51.2965 0 -12.6718 0 0.0294531 0
0.82 51.3278 0 -12.6795 0 0.0294711 0
0.8205 51.3591 0 -12.6872 0 0.0294891 0
0.821 51.3904 0 -12.695 0 0.029507 0
0.8215 51.4217 0 -12.7027 0 0.029525 0
0.822 51.453 0 -12.7104 0 0.029543 0
0.8225 51.4843 0 -12.7182 0 0.0295609 0
0.823 51.5156 0 -12.7259 0 0.0295789 0
0.8235 51.5469 0 -12.7336 0 0.0295969 0
0.824 51.5782 0 -12.7414 0 0.0296149 0
0.8245 51.6095 0 -12.7491 0 0.0296328 0
0.825 51.6408 0 -12.7568 0 0.0296508 0
0.8255 51.6721 0 -12.7646 0 0.0296688 0
0.826 51.7034 0 -12.7723 0 0.0296867 0
0.8265 51.7347 0 -12.78 0 0.0297047 0
0.827 51.766 0 -12.7877 0 0.0297227 0
0.8275 51.7973 0 -12.7955 0 0.0297406 0
0.828 51.8286 0 -12.8032 0 0.0297586 0
0.8285 51.8599 0 -12.8109 0 0.0297766 0
0.829 51.8912 0 -12.8187 0 0.0297946 0
0.8295 51.9225 0 -12.8264 0 0.0298125 0
0.83 51.9538 0 -12.8341 0 0.0298305 0
0.8305 51.9851 0 -12.8419 0 0.0298485 0
0.831 52.0164 0 -12.8496 0 0.0298664 0
0.8315 52.0477 0 -12.8573 0 0.0298844 0
0.832 52.079 0 -12.8651 0 0.0299024 0
0.8325 52.1103 0 -12.8728 0 0.0299203 0
0.833 52.1416 0 -12.8805 0 0.0299383 0
0.8335 52.1729 0 -12.8883 0 0.0299563 0
0.834 52.2042 0 -12.896 0 0.0299743 0
0.8345 52.2355 0 -12.9037 0 0.0299922 0
0.835 52.2668 0 -12.9114 0 0.0300102 0
0.8355 52.2981 0 -12.9192 0 0.0300282 0
0.836 52.3294 0 -12.9269 0 0.0300461 0
0.8365 52.3607 0 -12.9346 0 0.0300641 0
0.837 52.392 0 -12.9424 0 0.0300821 0
0.8375 52.4232 0 -12.9501 0 0.0301 0
0.838 52.4545 0 -12.9578 0 0.030118 0
0.8385 52.4858 0 -12.9656 0 0.030136 0
0.839 52.5171 0 -12.9733 0 0.030154 0
0.8395 52.5484 0 -12.981 0 0.0301719 0
0.84 52.5797 0 -12.9888 0 0.0301899 0
0.8405 52.611 0 -12.9965 0 0.0302079 0
0.841 52.6423 0 -13.0042 0 0.0302258 0
0.8415 52.6736 0 -13.012 0 0.0302438 0
0.842 52.7049 0 -13.0197 0 0.0302618 0
0.8425 52.7362 0 -13.0274 0 0.0302797 0
0.843 52.7675 0 -13.0352 0 0.0302977 0
0.8435 52.7988 0 -13.0429 0 0.0303157 0
0.844 52.8301 0 -13.0506 0 0.0303337 0
0.8445 52.8614 0 -13.0583 0 0.0303516 0
0.845 52.8927 0 -13.0661 0 0.0303696 0
0.8455 52.924 0 -13.0738 0 0.0303876 0
0.846 52.9553 0 -13.0815 0 0.0304055 0
0.8465 52.9866 0 -13.0893 0 0.0304235 0
0.847 53.0179 0 -13.097 0 0.0304415 0
0.8475 53.0492 0 -13.1047 0 0.0304595 0
0.848 53.0805 0 -13.1125 0 0.0304774 0
0.8485 53.1118 0 -13.1202 0 0.0304954 0
0.849 53.1431 0 -13.1279 0 0.0305134 0
0.8495 53.1744 0 -13.1357 0 0.0305313 0
0.85 53.2057 0 -13.1434 0 0.0305493 0
0.8505 53.237 0 -13.1511 0 0.0305673 0
0.851 53.2683 0 -13.1589 0 0.0305852 0
0.8515 53.2996 0 -13.1666 0 0.0306032 0
0.852 53.3309 0 -13.1743 0 0.0306212 0
0.8525 53.3622 0 -13.182 0 0.0306392 0
0.853 53.3935 0 -13.1898 0 0.0306571 0
0.8535 53.4248 0 -13.1975 0 0.0306751 0
0.854 53.4561 0 -13.2052 0 0.0306931 0
0.8545 53.4874 0 -13.213 0 0.030711 0
0.855 53.5187 0 -13.2207 0 0.030729 0
0.8555 53.55 0 -13.2284 0 0.030747 0
0.856 53.5813 0 -13.2362 0 0.0307649 0
0.8565 53.6126 0 -13.2439 0 0.0307829 0
0.857 53.6438 0 -13.2516 0 0.0308009 0
0.8575 53.6751 0 -13.2594 0 0.0308189 0
0.858 53.7064 0 -13.2671 0 0.0308368 0
0.8585 53.7377 0 -13.2748 0 0.0308548 0
0.859 53.769 0 -13.2826 0 0.0308728 0
0.8595 53.8003 0 -13.2903 0 0.0308907 0
0.86 53.8316 0 -13.298 0 0.0309087 0
0.8605 53.8629 0 -13.3058 0 0.0309267 0
0.861 53.8942 0 -13.3135 0 0.0309446 0
0.8615 53.9255 0 -13.3212 0 0.0309626 0
0.862 53.9568 0 -13.3289 0 0.0309806 0
0.8625 53.9881 0 -13.3367 0 0.0309986 0
0.863 54.0194 0 -13.3444 0 0.0310165 0
0.8635 54.0507 0 -13.3521 0 0.0310345 0
0.864 54.082 0 -13.3599 0 0.0310525 0
0.8645 54.1133 0 -13.3676 0 0.0310704 0
0.865 54.1446 0 -13.3753 0 0.0310884 0
0.8655 54.1759 0 -13.3831 0 0.0311064 0
0.866 54.2072 0 -13.3908 0 0.0311243 0
0.8665 54.2385 0 -13.3985 0 0.0311423 0
0.867 54.2698 0 -13.4063 0 0.0311603 0
0.8675 54.3011 0 -13.414 0 0.0311783 0
0.868 54.3324 0 -13.4217 0 0.0311962 0
0.8685 54.3637 0 -13.4295 0 0.0312142 0
0.869 54.395 0 -13.4372 0 0.0312322 0
0.8695 54.4263 0 -13.4449 0 0.0312501 0
0.87 54.4576 0 -13.4526 0 0.0312681 0
0.8705 54.4889 0 -13.4604 0 0.0312861 0
0.871 54.5202 0 -13.4681 0 0.031304 0
0.8715 54.5515 0 -13.4758 0 0.031322 0
0.872 54.5828 0 -13.4836 0 0.03134 0
0.8725 54.6141 0 -13.4913 0 0.031358 0
0.873 54.6454 0 -13.499 0 0.0313759 0
0.8735 54.6767 0 -13.5068 0 0.0313939 0
0.874 54.708 0 -13.5145 0 0.0314119 0
0.8745 54.7393 0 -13.5222 0 0.0314298 0
0.875 54.7706 0 -13.53 0 0.0314478 0
0.8755 54.8019 0 -13.5377 0 0.0314658 0
0.876 54.8332 0 -13.5454 0 0.0314838 0
0.8765 54.8645 0 -13.5532 0 0.0315017 0
0.877 54.8957 0 -13.5609 0 0.0315197 0
0.8775 54.927 0 -13.5686 0 0.0315377 0
0.878 54.9583 0 -13.5763 0 0.0315556 0
0.8785 54.9896 0 -13.5841 0 0.0315736 0
0.879 55.0209 0 -13.5918 0 0.0315916 0
0.8795 55.0522 0 -13.5995 0 0.0316095 0
0.88 55.0835 0 -13.6073 0 0.0316275 0
0.8805 55.1148 0 -13.615 0 0.0316455 0
0.881 55.1461 0 -13.6227 0 0.0316635 0
0.8815 55.1774 0 -13.6305 0 0.0316814 0
0.882 55.2087 0 -13.6382 0 0.0316994 0
0.8825 55.24 0 -13.6459 0 0.0317174 0
0.883 55.2713 0 -13.6537 0 0.0317353 0
0.8835 55.3026 0 -13.6614 0 0.0317533 0
0.884 55.3339 0 -13.6691 0 0.0317713 0
0.8845 55.3652 0 -13.6769 0 0.0317892 0
0.885 55.3965 0 -13.6846 0 0.0318072 0
0.8855 55.4278 0 -13.6923 0 0.0318252 0
0.886 55.4591 0 -13.7001 0 0.0318432 0
0.8865 55.4904 0 -13.7078 0 0.0318611 0
0.887 55.5217 0 -13.7155 0 0.0318791 0
0.8875 55.553 0 -13.7232 0 0.0318971 0
0.888 55.5843 0 -13.731 0 0.031915 0
0.8885 55.6156 0 -13.7387 0 0.031933 0
0.889 55.6469 0 -13.7464 0 0.031951 0
0.8895 55.6782 0 -13.7542 0 0.0319689 0
0.89 55.7095 0 -13.7619 0 0.0319869 0
0.8905 55.7408 0 -13.7696 0 0.0320049 0
0.891 55.7721 0 -13.7774 0 0.0320229 0
0.8915 55.8034 0 -13.7851 0 0.0320408 0
0.892 55.8347 0 -13.7928 0 0.0320588 0
0.8925 55.866 0 -13.8006 0 0.0320768 0
0.893 55.8973 0 -13.8083 0 0.0320947 0
0.8935 55.9286 0 -13.816 0 0.0321127 0
0.894 55.9599 0 -13.8238 0 0.0321307 0
0.8945 55.9912 0 -13.8315 0 0.0321486 0
0.895 56.0225 0 -13.8392 0 0.0321666 0
0.8955 56.0538 0 -13.8469 0 0.0321846 0
0.896 56.0851 0 -13.8547 0 0.0322026 0
0.8965 56.1163 0 -13.8624 0 0.0322205 0
0.897 56.1476 0 -13.8701 0 0.0322385 0
0.8975 56.1789 0 -13.8779 0 0.0322565 0
0.898 56.2102 0 -13.8856 0 0.0322744 0
0.8985 56.2415 0 -13.8933 0 0.0322924 0
0.899 56.2728 0 -13.9011 0 0.0323104 0
0.8995 56.3041 0 -13.9088 0 0.0323283 0
0.9 56.3354 0 -13.9165 0 0.0323463 0
0.9005 56.3667 0 -13.9243 0 0.0323643 0
0.901 56.398 0 -13.932 0 0.0323823 0
0.9015 56.4293 0 -13.9397 0 0.0324002 0
0.902 56.4606 0 -13.9475 0 0.0324182 0
0.9025 56.4919 0 -13.9552 0 0.0324362 0
0.903 56.5232 0 -13.9629 0 0.0324541 0
0.9035 56.5545 0 -13.9707 0 0.0324721 0
0.904 56.5858 0 -13.9784 0 0.0324901 0
0.9045 56.6171 0 -13.9861 0 0.0325081 0
0.905 56.6484 0 -13.9938 0 0.032526 0
0.9055 56.6797 0 -14.0016 0 0.032544 0
0.906 56.711 0 -14.0093 0 0.032562 0
0.9065 56.7423 0 -14.017 0 0.0325799 0
0.907 56.7736 0 -14.0248 0 0.0325979 0
0.9075 56.8049 0 -14.0325 0 0.0326159 0
0.908 56.8362 0 -14.0402 0 0.0326338 0
0.9085 56.8675 0 -14.048 0 0.0326518 0
0.909 56.8988 0 -14.0557 0 0.0326698 0
0.9095 56.9301 0 -14.0634 0 0.0326878 0
0.91 56.9614 0 -14.0712 0 0.0327057 0
0.9105 56.9927 0 -14.0789 0 0.0327237 0
0.911 57.024 0 -14.0866 0 0.0327417 0
0.9115 57.0553 0 -14.0944 0 0.0327596 0
0.912 57.0866 0 -14.1021 0 0.0327776 0
0.9125 57.1179 0 -14.1098 0 0.0327956 0
0.913 57.1492 0 -14.1175 0 0.0328135 0
0.9135 57.1805 0 -14.1253 0 0.0328315 0
0.914 57.2118 0 -14.133 0 0.0328495 0
0.9145 57.2431 0 -14.1407 0 0.0328675 0
0.915 57.2744 0 -14.1485 0 0.0328854 0
0.9155 57.3057 0 -14.1562 0 0.0329034 0
0.916 57.337 0 -14.1639 0 0.0329214 0
0.9165 57.3682 0 -14.1717 0 0.0329393 0
0.917 57.3995 0 -14.1794 0 0.0329573 0
0.9175 57.4308 0 -14.1871 0 0.0329753 0
0.918 57.4621 0 -14.1949 0 0.0329932 0
0.9185 57.4934 0 -14.2026 0 0.0330112 0
0.919 57.5247 0 -14.2103 0 0.0330292 0
0.9195 57.556 0 -14.2181 0 0.0330472 0
0.92 57.5873 0 -14.2258 0 0.0330651 0
0.9205 57.6186 0 -14.2335 0 0.0330831 0
0.921 57.6499 0 -14.2413 0 0.0331011 0
0.9215 57.6812 0 -14.249 0 0.033119 0
0.922 57.7125 0 -14.2567 0 0.033137 0
0.9225 57.7438 0 -14.2644 0 0.033155 0
0.923 57.7751 0 -14.2722 0 0.0331729 0
0.9235 57.8064 0 -14.2799 0 0.0331909 0
0.924 57.8377 0 -14.2876 0 0.0332089 0
0.9245 57.869 0 -14.2954 0 0.0332269 0
0.925 57.9003 0 -14.3031 0 0.0332448 0
0.9255 57.9316 0 -14.3108 0 0.0332628 0
0.926 57.9629 0 -14.3186 0 0.0332808 0
0.9265 57.9942 0 -14.3263 0 0.0332987 0
0.927 58.0255 0 -14.334 0 0.0333167 0
0.9275 58.0568 0 -14.3418 0 0.0333347 0
0.928 58.0881 0 -14.3495 0 0.0333526 0
0.9285 58.1194 0 -14.3572 0 0.0333706 0
0.929 58.1507 0 -14.365 0 0.0333886 0
0.9295 58.182 0 -14.3727 0 0.0334066 0
0.93 58.2133 0 -14.3804 0 0.0334245 0
0.9305 58.2446 0 -14.3881 0 0.0334425 0
0.931 58.2759 0 -14.3959 0 0.0334605 0
0.9315 58.3072 0 -14.4036 0 0.0334784 0
0.932 58.3385 0 -14.4113 0 0.0334964 0
0.9325 58.3698 0 -14.4191 0 0.0335144 0
0.933 58.4011 0 -14.4268 0 0.0335324 0
0.9335 58.4324 0 -14.4345 0 0.0335503 0
0.934 58.4637 0 -14.4423 0 0.0335683 0
0.9345 58.495 0 -14.45 0 0.0335863 0
0.935 58.5263 0 -14.4577 0 0.0336042 0
0.9355 58.5576 0 -14.4655 0 0.0336222 0
0.936 58.5888 0 -14.4732 0 0.0336402 0
0.9365 58.6201 0 -14.4809 0 0.0336581 0
0.937 58.6514 0 -14.4887 0 0.0336761 0
0.9375 58.6827 0 -14.4964 0 0.0336941 0
0.938 58.714 0 -14.5041 0 0.0337121 0
0.9385 58.7453 0 -14.5118 0 0.03373 0
0.939 58.7766 0 -14.5196 0 0.033748 0
0.9395 58.8079 0 -14.5273 0 0.033766 0
0.94 58.8392 0 -14.535 0 0.0337839 0
0.9405 58.8705 0 -14.5428 0 0.0338019 0
0.941 58.9018 0 -14.5505 0 0.0338199 0
0.9415 58.9331 0 -14.5582 0 0.0338378 0
0.942 58.9644 0 -14.566 0 0.0338558 0
0.9425 58.9957 0 -14.5737 0 0.0338738 0
0.943 59.027 0 -14.5814 0 0.0338918 0
0.9435 59.0583 0 -14.5892 0 0.0339097 0
0.944 59.0896 0 -14.5969 0 0.0339277 0
0.9445 59.1209 0 -14.6046 0 0.0339457 0
0.945 59.1522 0 -14.6124 0 0.0339636 0
0.9455 59.1835 0 -14.6201 0 0.0339816 0
0.946 59.2148 0 -14.6278 0 0.0339996 0
0.9465 59.2461 0 -14.6356 0 0.0340175 0
0.947 59.2774 0 -14.6433 0 0.0340355 0
0.9475 59.3087 0 -14.651 0 0.0340535 0
0.948 59.34 0 -14.6587 0 0.0340715 0
0.9485 59.3713 0 -14.6665 0 0.0340894 0
0.949 59.4026 0 -14.6742 0 0.0341074 0
0.9495 59.4339 0 -14.6819 0 0.0341254 0
0.95 59.4652 0 -14.6897 0 0.0341433 0
0.9505 59.4965 0 -14.6974 0 0.0341613 0
0.951 59.5278 0 -14.7051 0 0.0341793 0
0.9515 59.5591 0 -14.7129 0 0.0341972 0
0.952 59.5904 0 -14.7206 0 0.0342152 0
0.9525 59.6217 0 -14.7283 0 0.0342332 0
0.953 59.653 0 -14.7361 0 0.0342512 0
0.9535 59.6843 0 -14.7438 0 0.0342691 0
0.954 59.7156 0 -14.7515 0 0.0342871 0
0.9545 59.7469 0 -14.7593 0 0.0343051 0
0.955 59.7782 0 -14.767 0 0.034323 0
0.9555 59.8094 0 -14.7747 0 0.034341 0
0.956 59.8407 0 -14.7824 0 0.034359 0
0.9565 59.872 0 -14.7902 0 0.0343769 0
0.957 59.9033 0 -14.7979 0 0.0343949 0
0.9575 59.9346 0 -14.8056 0 0.0344129 0
0.958 59.9659 0 -14.8134 0 0.0344309 0
0.9585 59.9972 0 -14.8211 0 0.0344488 0
0.959 60.0285 0 -14.8288 0 0.0344668 0
0.9595 60.0598 0 -14.8366 0 0.0344848 0
0.96 60.0911 0 -14.8443 0 0.0345027 0
0.9605 60.1224 0 -14.852 0 0.0345207 0
0.961 60.1537 0 -14.8598 0 0.0345387 0
0.9615 60.185 0 -14.8675 0 0.0345567 0
0.962 60.2163 0 -14.8752 0 0.0345746 0
0.9625 60.2476 0 -14.883 0 0.0345926 0
0.963 60.2789 0 -14.8907 0 0.0346106 0
0.9635 60.3102 0 -14.8984 0 0.0346285 0
0.964 60.3415 0 -14.9062 0 0.0346465 0
0.9645 60.3728 0 -14.9139 0 0.0346645 0
0.965 60.4041 0 -14.9216 0 0.0346824 0
0.9655 60.4354 0 -14.9293 0 0.0347004 0
0.966 60.4667 0 -14.9371 0 0.0347184 0
0.9665 60.498 0 -14.9448 0 0.0347364 0
0.967 60.5293 0 -14.9525 0 0.0347543 0
0.9675 60.5606 0 -14.9603 0 0.0347723 0
0.968 60.5919 0 -14.968 0 0.0347903 0
0.9685 60.6232 0 -14.9757 0 0.0348082 0
0.969 60.6545 0 -14.9835 0 0.0348262 0
0.9695 60.6858 0 -14.9912 0 0.0348442 0
0.97 60.7171 0 -14.9989 0 0.0348621 0
0.9705 60.7484 0 -15.0067 0 0.0348801 0
0.971 60.7797 0 -15.0144 0 0.0348981 0
0.9715 60.811 0 -15.0221 0 0.0349161 0
0.972 60.8423 0 -15.0299 0 0.034934 0
0.9725 60.8736 0 -15.0376 0 0.034952 0
0.973 60.9049 0 -15.0453 0 0.03497 0
0.9735 60.9362 0 -15.053 0 0.0349879 0
0.974 60.9675 0 -15.0608 0 0.0350059 0
0.9745 60.9988 0 -15.0685 0 0.0350239 0
0.975 61.0301 0 -15.0762 0 0.0350418 0
0.9755 61.0613 0 -15.084 0 0.0350598 0
0.976 61.0926 0 -15.0917 0 0.0350778 0
0.9765 61.1239 0 -15.0994 0 0.0350958 0
0.977 61.1552 0 -15.1072 0 0.0351137 0
0.9775 61.1865 0 -15.1149 0 0.0351317 0
0.978 61.2178 0 -15.1226 0 0.0351497 0
0.9785 61.2491 0 -15.1304 0 0.0351676 0
0.979 61.2804 0 -15.1381 0 0.0351856 0
0.9795 61.3117 0 -15.1458 0 0.0352036 0
0.98 61.343 0 -15.1536 0 0.0352215 0
0.9805 61.3743 0 -15.1613 0 0.0352395 0
0.981 61.4056 0 -15.169 0 0.0352575 0
0.9815 61.4369 0 -15.1768 0 0.0352755 0
0.982 61.4682 0 -15.1845 0 0.0352934 0
0.9825 61.4995 0 -15.1922 0 0.0353114 0
0.983 61.5308 0 -15.1999 0 0.0353294 0
0.9835 61.5621 0 -15.2077 0 0.0353473 0
0.984 61.5934 0 -15.2154 0 0.0353653 0
0.9845 61.6247 0 -15.2231 0 0.0353833 0
0.985 61.656 0 -15.2309 0 0.0354012 0
0.9855 61.6873 0 -15.2386 0 0.0354192 0
0.986 61.7186 0 -15.2463 0 0.0354372 0
0.9865 61.7499 0 -15.2541 0 0.0354552 0
0.987 61.7812 0 -15.2618 0 0.0354731 0
0.9875 61.8125 0 -15.2695 0 0.0354911 0
0.988 61.8438 0 -15.2773 0 0.0355091 0
0.9885 61.8751 0 -15.285 0 0.035527 0
0.989 61.9064 0 -15.2927 0 0.035545 0
0.9895 61.9377 0 -15.3005 0 0.035563 0
0.99 61.969 0 -15.3082 0 0.035581 0
0.9905 62.0003 0 -15.3159 0 0.0355989 0
0.991 62.0316 0 -15.3236 0 0.0356169 0
0.9915 62.0629 0 -15.3314 0 0.0356349 0
0.992 62.0942 0 -15.3391 0 0.0356528 0
0.9925 62.1255 0 -15.3468 0 0.0356708 0
0.993 62.1568 0 -15.3546 0 0.0356888 0
0.9935 62.1881 0 -15.3623 0 0.0357067 0
0.994 62.2194 0 -15.37 0 0.0357247 0
0.9945 62.2507 0 -15.3778 0 0.0357427 0
0.995 62.2819 0 -15.3855 0 0.0357607 0
0.9955 62.3132 0 -15.3932 0 0.0357786 0
0.996 62.3445 0 -15.401 0 0.0357966 0
0.9965 62.3758 0 -15.4087 0 0.0358146 0
0.997 62.4071 0 -15.4164 0 0.0358325 0
0.9975 62.4384 0 -15.4242 0 0.0358505 0
0.998 62.4697 0 -15.4319 0 0.0358685 0
0.9985 62.501 0 -15.4396 0 0.0358864 0
0.999 62.5323 0 -15.4473 0 0.0359044 0
0.9995 62.5636 0 -15.4551 0 0.0359224 0
1 62.5949 0 -15.4628 0 0.0359404 0
