0.0005 0.0328024 0 0.0063803 0 2.05835e-05 0
0.001 0.0656047 0 0.0127606 0 4.11669e-05 0
0.0015 0.0984071 0 0.0191409 0 6.17504e-05 0
0.002 0.131209 0 0.0255212 0 8.23338e-05 0
0.0025 0.164012 0 0.0319015 0 0.000102917 0
0.003 0.196814 0 0.0382818 0 0.000123501 0
0.0035 0.229616 0 0.0446621 0 0.000144084 0
0.004 0.262419 0 0.0510424 0 0.000164668 0
0.0045 0.295221 0 0.0574227 0 0.000185251 0
0.005 0.328024 0 0.063803 0 0.000205835 0
0.0055 0.360826 0 0.0701833 0 0.000226418 0
0.006 0.393628 0 0.0765636 0 0.000247002 0
0.0065 0.426431 0 0.082944 0 0.000267585 0
0.007 0.459233 0 0.0893243 0 0.000288168 0
0.0075 0.492035 0 0.0957046 0 0.000308752 0
0.008 0.524838 0 0.102085 0 0.000329335 0
0.0085 0.55764 0 0.108465 0 0.000349919 0
0.009 0.590442 0 0.114845 0 0.000370502 0
0.0095 0.623245 0 0.121226 0 0.000391086 0
0.01 0.656047 0 0.127606 0 0.000411669 0
0.0105 0.688849 0 0.133986 0 0.000432253 0
0.011 0.721652 0 0.140367 0 0.000452836 0
0.0115 0.754454 0 0.146747 0 0.00047342 0
0.012 0.787256 0 0.153127 0 0.000494003 0
0.0125 0.820059 0 0.159508 0 0.000514587 0
0.013 0.852861 0 0.165888 0 0.00053517 0
0.0135 0.885663 0 0.172268 0 0.000555753 0
0.014 0.918466 0 0.178649 0 0.000576337 0
0.0145 0.951268 0 0.185029 0 0.00059692 0
0.015 0.984071 0 0.191409 0 0.000617504 0
0.0155 1.01687 0 0.197789 0 0.000638087 0
0.016 1.04968 0 0.20417 0 0.000658671 0
0.0165 1.08248 0 0.21055 0 0.000679254 0
0.017 1.11528 0 0.21693 0 0.000699838 0
0.0175 1.14808 0 0.223311 0 0.000720421 0
0.018 1.18088 0 0.229691 0 0.000741005 0
0.0185 1.21369 0 0.236071 0 0.000761588 0
0.019 1.24649 0 0.242452 0 0.000782171 0
0.0195 1.27929 0 0.248832 0 0.000802755 0
0.02 1.31209 0 0.255212 0 0.000823338 0
0.0205 1.3449 0 0.261592 0 0.000843922 0
0.021 1.3777 0 0.267973 0 0.000864505 0
0.0215 1.4105 0 0.274353 0 0.000885089 0
0.022 1.4433 0 0.280733 0 0.000905672 0
0.0225 1.47611 0 0.287114 0 0.000926256 0
0.023 1.50891 0 0.293494 0 0.000946839 0
0.0235 1.54171 0 0.299874 0 0.000967423 0
0.024 1.57451 0 0.306255 0 0.000988006 0
0.0245 1.60732 0 0.312635 0 0.00100859 0
0.025 1.64012 0 0.319015 0 0.00102917 0
0.0255 1.67292 0 0.325396 0 0.00104976 0
0.026 1.70572 0 0.331776 0 0.00107034 0
0.0265 1.73852 0 0.338156 0 0.00109092 0
0.027 1.77133 0 0.344536 0 0.00111151 0
0.0275 1.80413 0 0.350917 0 0.00113209 0
0.028 1.83693 0 0.357297 0 0.00115267 0
0.0285 1.86973 0 0.363677 0 0.00117326 0
0.029 1.90254 0 0.370058 0 0.00119384 0
0.0295 1.93534 0 0.376438 0 0.00121442 0
0.03 1.96814 0 0.382818 0 0.00123501 0
0.0305 2.00094 0 0.389199 0 0.00125559 0
0.031 2.03375 0 0.395579 0 0.00127617 0
0.0315 2.06655 0 0.401959 0 0.00129676 0
0.032 2.09935 0 0.408339 0 0.00131734 0
0.0325 2.13215 0 0.41472 0 0.00133792 0
0.033 2.16496 0 0.4211 0 0.00135851 0
0.0335 2.19776 0 0.42748 0 0.00137909 0
0.034 2.23056 0 0.433861 0 0.00139968 0
0.0345 2.26336 0 0.440241 0 0.00142026 0
0.035 2.29616 0 0.446621 0 0.00144084 0
0.0355 2.32897 0 0.453002 0 0.00146143 0
0.036 2.36177 0 0.459382 0 0.00148201 0
0.0365 2.39457 0 0.465762 0 0.00150259 0
0.037 2.42737 0 0.472143 0 0.00152318 0
0.0375 2.46018 0 0.478523 0 0.00154376 0
0.038 2.49298 0 0.484903 0 0.00156434 0
0.0385 2.52578 0 0.491283 0 0.00158493 0
0.039 2.55858 0 0.497664 0 0.00160551 0
0.0395 2.59139 0 0.504044 0 0.00162609 0
0.04 2.62419 0 0.510424 0 0.00164668 0
0.0405 2.65699 0 0.516805 0 0.00166726 0
0.041 2.68979 0 0.523185 0 0.00168784 0
0.0415 2.7226 0 0.529565 0 0.00170843 0
0.042 2.7554 0 0.535946 0 0.00172901 0
0.0425 2.7882 0 0.542326 0 0.00174959 0
0.043 2.821 0 0.548706 0 0.00177018 0
0.0435 2.8538 0 0.555086 0 0.00179076 0
0.044 2.88661 0 0.561467 0 0.00181134 0
0.0445 2.91941 0 0.567847 0 0.00183193 0
0.045 2.95221 0 0.574227 0 0.00185251 0
0.0455 2.98501 0 0.580608 0 0.00187309 0
0.046 3.01782 0 0.586988 0 0.00189368 0
0.0465 3.05062 0 0.593368 0 0.00191426 0
0.047 3.08342 0 0.599749 0 0.00193485 0
0.0475 3.11622 0 0.606129 0 0.00195543 0
0.048 3.14903 0 0.612509 0 0.00197601 0
0.0485 3.18183 0 0.618889 0 0.0019966 0
0.049 3.21463 0 0.62527 0 0.00201718 0
0.0495 3.24743 0 0.63165 0 0.00203776 0
0.05 3.28024 0 0.63803 0 0.00205835 0
0.0505 3.31304 0 0.644411 0 0.00207893 0
0.051 3.34584 0 0.650791 0 0.00209951 0
0.0515 3.37864 0 0.657171 0 0.0021201 0
0.052 3.41144 0 0.663552 0 0.00214068 0
0.0525 3.44425 0 0.669932 0 0.00216126 0
0.053 3.47705 0 0.676312 0 0.00218185 0
0.0535 3.50985 0 0.682693 0 0.00220243 0
0.054 3.54265 0 0.689073 0 0.00222301 0
0.0545 3.57546 0 0.695453 0 0.0022436 0
0.055 3.60826 0 0.701833 0 0.00226418 0
0.0555 3.64106 0 0.708214 0 0.00228476 0
0.056 3.67386 0 0.714594 0 0.00230535 0
0.0565 3.70667 0 0.720974 0 0.00232593 0
0.057 3.73947 0 0.727355 0 0.00234651 0
0.0575 3.77227 0 0.733735 0 0.0023671 0
0.058 3.80507 0 0.740115 0 0.00238768 0
0.0585 3.83787 0 0.746496 0 0.00240826 0
0.059 3.87068 0 0.752876 0 0.00242885 0
0.0595 3.90348 0 0.759256 0 0.00244943 0
0.06 3.93628 0 0.765636 0 0.00247002 0
0.0605 3.96908 0 0.772017 0 0.0024906 0
0.061 4.00189 0 0.778397 0 0.00251118 0
0.0615 4.03469 0 0.784777 0 0.00253177 0
0.062 4.06749 0 0.791158 0 0.00255235 0
0.0625 4.10029 0 0.797538 0 0.00257293 0
0.063 4.1331 0 0.803918 0 0.00259352 0
0.0635 4.1659 0 0.810299 0 0.0026141 0
0.064 4.1987 0 0.816679 0 0.00263468 0
0.0645 4.2315 0 0.823059 0 0.00265527 0
0.065 4.26431 0 0.82944 0 0.00267585 0
0.0655 4.29711 0 0.83582 0 0.00269643 0
0.066 4.32991 0 0.8422 0 0.00271702 0
0.0665 4.36271 0 0.84858 0 0.0027376 0
0.067 4.39551 0 0.854961 0 0.00275818 0
0.0675 4.42832 0 0.861341 0 0.00277877 0
0.068 4.46112 0 0.867721 0 0.00279935 0
0.0685 4.49392 0 0.874102 0 0.00281993 0
0.069 4.52672 0 0.880482 0 0.00284052 0
0.0695 4.55953 0 0.886862 0 0.0028611 0
0.07 4.59233 0 0.893243 0 0.00288168 0
0.0705 4.62513 0 0.899623 0 0.00290227 0
0.071 4.65793 0 0.906003 0 0.00292285 0
0.0715 4.69074 0 0.912383 0 0.00294343 0
0.072 4.72354 0 0.918764 0 0.00296402 0
0.0725 4.75634 0 0.925144 0 0.0029846 0
0.073 4.78914 0 0.931524 0 0.00300519 0
0.0735 4.82195 0 0.937905 0 0.00302577 0
0.074 4.85475 0 0.944285 0 0.00304635 0
0.0745 4.88755 0 0.950665 0 0.00306694 0
0.075 4.92035 0 0.957046 0 0.00308752 0
0.0755 4.95315 0 0.963426 0 0.0031081 0
0.076 4.98596 0 0.969806 0 0.00312869 0
0.0765 5.01876 0 0.976187 0 0.00314927 0
0.077 5.05156 0 0.982567 0 0.00316985 0
0.0775 5.08436 0 0.988947 0 0.00319044 0
0.078 5.11717 0 0.995327 0 0.00321102 0
0.0785 5.14997 0 1.00171 0 0.0032316 0
0.079 5.18277 0 1.00809 0 0.00325219 0
0.0795 5.21557 0 1.01447 0 0.00327277 0
0.08 5.24838 0 1.02085 0 0.00329335 0
0.0805 5.28118 0 1.02723 0 0.00331394 0
0.081 5.31398 0 1.03361 0 0.00333452 0
0.0815 5.34678 0 1.03999 0 0.0033551 0
0.082 5.37959 0 1.04637 0 0.00337569 0
0.0825 5.41239 0 1.05275 0 0.00339627 0
0.083 5.44519 0 1.05913 0 0.00341685 0
0.0835 5.47799 0 1.06551 0 0.00343744 0
0.084 5.51079 0 1.07189 0 0.00345802 0
0.0845 5.5436 0 1.07827 0 0.0034786 0
0.085 5.5764 0 1.08465 0 0.00349919 0
0.0855 5.6092 0 1.09103 0 0.00351977 0
0.086 5.642 0 1.09741 0 0.00354036 0
0.0865 5.67481 0 1.10379 0 0.00356094 0
0.087 5.70761 0 1.11017 0 0.00358152 0
0.0875 5.74041 0 1.11655 0 0.00360211 0
0.088 5.77321 0 1.12293 0 0.00362269 0
0.0885 5.80602 0 1.12931 0 0.00364327 0
0.089 5.83882 0 1.13569 0 0.00366386 0
0.0895 5.87162 0 1.14207 0 0.00368444 0
0.09 5.90442 0 1.14845 0 0.00370502 0
0.0905 5.93723 0 1.15484 0 0.00372561 0
0.091 5.97003 0 1.16122 0 0.00374619 0
0.0915 6.00283 0 1.1676 0 0.00376677 0
0.092 6.03563 0 1.17398 0 0.00378736 0
0.0925 6.06843 0 1.18036 0 0.00380794 0
0.093 6.10124 0 1.18674 0 0.00382852 0
0.0935 6.13404 0 1.19312 0 0.00384911 0
0.094 6.16684 0 1.1995 0 0.00386969 0
0.0945 6.19964 0 1.20588 0 0.00389027 0
0.095 6.23245 0 1.21226 0 0.00391086 0
0.0955 6.26525 0 1.21864 0 0.00393144 0
0.096 6.29805 0 1.22502 0 0.00395202 0
0.0965 6.33085 0 1.2314 0 0.00397261 0
0.097 6.36366 0 1.23778 0 0.00399319 0
0.0975 6.39646 0 1.24416 0 0.00401377 0
0.098 6.42926 0 1.25054 0 0.00403436 0
0.0985 6.46206 0 1.25692 0 0.00405494 0
0.099 6.49487 0 1.2633 0 0.00407553 0
0.0995 6.52767 0 1.26968 0 0.00409611 0
0.1 6.56047 0 1.27606 0 0.00411669 0
0.1005 6.59327 0 1.28244 0 0.00413728 0
0.101 6.62607 0 1.28882 0 0.00415786 0
0.1015 6.65888 0 1.2952 0 0.00417844 0
0.102 6.69168 0 1.30158 0 0.00419903 0
0.1025 6.72448 0 1.30796 0 0.00421961 0
0.103 6.75728 0 1.31434 0 0.00424019 0
0.1035 6.79009 0 1.32072 0 0.00426078 0
0.104 6.82289 0 1.3271 0 0.00428136 0
0.1045 6.85569 0 1.33348 0 0.00430194 0
0.105 6.88849 0 1.33986 0 0.00432253 0
0.1055 6.9213 0 1.34624 0 0.00434311 0
0.106 6.9541 0 1.35262 0 0.00436369 0
0.1065 6.9869 0 1.359 0 0.00438428 0
0.107 7.0197 0 1.36539 0 0.00440486 0
0.1075 7.05251 0 1.37177 0 0.00442544 0
0.108 7.08531 0 1.37815 0 0.00444603 0
0.1085 7.11811 0 1.38453 0 0.00446661 0
0.109 7.15091 0 1.39091 0 0.00448719 0
0.1095 7.18371 0 1.39729 0 0.00450778 0
0.11 7.21652 0 1.40367 0 0.00452836 0
0.1105 7.24932 0 1.41005 0 0.00454894 0
0.111 7.28212 0 1.41643 0 0.00456953 0
0.1115 7.31492 0 1.42281 0 0.00459011 0
0.112 7.34773 0 1.42919 0 0.0046107 0
0.1125 7.38053 0 1.43557 0 0.00463128 0
0.113 7.41333 0 1.44195 0 0.00465186 0
0.1135 7.44613 0 1.44833 0 0.00467245 0
0.114 7.47894 0 1.45471 0 0.00469303 0
0.1145 7.51174 0 1.46109 0 0.00471361 0
0.115 7.54454 0 1.46747 0 0.0047342 0
0.1155 7.57734 0 1.47385 0 0.00475478 0
0.116 7.61015 0 1.48023 0 0.00477536 0
0.1165 7.64295 0 1.48661 0 0.00479595 0
0.117 7.67575 0 1.49299 0 0.00481653 0
0.1175 7.70855 0 1.49937 0 0.00483711 0
0.118 7.74135 0 1.50575 0 0.0048577 0
0.1185 7.77416 0 1.51213 0 0.00487828 0
0.119 7.80696 0 1.51851 0 0.00489886 0
0.1195 7.83976 0 1.52489 0 0.00491945 0
0.12 7.87256 0 1.53127 0 0.00494003 0
0.1205 7.90537 0 1.53765 0 0.00496061 0
0.121 7.93817 0 1.54403 0 0.0049812 0
0.1215 7.97097 0 1.55041 0 0.00500178 0
0.122 8.00377 0 1.55679 0 0.00502236 0
0.1225 8.03658 0 1.56317 0 0.00504295 0
0.123 8.06938 0 1.56955 0 0.00506353 0
0.1235 8.10218 0 1.57594 0 0.00508411 0
0.124 8.13498 0 1.58232 0 0.0051047 0
0.1245 8.16779 0 1.5887 0 0.00512528 0
0.125 8.20059 0 1.59508 0 0.00514587 0
0.1255 8.23339 0 1.60146 0 0.00516645 0
0.126 8.26619 0 1.60784 0 0.00518703 0
0.1265 8.29899 0 1.61422 0 0.00520762 0
0.127 8.3318 0 1.6206 0 0.0052282 0
0.1275 8.3646 0 1.62698 0 0.00524878 0
0.128 8.3974 0 1.63336 0 0.00526937 0
0.1285 8.4302 0 1.63974 0 0.00528995 0
0.129 8.46301 0 1.64612 0 0.00531053 0
0.1295 8.49581 0 1.6525 0 0.00533112 0
0.13 8.52861 0 1.65888 0 0.0053517 0
0.1305 8.56141 0 1.66526 0 0.00537228 0
0.131 8.59422 0 1.67164 0 0.00539287 0
0.1315 8.62702 0 1.67802 0 0.00541345 0
0.132 8.65982 0 1.6844 0 0.00543403 0
0.1325 8.69262 0 1.69078 0 0.00545462 0
0.133 8.72543 0 1.69716 0 0.0054752 0
0.1335 8.75823 0 1.70354 0 0.00549578 0
0.134 8.79103 0 1.70992 0 0.00551637 0
0.1345 8.82383 0 1.7163 0 0.00553695 0
0.135 8.85663 0 1.72268 0 0.00555753 0
0.1355 8.88944 0 1.72906 0 0.00557812 0
0.136 8.92224 0 1.73544 0 0.0055987 0
0.1365 8.95504 0 1.74182 0 0.00561928 0
0.137 8.98784 0 1.7482 0 0.00563987 0
0.1375 9.02065 0 1.75458 0 0.00566045 0
0.138 9.05345 0 1.76096 0 0.00568103 0
0.1385 9.08625 0 1.76734 0 0.00570162 0
0.139 9.11905 0 1.77372 0 0.0057222 0
0.1395 9.15186 0 1.7801 0 0.00574279 0
0.14 9.18466 0 1.78649 0 0.00576337 0
0.1405 9.21746 0 1.79287 0 0.00578395 0
0.141 9.25026 0 1.79925 0 0.00580454 0
0.1415 9.28307 0 1.80563 0 0.00582512 0
0.142 9.31587 0 1.81201 0 0.0058457 0
0.1425 9.34867 0 1.81839 0 0.00586629 0
0.143 9.38147 0 1.82477 0 0.00588687 0
0.1435 9.41427 0 1.83115 0 0.00590745 0
0.144 9.44708 0 1.83753 0 0.00592804 0
0.1445 9.47988 0 1.84391 0 0.00594862 0
0.145 9.51268 0 1.85029 0 0.0059692 0
0.1455 9.54548 0 1.85667 0 0.00598979 0
0.146 9.57829 0 1.86305 0 0.00601037 0
0.1465 9.61109 0 1.86943 0 0.00603095 0
0.147 9.64389 0 1.87581 0 0.00605154 0
0.1475 9.67669 0 1.88219 0 0.00607212 0
0.148 9.7095 0 1.88857 0 0.0060927 0
0.1485 9.7423 0 1.89495 0 0.00611329 0
0.149 9.7751 0 1.90133 0 0.00613387 0
0.1495 9.8079 0 1.90771 0 0.00615445 0
0.15 9.84071 0 1.91409 0 0.00617504 0
0.1505 9.87351 0 1.92047 0 0.00619562 0
0.151 9.90631 0 1.92685 0 0.0062162 0
0.1515 9.93911 0 1.93323 0 0.00623679 0
0.152 9.97191 0 1.93961 0 0.00625737 0
0.1525 10.0047 0 1.94599 0 0.00627796 0
0.153 10.0375 0 1.95237 0 0.00629854 0
0.1535 10.0703 0 1.95875 0 0.00631912 0
0.154 10.1031 0 1.96513 0 0.00633971 0
0.1545 10.1359 0 1.97151 0 0.00636029 0
0.155 10.1687 0 1.97789 0 0.00638087 0
0.1555 10.2015 0 1.98427 0 0.00640146 0
0.156 10.2343 0 1.99065 0 0.00642204 0
0.1565 10.2671 0 1.99704 0 0.00644262 0
0.157 10.2999 0 2.00342 0 0.00646321 0
0.1575 10.3327 0 2.0098 0 0.00648379 0
0.158 10.3655 0 2.01618 0 0.00650437 0
0.1585 10.3983 0 2.02256 0 0.00652496 0
0.159 10.4311 0 2.02894 0 0.00654554 0
0.1595 10.4639 0 2.03532 0 0.00656612 0
0.16 10.4968 0 2.0417 0 0.00658671 0
0.1605 10.5296 0 2.04808 0 0.00660729 0
0.161 10.5624 0 2.05446 0 0.00662787 0
0.1615 10.5952 0 2.06084 0 0.00664846 0
0.162 10.628 0 2.06722 0 0.00666904 0
0.1625 10.6608 0 2.0736 0 0.00668962 0
0.163 10.6936 0 2.07998 0 0.00671021 0
0.1635 10.7264 0 2.08636 0 0.00673079 0
0.164 10.7592 0 2.09274 0 0.00675137 0
0.1645 10.792 0 2.09912 0 0.00677196 0
0.165 10.8248 0 2.1055 0 0.00679254 0
0.1655 10.8576 0 2.11188 0 0.00681313 0
0.166 10.8904 0 2.11826 0 0.00683371 0
0.1665 10.9232 0 2.12464 0 0.00685429 0
0.167 10.956 0 2.13102 0 0.00687488 0
0.1675 10.9888 0 2.1374 0 0.00689546 0
0.168 11.0216 0 2.14378 0 0.00691604 0
0.1685 11.0544 0 2.15016 0 0.00693663 0
0.169 11.0872 0 2.15654 0 0.00695721 0
0.1695 11.12 0 2.16292 0 0.00697779 0
0.17 11.1528 0 2.1693 0 0.00699838 0
0.1705 11.1856 0 2.17568 0 0.00701896 0
0.171 11.2184 0 2.18206 0 0.00703954 0
0.1715 11.2512 0 2.18844 0 0.00706013 0
0.172 11.284 0 2.19482 0 0.00708071 0
0.1725 11.3168 0 2.2012 0 0.00710129 0
0.173 11.3496 0 2.20759 0 0.00712188 0
0.1735 11.3824 0 2.21397 0 0.00714246 0
0.174 11.4152 0 2.22035 0 0.00716304 0
0.1745 11.448 0 2.22673 0 0.00718363 0
0.175 11.4808 0 2.23311 0 0.00720421 0
0.1755 11.5136 0 2.23949 0 0.00722479 0
0.176 11.5464 0 2.24587 0 0.00724538 0
0.1765 11.5792 0 2.25225 0 0.00726596 0
0.177 11.612 0 2.25863 0 0.00728654 0
0.1775 11.6448 0 2.26501 0 0.00730713 0
0.178 11.6776 0 2.27139 0 0.00732771 0
0.1785 11.7104 0 2.27777 0 0.0073483 0
0.179 11.7432 0 2.28415 0 0.00736888 0
0.1795 11.776 0 2.29053 0 0.00738946 0
0.18 11.8088 0 2.29691 0 0.00741005 0
0.1805 11.8416 0 2.30329 0 0.00743063 0
0.181 11.8745 0 2.30967 0 0.00745121 0
0.1815 11.9073 0 2.31605 0 0.0074718 0
0.182 11.9401 0 2.32243 0 0.00749238 0
0.1825 11.9729 0 2.32881 0 0.00751296 0
0.183 12.0057 0 2.33519 0 0.00753355 0
0.1835 12.0385 0 2.34157 0 0.00755413 0
0.184 12.0713 0 2.34795 0 0.00757471 0
0.1845 12.1041 0 2.35433 0 0.0075953 0
0.185 12.1369 0 2.36071 0 0.00761588 0
0.1855 12.1697 0 2.36709 0 0.00763646 0
0.186 12.2025 0 2.37347 0 0.00765705 0
0.1865 12.2353 0 2.37985 0 0.00767763 0
0.187 12.2681 0 2.38623 0 0.00769821 0
0.1875 12.3009 0 2.39261 0 0.0077188 0
0.188 12.3337 0 2.39899 0 0.00773938 0
0.1885 12.3665 0 2.40537 0 0.00775996 0
0.189 12.3993 0 2.41175 0 0.00778055 0
0.1895 12.4321 0 2.41814 0 0.00780113 0
0.19 12.4649 0 2.42452 0 0.00782171 0
0.1905 12.4977 0 2.4309 0 0.0078423 0
0.191 12.5305 0 2.43728 0 0.00786288 0
0.1915 12.5633 0 2.44366 0 0.00788347 0
0.192 12.5961 0 2.45004 0 0.00790405 0
0.1925 12.6289 0 2.45642 0 0.00792463 0
0.193 12.6617 0 2.4628 0 0.00794522 0
0.1935 12.6945 0 2.46918 0 0.0079658 0
0.194 12.7273 0 2.47556 0 0.00798638 0
0.1945 12.7601 0 2.48194 0 0.00800697 0
0.195 12.7929 0 2.48832 0 0.00802755 0
0.1955 12.8257 0 2.4947 0 0.00804813 0
0.196 12.8585 0 2.50108 0 0.00806872 0
0.1965 12.8913 0 2.50746 0 0.0080893 0
0.197 12.9241 0 2.51384 0 0.00810988 0
0.1975 12.9569 0 2.52022 0 0.00813047 0
0.198 12.9897 0 2.5266 0 0.00815105 0
0.1985 13.0225 0 2.53298 0 0.00817163 0
0.199 13.0553 0 2.53936 0 0.00819222 0
0.1995 13.0881 0 2.54574 0 0.0082128 0
0.2 13.1209 0 2.55212 0 0.00823338 0
0.2005 13.1537 0 2.5585 0 0.00825397 0
0.201 13.1865 0 2.56488 0 0.00827455 0
0.2015 13.2193 0 2.57126 0 0.00829513 0
0.202 13.2521 0 2.57764 0 0.00831572 0
0.2025 13.285 0 2.58402 0 0.0083363 0
0.203 13.3178 0 2.5904 0 0.00835688 0
0.2035 13.3506 0 2.59678 0 0.00837747 0
0.204 13.3834 0 2.60316 0 0.00839805 0
0.2045 13.4162 0 2.60954 0 0.00841864 0
0.205 13.449 0 2.61592 0 0.00843922 0
0.2055 13.4818 0 2.6223 0 0.0084598 0
0.206 13.5146 0 2.62869 0 0.00848039 0
0.2065 13.5474 0 2.63507 0 0.00850097 0
0.207 13.5802 0 2.64145 0 0.00852155 0
0.2075 13.613 0 2.64783 0 0.00854214 0
0.208 13.6458 0 2.65421 0 0.00856272 0
0.2085 13.6786 0 2.66059 0 0.0085833 0
0.209 13.7114 0 2.66697 0 0.00860389 0
0.2095 13.7442 0 2.67335 0 0.00862447 0
0.21 13.777 0 2.67973 0 0.00864505 0
0.2105 13.8098 0 2.68611 0 0.00866564 0
0.211 13.8426 0 2.69249 0 0.00868622 0
0.2115 13.8754 0 2.69887 0 0.0087068 0
0.212 13.9082 0 2.70525 0 0.00872739 0
0.2125 13.941 0 2.71163 0 0.00874797 0
0.213 13.9738 0 2.71801 0 0.00876855 0
0.2135 14.0066 0 2.72439 0 0.00878914 0
0.214 14.0394 0 2.73077 0 0.00880972 0
0.2145 14.0722 0 2.73715 0 0.0088303 0
0.215 14.105 0 2.74353 0 0.00885089 0
0.2155 14.1378 0 2.74991 0 0.00887147 0
0.216 14.1706 0 2.75629 0 0.00889205 0
0.2165 14.2034 0 2.76267 0 0.00891264 0
0.217 14.2362 0 2.76905 0 0.00893322 0
0.2175 14.269 0 2.77543 0 0.00895381 0
0.218 14.3018 0 2.78181 0 0.00897439 0
0.2185 14.3346 0 2.78819 0 0.00899497 0
0.219 14.3674 0 2.79457 0 0.00901556 0
0.2195 14.4002 0 2.80095 0 0.00903614 0
0.22 14.433 0 2.80733 0 0.00905672 0
0.2205 14.4658 0 2.81371 0 0.00907731 0
0.221 14.4986 0 2.82009 0 0.00909789 0
0.2215 14.5314 0 2.82647 0 0.00911847 0
0.222 14.5642 0 2.83286 0 0.00913906 0
0.2225 14.597 0 2.83924 0 0.00915964 0
0.223 14.6298 0 2.84562 0 0.00918022 0
0.2235 14.6627 0 2.852 0 0.00920081 0
0.224 14.6955 0 2.85838 0 0.00922139 0
0.2245 14.7283 0 2.86476 0 0.00924197 0
0.225 14.7611 0 2.87114 0 0.00926256 0
0.2255 14.7939 0 2.87752 0 0.00928314 0
0.226 14.8267 0 2.8839 0 0.00930372 0
0.2265 14.8595 0 2.89028 0 0.00932431 0
0.227 14.8923 0 2.89666 0 0.00934489 0
0.2275 14.9251 0 2.90304 0 0.00936547 0
0.228 14.9579 0 2.90942 0 0.00938606 0
0.2285 14.9907 0 2.9158 0 0.00940664 0
0.229 15.0235 0 2.92218 0 0.00942722 0
0.2295 15.0563 0 2.92856 0 0.00944781 0
0.23 15.0891 0 2.93494 0 0.00946839 0
0.2305 15.1219 0 2.94132 0 0.00948898 0
0.231 15.1547 0 2.9477 0 0.00950956 0
0.2315 15.1875 0 2.95408 0 0.00953014 0
0.232 15.2203 0 2.96046 0 0.00955073 0
0.2325 15.2531 0 2.96684 0 0.00957131 0
0.233 15.2859 0 2.97322 0 0.00959189 0
0.2335 15.3187 0 2.9796 0 0.00961248 0
0.234 15.3515 0 2.98598 0 0.00963306 0
0.2345 15.3843 0 2.99236 0 0.00965364 0
0.235 15.4171 0 2.99874 0 0.00967423 0
0.2355 15.4499 0 3.00512 0 0.00969481 0
0.236 15.4827 0 3.0115 0 0.00971539 0
0.2365 15.5155 0 3.01788 0 0.00973598 0
0.237 15.5483 0 3.02426 0 0.00975656 0
0.2375 15.5811 0 3.03064 0 0.00977714 0
0.238 15.6139 0 3.03702 0 0.00979773 0
0.2385 15.6467 0 3.04341 0 0.00981831 0
0.239 15.6795 0 3.04979 0 0.00983889 0
0.2395 15.7123 0 3.05617 0 0.00985948 0
0.24 15.7451 0 3.06255 0 0.00988006 0
0.2405 15.7779 0 3.06893 0 0.00990064 0
0.241 15.8107 0 3.07531 0 0.00992123 0
0.2415 15.8435 0 3.08169 0 0.00994181 0
0.242 15.8763 0 3.08807 0 0.00996239 0
0.2425 15.9091 0 3.09445 0 0.00998298 0
0.243 15.9419 0 3.10083 0 0.0100036 0
0.2435 15.9747 0 3.10721 0 0.0100241 0
0.244 16.0075 0 3.11359 0 0.0100447 0
0.2445 16.0403 0 3.11997 0 0.0100653 0
0.245 16.0732 0 3.12635 0 0.0100859 0
0.2455 16.106 0 3.13273 0 0.0101065 0
0.246 16.1388 0 3.13911 0 0.0101271 0
0.2465 16.1716 0 3.14549 0 0.0101476 0
0.247 16.2044 0 3.15187 0 0.0101682 0
0.2475 16.2372 0 3.15825 0 0.0101888 0
0.248 16.27 0 3.16463 0 0.0102094 0
0.2485 16.3028 0 3.17101 0 0.01023 0
0.249 16.3356 0 3.17739 0 0.0102506 0
0.2495 16.3684 0 3.18377 0 0.0102711 0
0.25 16.4012 0 3.19015 0 0.0102917 0
0.2505 16.434 0 3.19653 0 0.0103123 0
0.251 16.4668 0 3.20291 0 0.0103329 0
0.2515 16.4996 0 3.20929 0 0.0103535 0
0.252 16.5324 0 3.21567 0 0.0103741 0
0.2525 16.5652 0 3.22205 0 0.0103946 0
0.253 16.598 0 3.22843 0 0.0104152 0
0.2535 16.6308 0 3.23481 0 0.0104358 0
0.254 16.6636 0 3.24119 0 0.0104564 0
0.2545 16.6964 0 3.24757 0 0.010477 0
0.255 16.7292 0 3.25396 0 0.0104976 0
0.2555 16.762 0 3.26034 0 0.0105181 0
0.256 16.7948 0 3.26672 0 0.0105387 0
0.2565 16.8276 0 3.2731 0 0.0105593 0
0.257 16.8604 0 3.27948 0 0.0105799 0
0.2575 16.8932 0 3.28586 0 0.0106005 0
0.258 16.926 0 3.29224 0 0.0106211 0
0.2585 16.9588 0 3.29862 0 0.0106416 0
0.259 16.9916 0 3.305 0 0.0106622 0
0.2595 17.0244 0 3.31138 0 0.0106828 0
0.26 17.0572 0 3.31776 0 0.0107034 0
0.2605 17.09 0 3.32414 0 0.010724 0
0.261 17.1228 0 3.33052 0 0.0107446 0
0.2615 17.1556 0 3.3369 0 0.0107651 0
0.262 17.1884 0 3.34328 0 0.0107857 0
0.2625 17.2212 0 3.34966 0 0.0108063 0
0.263 17.254 0 3.35604 0 0.0108269 0
0.2635 17.2868 0 3.36242 0 0.0108475 0
0.264 17.3196 0 3.3688 0 0.0108681 0
0.2645 17.3524 0 3.37518 0 0.0108887 0
0.265 17.3852 0 3.38156 0 0.0109092 0
0.2655 17.418 0 3.38794 0 0.0109298 0
0.266 17.4509 0 3.39432 0 0.0109504 0
0.2665 17.4837 0 3.4007 0 0.010971 0
0.267 17.5165 0 3.40708 0 0.0109916 0
0.2675 17.5493 0 3.41346 0 0.0110122 0
0.268 17.5821 0 3.41984 0 0.0110327 0
0.2685 17.6149 0 3.42622 0 0.0110533 0
0.269 17.6477 0 3.4326 0 0.0110739 0
0.2695 17.6805 0 3.43898 0 0.0110945 0
0.27 17.7133 0 3.44536 0 0.0111151 0
0.2705 17.7461 0 3.45174 0 0.0111357 0
0.271 17.7789 0 3.45812 0 0.0111562 0
0.2715 17.8117 0 3.46451 0 0.0111768 0
0.272 17.8445 0 3.47089 0 0.0111974 0
0.2725 17.8773 0 3.47727 0 0.011218 0
0.273 17.9101 0 3.48365 0 0.0112386 0
0.2735 17.9429 0 3.49003 0 0.0112592 0
0.274 17.9757 0 3.49641 0 0.0112797 0
0.2745 18.0085 0 3.50279 0 0.0113003 0
0.275 18.0413 0 3.50917 0 0.0113209 0
0.2755 18.0741 0 3.51555 0 0.0113415 0
0.276 18.1069 0 3.52193 0 0.0113621 0
0.2765 18.1397 0 3.52831 0 0.0113827 0
0.277 18.1725 0 3.53469 0 0.0114032 0
0.2775 18.2053 0 3.54107 0 0.0114238 0
0.278 18.2381 0 3.54745 0 0.0114444 0
0.2785 18.2709 0 3.55383 0 0.011465 0
0.279 18.3037 0 3.56021 0 0.0114856 0
0.2795 18.3365 0 3.56659 0 0.0115062 0
0.28 18.3693 0 3.57297 0 0.0115267 0
0.2805 18.4021 0 3.57935 0 0.0115473 0
0.281 18.4349 0 3.58573 0 0.0115679 0
0.2815 18.4677 0 3.59211 0 0.0115885 0
0.282 18.5005 0 3.59849 0 0.0116091 0
0.2825 18.5333 0 3.60487 0 0.0116297 0
0.283 18.5661 0 3.61125 0 0.0116502 0
0.2835 18.5989 0 3.61763 0 0.0116708 0
0.284 18.6317 0 3.62401 0 0.0116914 0
0.2845 18.6645 0 3.63039 0 0.011712 0
0.285 18.6973 0 3.63677 0 0.0117326 0
0.2855 18.7301 0 3.64315 0 0.0117532 0
0.286 18.7629 0 3.64953 0 0.0117737 0
0.2865 18.7957 0 3.65591 0 0.0117943 0
0.287 18.8285 0 3.66229 0 0.0118149 0
0.2875 18.8614 0 3.66867 0 0.0118355 0
0.288 18.8942 0 3.67506 0 0.0118561 0
0.2885 18.927 0 3.68144 0 0.0118767 0
0.289 18.9598 0 3.68782 0 0.0118972 0
0.2895 18.9926 0 3.6942 0 0.0119178 0
0.29 19.0254 0 3.70058 0 0.0119384 0
0.2905 19.0582 0 3.70696 0 0.011959 0
0.291 19.091 0 3.71334 0 0.0119796 0
0.2915 19.1238 0 3.71972 0 0.0120002 0
0.292 19.1566 0 3.7261 0 0.0120207 0
0.2925 19.1894 0 3.73248 0 0.0120413 0
0.293 19.2222 0 3.73886 0 0.0120619 0
0.2935 19.255 0 3.74524 0 0.0120825 0
0.294 19.2878 0 3.75162 0 0.0121031 0
0.2945 19.3206 0 3.758 0 0.0121237 0
0.295 19.3534 0 3.76438 0 0.0121442 0
0.2955 19.3862 0 3.77076 0 0.0121648 0
0.296 19.419 0 3.77714 0 0.0121854 0
0.2965 19.4518 0 3.78352 0 0.012206 0
0.297 19.4846 0 3.7899 0 0.0122266 0
0.2975 19.5174 0 3.79628 0 0.0122472 0
0.298 19.5502 0 3.80266 0 0.0122677 0
0.2985 19.583 0 3.80904 0 0.0122883 0
0.299 19.6158 0 3.81542 0 0.0123089 0
0.2995 19.6486 0 3.8218 0 0.0123295 0
0.3 19.6814 0 3.82818 0 0.0123501 0
0.3005 19.7142 0 3.83456 0 0.0123707 0
0.301 19.747 0 3.84094 0 0.0123912 0
0.3015 19.7798 0 3.84732 0 0.0124118 0
0.302 19.8126 0 3.8537 0 0.0124324 0
0.3025 19.8454 0 3.86008 0 0.012453 0
0.303 19.8782 0 3.86646 0 0.0124736 0
0.3035 19.911 0 3.87284 0 0.0124942 0
0.304 19.9438 0 3.87922 0 0.0125147 0
0.3045 19.9766 0 3.88561 0 0.0125353 0
0.305 20.0094 0 3.89199 0 0.0125559 0
0.3055 20.0422 0 3.89837 0 0.0125765 0
0.306 20.075 0 3.90475 0 0.0125971 0
0.3065 20.1078 0 3.91113 0 0.0126177 0
0.307 20.1406 0 3.91751 0 0.0126382 0
0.3075 20.1734 0 3.92389 0 0.0126588 0
0.308 20.2062 0 3.93027 0 0.0126794 0
0.3085 20.2391 0 3.93665 0 0.0127 0
0.309 20.2719 0 3.94303 0 0.0127206 0
0.3095 20.3047 0 3.94941 0 0.0127412 0
0.31 20.3375 0 3.95579 0 0.0127617 0
0.3105 20.3703 0 3.96217 0 0.0127823 0
0.311 20.4031 0 3.96855 0 0.0128029 0
0.3115 20.4359 0 3.97493 0 0.0128235 0
0.312 20.4687 0 3.98131 0 0.0128441 0
0.3125 20.5015 0 3.98769 0 0.0128647 0
0.313 20.5343 0 3.99407 0 0.0128852 0
0.3135 20.5671 0 4.00045 0 0.0129058 0
0.314 20.5999 0 4.00683 0 0.0129264 0
0.3145 20.6327 0 4.01321 0 0.012947 0
0.315 20.6655 0 4.01959 0 0.0129676 0
0.3155 20.6983 0 4.02597 0 0.0129882 0
0.316 20.7311 0 4.03235 0 0.0130087 0
0.3165 20.7639 0 4.03873 0 0.0130293 0
0.317 20.7967 0 4.04511 0 0.0130499 0
0.3175 20.8295 0 4.05149 0 0.0130705 0
0.318 20.8623 0 4.05787 0 0.0130911 0
0.3185 20.8951 0 4.06425 0 0.0131117 0
0.319 20.9279 0 4.07063 0 0.0131322 0
0.3195 20.9607 0 4.07701 0 0.0131528 0
0.32 20.9935 0 4.08339 0 0.0131734 0
0.3205 21.0263 0 4.08977 0 0.013194 0
0.321 21.0591 0 4.09616 0 0.0132146 0
0.3215 21.0919 0 4.10254 0 0.0132352 0
0.322 21.1247 0 4.10892 0 0.0132557 0
0.3225 21.1575 0 4.1153 0 0.0132763 0
0.323 21.1903 0 4.12168 0 0.0132969 0
0.3235 21.2231 0 4.12806 0 0.0133175 0
0.324 21.2559 0 4.13444 0 0.0133381 0
0.3245 21.2887 0 4.14082 0 0.0133587 0
0.325 21.3215 0 4.1472 0 0.0133792 0
0.3255 21.3543 0 4.15358 0 0.0133998 0
0.326 21.3871 0 4.15996 0 0.0134204 0
0.3265 21.4199 0 4.16634 0 0.013441 0
0.327 21.4527 0 4.17272 0 0.0134616 0
0.3275 21.4855 0 4.1791 0 0.0134822 0
0.328 21.5183 0 4.18548 0 0.0135027 0
0.3285 21.5511 0 4.19186 0 0.0135233 0
0.329 21.5839 0 4.19824 0 0.0135439 0
0.3295 21.6167 0 4.20462 0 0.0135645 0
0.33 21.6496 0 4.211 0 0.0135851 0
0.3305 21.6824 0 4.21738 0 0.0136057 0
0.331 21.7152 0 4.22376 0 0.0136263 0
0.3315 21.748 0 4.23014 0 0.0136468 0
0.332 21.7808 0 4.23652 0 0.0136674 0
0.3325 21.8136 0 4.2429 0 0.013688 0
0.333 21.8464 0 4.24928 0 0.0137086 0
0.3335 21.8792 0 4.25566 0 0.0137292 0
0.334 21.912 0 4.26204 0 0.0137498 0
0.3345 21.9448 0 4.26842 0 0.0137703 0
0.335 21.9776 0 4.2748 0 0.0137909 0
0.3355 22.0104 0 4.28118 0 0.0138115 0
0.336 22.0432 0 4.28756 0 0.0138321 0
0.3365 22.076 0 4.29394 0 0.0138527 0
0.337 22.1088 0 4.30032 0 0.0138733 0
0.3375 22.1416 0 4.30671 0 0.0138938 0
0.338 22.1744 0 4.31309 0 0.0139144 0
0.3385 22.2072 0 4.31947 0 0.013935 0
0.339 22.24 0 4.32585 0 0.0139556 0
0.3395 22.2728 0 4.33223 0 0.0139762 0
0.34 22.3056 0 4.33861 0 0.0139968 0
0.3405 22.3384 0 4.34499 0 0.0140173 0
0.341 22.3712 0 4.35137 0 0.0140379 0
0.3415 22.404 0 4.35775 0 0.0140585 0
0.342 22.4368 0 4.36413 0 0.0140791 0
0.3425 22.4696 0 4.37051 0 0.0140997 0
0.343 22.5024 0 4.37689 0 0.0141203 0
0.3435 22.5352 0 4.38327 0 0.0141408 0
0.344 22.568 0 4.38965 0 0.0141614 0
0.3445 22.6008 0 4.39603 0 0.014182 0
0.345 22.6336 0 4.40241 0 0.0142026 0
0.3455 22.6664 0 4.40879 0 0.0142232 0
0.346 22.6992 0 4.41517 0 0.0142438 0
0.3465 22.732 0 4.42155 0 0.0142643 0
0.347 22.7648 0 4.42793 0 0.0142849 0
0.3475 22.7976 0 4.43431 0 0.0143055 0
0.348 22.8304 0 4.44069 0 0.0143261 0
0.3485 22.8632 0 4.44707 0 0.0143467 0
0.349 22.896 0 4.45345 0 0.0143673 0
0.3495 22.9288 0 4.45983 0 0.0143878 0
0.35 22.9616 0 4.46621 0 0.0144084 0
0.3505 22.9944 0 4.47259 0 0.014429 0
0.351 23.0272 0 4.47897 0 0.0144496 0
0.3515 23.0601 0 4.48535 0 0.0144702 0
0.352 23.0929 0 4.49173 0 0.0144908 0
0.3525 23.1257 0 4.49811 0 0.0145113 0
0.353 23.1585 0 4.50449 0 0.0145319 0
0.3535 23.1913 0 4.51088 0 0.0145525 0
0.354 23.2241 0 4.51726 0 0.0145731 0
0.3545 23.2569 0 4.52364 0 0.0145937 0
0.355 23.2897 0 4.53002 0 0.0146143 0
0.3555 23.3225 0 4.5364 0 0.0146348 0
0.356 23.3553 0 4.54278 0 0.0146554 0
0.3565 23.3881 0 4.54916 0 0.014676 0
0.357 23.4209 0 4.55554 0 0.0146966 0
0.3575 23.4537 0 4.56192 0 0.0147172 0
0.358 23.4865 0 4.5683 0 0.0147378 0
0.3585 23.5193 0 4.57468 0 0.0147583 0
0.359 23.5521 0 4.58106 0 0.0147789 0
0.3595 23.5849 0 4.58744 0 0.0147995 0
0.36 23.6177 0 4.59382 0 0.0148201 0
0.3605 23.6505 0 4.6002 0 0.0148407 0
0.361 23.6833 0 4.60658 0 0.0148613 0
0.3615 23.7161 0 4.61296 0 0.0148818 0
0.362 23.7489 0 4.61934 0 0.0149024 0
0.3625 23.7817 0 4.62572 0 0.014923 0
0.363 23.8145 0 4.6321 0 0.0149436 0
0.3635 23.8473 0 4.63848 0 0.0149642 0
0.364 23.8801 0 4.64486 0 0.0149848 0
0.3645 23.9129 0 4.65124 0 0.0150053 0
0.365 23.9457 0 4.65762 0 0.0150259 0
0.3655 23.9785 0 4.664 0 0.0150465 0
0.366 24.0113 0 4.67038 0 0.0150671 0
0.3665 24.0441 0 4.67676 0 0.0150877 0
0.367 24.0769 0 4.68314 0 0.0151083 0
0.3675 24.1097 0 4.68952 0 0.0151288 0
0.368 24.1425 0 4.6959 0 0.0151494 0
0.3685 24.1753 0 4.70228 0 0.01517 0
0.369 24.2081 0 4.70866 0 0.0151906 0
0.3695 24.2409 0 4.71504 0 0.0152112 0
0.37 24.2737 0 4.72143 0 0.0152318 0
0.3705 24.3065 0 4.72781 0 0.0152523 0
0.371 24.3393 0 4.73419 0 0.0152729 0
0.3715 24.3721 0 4.74057 0 0.0152935 0
0.372 24.4049 0 4.74695 0 0.0153141 0
0.3725 24.4378 0 4.75333 0 0.0153347 0
0.373 24.4706 0 4.75971 0 0.0153553 0
0.3735 24.5034 0 4.76609 0 0.0153758 0
0.374 24.5362 0 4.77247 0 0.0153964 0
0.3745 24.569 0 4.77885 0 0.015417 0
0.375 24.6018 0 4.78523 0 0.0154376 0
0.3755 24.6346 0 4.79161 0 0.0154582 0
0.376 24.6674 0 4.79799 0 0.0154788 0
0.3765 24.7002 0 4.80437 0 0.0154993 0
0.377 24.733 0 4.81075 0 0.0155199 0
0.3775 24.7658 0 4.81713 0 0.0155405 0
0.378 24.7986 0 4.82351 0 0.0155611 0
0.3785 24.8314 0 4.82989 0 0.0155817 0
0.379 24.8642 0 4.83627 0 0.0156023 0
0.3795 24.897 0 4.84265 0 0.0156228 0
0.38 24.9298 0 4.84903 0 0.0156434 0
0.3805 24.9626 0 4.85541 0 0.015664 0
0.381 24.9954 0 4.86179 0 0.0156846 0
0.3815 25.0282 0 4.86817 0 0.0157052 0
0.382 25.061 0 4.87455 0 0.0157258 0
0.3825 25.0938 0 4.88093 0 0.0157463 0
0.383 25.1266 0 4.88731 0 0.0157669 0
0.3835 25.1594 0 4.89369 0 0.0157875 0
0.384 25.1922 0 4.90007 0 0.0158081 0
0.3845 25.225 0 4.90645 0 0.0158287 0
0.385 25.2578 0 4.91283 0 0.0158493 0
0.3855 25.2906 0 4.91921 0 0.0158698 0
0.386 25.3234 0 4.92559 0 0.0158904 0
0.3865 25.3562 0 4.93198 0 0.015911 0
0.387 25.389 0 4.93836 0 0.0159316 0
0.3875 25.4218 0 4.94474 0 0.0159522 0
0.388 25.4546 0 4.95112 0 0.0159728 0
0.3885 25.4874 0 4.9575 0 0.0159933 0
0.389 25.5202 0 4.96388 0 0.0160139 0
0.3895 25.553 0 4.97026 0 0.0160345 0
0.39 25.5858 0 4.97664 0 0.0160551 0
0.3905 25.6186 0 4.98302 0 0.0160757 0
0.391 25.6514 0 4.9894 0 0.0160963 0
0.3915 25.6842 0 4.99578 0 0.0161168 0
0.392 25.717 0 5.00216 0 0.0161374 0
0.3925 25.7498 0 5.00854 0 0.016158 0
0.393 25.7826 0 5.01492 0 0.0161786 0
0.3935 25.8154 0 5.0213 0 0.0161992 0
0.394 25.8483 0 5.02768 0 0.0162198 0
0.3945 25.8811 0 5.03406 0 0.0162404 0
0.395 25.9139 0 5.04044 0 0.0162609 0
0.3955 25.9467 0 5.04682 0 0.0162815 0
0.396 25.9795 0 5.0532 0 0.0163021 0
0.3965 26.0123 0 5.05958 0 0.0163227 0
0.397 26.0451 0 5.06596 0 0.0163433 0
0.3975 26.0779 0 5.07234 0 0.0163639 0
0.398 26.1107 0 5.07872 0 0.0163844 0
0.3985 26.1435 0 5.0851 0 0.016405 0
0.399 26.1763 0 5.09148 0 0.0164256 0
0.3995 26.2091 0 5.09786 0 0.0164462 0
0.4 26.2419 0 5.10424 0 0.0164668 0
0.4005 26.2747 0 5.11062 0 0.0164874 0
0.401 26.3075 0 5.117 0 0.0165079 0
0.4015 26.3403 0 5.12338 0 0.0165285 0
0.402 26.3731 0 5.12976 0 0.0165491 0
0.4025 26.4059 0 5.13614 0 0.0165697 0
0.403 26.4387 0 5.14253 0 0.0165903 0
0.4035 26.4715 0 5.14891 0 0.0166109 0
0.404 26.5043 0 5.15529 0 0.0166314 0
0.4045 26.5371 0 5.16167 0 0.016652 0
0.405 26.5699 0 5.16805 0 0.0166726 0
0.4055 26.6027 0 5.17443 0 0.0166932 0
0.406 26.6355 0 5.18081 0 0.0167138 0
0.4065 26.6683 0 5.18719 0 0.0167344 0
0.407 26.7011 0 5.19357 0 0.0167549 0
0.4075 26.7339 0 5.19995 0 0.0167755 0
0.408 26.7667 0 5.20633 0 0.0167961 0
0.4085 26.7995 0 5.21271 0 0.0168167 0
0.409 26.8323 0 5.21909 0 0.0168373 0
0.4095 26.8651 0 5.22547 0 0.0168579 0
0.41 26.8979 0 5.23185 0 0.0168784 0
0.4105 26.9307 0 5.23823 0 0.016899 0
0.411 26.9635 0 5.24461 0 0.0169196 0
0.4115 26.9963 0 5.25099 0 0.0169402 0
0.412 27.0291 0 5.25737 0 0.0169608 0
0.4125 27.0619 0 5.26375 0 0.0169814 0
0.413 27.0947 0 5.27013 0 0.0170019 0
0.4135 27.1275 0 5.27651 0 0.0170225 0
0.414 27.1603 0 5.28289 0 0.0170431 0
0.4145 27.1931 0 5.28927 0 0.0170637 0
0.415 27.226 0 5.29565 0 0.0170843 0
0.4155 27.2588 0 5.30203 0 0.0171049 0
0.416 27.2916 0 5.30841 0 0.0171254 0
0.4165 27.3244 0 5.31479 0 0.017146 0
0.417 27.3572 0 5.32117 0 0.0171666 0
0.4175 27.39 0 5.32755 0 0.0171872 0
0.418 27.4228 0 5.33393 0 0.0172078 0
0.4185 27.4556 0 5.34031 0 0.0172284 0
0.419 27.4884 0 5.34669 0 0.0172489 0
0.4195 27.5212 0 5.35308 0 0.0172695 0
0.42 27.554 0 5.35946 0 0.0172901 0
0.4205 27.5868 0 5.36584 0 0.0173107 0
0.421 27.6196 0 5.37222 0 0.0173313 0
0.4215 27.6524 0 5.3786 0 0.0173519 0
0.422 27.6852 0 5.38498 0 0.0173724 0
0.4225 27.718 0 5.39136 0 0.017393 0
0.423 27.7508 0 5.39774 0 0.0174136 0
0.4235 27.7836 0 5.40412 0 0.0174342 0
0.424 27.8164 0 5.4105 0 0.0174548 0
0.4245 27.8492 0 5.41688 0 0.0174754 0
0.425 27.882 0 5.42326 0 0.0174959 0
0.4255 27.9148 0 5.42964 0 0.0175165 0
0.426 27.9476 0 5.43602 0 0.0175371 0
0.4265 27.9804 0 5.4424 0 0.0175577 0
0.427 28.0132 0 5.44878 0 0.0175783 0
0.4275 28.046 0 5.45516 0 0.0175989 0
0.428 28.0788 0 5.46154 0 0.0176194 0
0.4285 28.1116 0 5.46792 0 0.01764 0
0.429 28.1444 0 5.4743 0 0.0176606 0
0.4295 28.1772 0 5.48068 0 0.0176812 0
0.43 28.21 0 5.48706 0 0.0177018 0
0.4305 28.2428 0 5.49344 0 0.0177224 0
0.431 28.2756 0 5.49982 0 0.0177429 0
0.4315 28.3084 0 5.5062 0 0.0177635 0
0.432 28.3412 0 5.51258 0 0.0177841 0
0.4325 28.374 0 5.51896 0 0.0178047 0
0.433 28.4068 0 5.52534 0 0.0178253 0
0.4335 28.4396 0 5.53172 0 0.0178459 0
0.434 28.4724 0 5.5381 0 0.0178664 0
0.4345 28.5052 0 5.54448 0 0.017887 0
0.435 28.538 0 5.55086 0 0.0179076 0
0.4355 28.5708 0 5.55724 0 0.0179282 0
0.436 28.6036 0 5.56363 0 0.0179488 0
0.4365 28.6365 0 5.57001 0 0.0179694 0
0.437 28.6693 0 5.57639 0 0.0179899 0
0.4375 28.7021 0 5.58277 0 0.0180105 0
0.438 28.7349 0 5.58915 0 0.0180311 0
0.4385 28.7677 0 5.59553 0 0.0180517 0
0.439 28.8005 0 5.60191 0 0.0180723 0
0.4395 28.8333 0 5.60829 0 0.0180929 0
0.44 28.8661 0 5.61467 0 0.0181134 0
0.4405 28.8989 0 5.62105 0 0.018134 0
0.441 28.9317 0 5.62743 0 0.0181546 0
0.4415 28.9645 0 5.63381 0 0.0181752 0
0.442 28.9973 0 5.64019 0 0.0181958 0
0.4425 29.0301 0 5.64657 0 0.0182164 0
0.443 29.0629 0 5.65295 0 0.0182369 0
0.4435 29.0957 0 5.65933 0 0.0182575 0
0.444 29.1285 0 5.66571 0 0.0182781 0
0.4445 29.1613 0 5.67209 0 0.0182987 0
0.445 29.1941 0 5.67847 0 0.0183193 0
0.4455 29.2269 0 5.68485 0 0.0183399 0
0.446 29.2597 0 5.69123 0 0.0183604 0
0.4465 29.2925 0 5.69761 0 0.018381 0
0.447 29.3253 0 5.70399 0 0.0184016 0
0.4475 29.3581 0 5.71037 0 0.0184222 0
0.448 29.3909 0 5.71675 0 0.0184428 0
0.4485 29.4237 0 5.72313 0 0.0184634 0
0.449 29.4565 0 5.72951 0 0.0184839 0
0.4495 29.4893 0 5.73589 0 0.0185045 0
0.45 29.5221 0 5.74227 0 0.0185251 0
0.4505 29.5549 0 5.74865 0 0.0185457 0
0.451 29.5877 0 5.75503 0 0.0185663 0
0.4515 29.6205 0 5.76141 0 0.0185869 0
0.452 29.6533 0 5.76779 0 0.0186074 0
0.4525 29.6861 0 5.77418 0 0.018628 0
0.453 29.7189 0 5.78056 0 0.0186486 0
0.4535 29.7517 0 5.78694 0 0.0186692 0
0.454 29.7845 0 5.79332 0 0.0186898 0
0.4545 29.8173 0 5.7997 0 0.0187104 0
0.455 29.8501 0 5.80608 0 0.0187309 0
0.4555 29.8829 0 5.81246 0 0.0187515 0
0.456 29.9157 0 5.81884 0 0.0187721 0
0.4565 29.9485 0 5.82522 0 0.0187927 0
0.457 29.9813 0 5.8316 0 0.0188133 0
0.4575 30.0142 0 5.83798 0 0.0188339 0
0.458 30.047 0 5.84436 0 0.0188544 0
0.4585 30.0798 0 5.85074 0 0.018875 0
0.459 30.1126 0 5.85712 0 0.0188956 0
0.4595 30.1454 0 5.8635 0 0.0189162 0
0.46 30.1782 0 5.86988 0 0.0189368 0
0.4605 30.211 0 5.87626 0 0.0189574 0
0.461 30.2438 0 5.88264 0 0.018978 0
0.4615 30.2766 0 5.88902 0 0.0189985 0
0.462 30.3094 0 5.8954 0 0.0190191 0
0.4625 30.3422 0 5.90178 0 0.0190397 0
0.463 30.375 0 5.90816 0 0.0190603 0
0.4635 30.4078 0 5.91454 0 0.0190809 0
0.464 30.4406 0 5.92092 0 0.0191015 0
0.4645 30.4734 0 5.9273 0 0.019122 0
0.465 30.5062 0 5.93368 0 0.0191426 0
0.4655 30.539 0 5.94006 0 0.0191632 0
0.466 30.5718 0 5.94644 0 0.0191838 0
0.4665 30.6046 0 5.95282 0 0.0192044 0
0.467 30.6374 0 5.9592 0 0.019225 0
0.4675 30.6702 0 5.96558 0 0.0192455 0
0.468 30.703 0 5.97196 0 0.0192661 0
0.4685 30.7358 0 5.97834 0 0.0192867 0
0.469 30.7686 0 5.98473 0 0.0193073 0
0.4695 30.8014 0 5.99111 0 0.0193279 0
0.47 30.8342 0 5.99749 0 0.0193485 0
0.4705 30.867 0 6.00387 0 0.019369 0
0.471 30.8998 0 6.01025 0 0.0193896 0
0.4715 30.9326 0 6.01663 0 0.0194102 0
0.472 30.9654 0 6.02301 0 0.0194308 0
0.4725 30.9982 0 6.02939 0 0.0194514 0
0.473 31.031 0 6.03577 0 0.019472 0
0.4735 31.0638 0 6.04215 0 0.0194925 0
0.474 31.0966 0 6.04853 0 0.0195131 0
0.4745 31.1294 0 6.05491 0 0.0195337 0
0.475 31.1622 0 6.06129 0 0.0195543 0
0.4755 31.195 0 6.06767 0 0.0195749 0
0.476 31.2278 0 6.07405 0 0.0195955 0
0.4765 31.2606 0 6.08043 0 0.019616 0
0.477 31.2934 0 6.08681 0 0.0196366 0
0.4775 31.3262 0 6.09319 0 0.0196572 0
0.478 31.359 0 6.09957 0 0.0196778 0
0.4785 31.3918 0 6.10595 0 0.0196984 0
0.479 31.4247 0 6.11233 0 0.019719 0
0.4795 31.4575 0 6.11871 0 0.0197395 0
0.48 31.4903 0 6.12509 0 0.0197601 0
0.4805 31.5231 0 6.13147 0 0.0197807 0
0.481 31.5559 0 6.13785 0 0.0198013 0
0.4815 31.5887 0 6.14423 0 0.0198219 0
0.482 31.6215 0 6.15061 0 0.0198425 0
0.4825 31.6543 0 6.15699 0 0.019863 0
0.483 31.6871 0 6.16337 0 0.0198836 0
0.4835 31.7199 0 6.16975 0 0.0199042 0
0.484 31.7527 0 6.17613 0 0.0199248 0
0.4845 31.7855 0 6.18251 0 0.0199454 0
0.485 31.8183 0 6.18889 0 0.019966 0
0.4855 31.8511 0 6.19528 0 0.0199865 0
0.486 31.8839 0 6.20166 0 0.0200071 0
0.4865 31.9167 0 6.20804 0 0.0200277 0
0.487 31.9495 0 6.21442 0 0.0200483 0
0.4875 31.9823 0 6.2208 0 0.0200689 0
0.488 32.0151 0 6.22718 0 0.0200895 0
0.4885 32.0479 0 6.23356 0 0.02011 0
0.489 32.0807 0 6.23994 0 0.0201306 0
0.4895 32.1135 0 6.24632 0 0.0201512 0
0.49 32.1463 0 6.2527 0 0.0201718 0
0.4905 32.1791 0 6.25908 0 0.0201924 0
0.491 32.2119 0 6.26546 0 0.020213 0
0.4915 32.2447 0 6.27184 0 0.0202335 0
0.492 32.2775 0 6.27822 0 0.0202541 0
0.4925 32.3103 0 6.2846 0 0.0202747 0
0.493 32.3431 0 6.29098 0 0.0202953 0
0.4935 32.3759 0 6.29736 0 0.0203159 0
0.494 32.4087 0 6.30374 0 0.0203365 0
0.4945 32.4415 0 6.31012 0 0.020357 0
0.495 32.4743 0 6.3165 0 0.0203776 0
0.4955 32.5071 0 6.32288 0 0.0203982 0
0.496 32.5399 0 6.32926 0 0.0204188 0
0.4965 32.5727 0 6.33564 0 0.0204394 0
0.497 32.6055 0 6.34202 0 0.02046 0
0.4975 32.6383 0 6.3484 0 0.0204805 0
0.498 32.6711 0 6.35478 0 0.0205011 0
0.4985 32.7039 0 6.36116 0 0.0205217 0
0.499 32.7367 0 6.36754 0 0.0205423 0
0.4995 32.7695 0 6.37392 0 0.0205629 0
0.5 32.8024 0 6.3803 0 0.0205835 0
0.5005 32.8352 0 6.38668 0 0.020604 0
0.501 32.868 0 6.39306 0 0.0206246 0
0.5015 32.9008 0 6.39945 0 0.0206452 0
0.502 32.9336 0 6.40583 0 0.0206658 0
0.5025 32.9664 0 6.41221 0 0.0206864 0
0.503 32.9992 0 6.41859 0 0.020707 0
0.5035 33.032 0 6.42497 0 0.0207275 0
0.504 33.0648 0 6.43135 0 0.0207481 0
0.5045 33.0976 0 6.43773 0 0.0207687 0
0.505 33.1304 0 6.44411 0 0.0207893 0
0.5055 33.1632 0 6.45049 0 0.0208099 0
0.506 33.196 0 6.45687 0 0.0208305 0
0.5065 33.2288 0 6.46325 0 0.020851 0
0.507 33.2616 0 6.46963 0 0.0208716 0
0.5075 33.2944 0 6.47601 0 0.0208922 0
0.508 33.3272 0 6.48239 0 0.0209128 0
0.5085 33.36 0 6.48877 0 0.0209334 0
0.509 33.3928 0 6.49515 0 0.020954 0
0.5095 33.4256 0 6.50153 0 0.0209745 0
0.51 33.4584 0 6.50791 0 0.0209951 0
0.5105 33.4912 0 6.51429 0 0.0210157 0
0.511 33.524 0 6.52067 0 0.0210363 0
0.5115 33.5568 0 6.52705 0 0.0210569 0
0.512 33.5896 0 6.53343 0 0.0210775 0
0.5125 33.6224 0 6.53981 0 0.021098 0
0.513 33.6552 0 6.54619 0 0.0211186 0
0.5135 33.688 0 6.55257 0 0.0211392 0
0.514 33.7208 0 6.55895 0 0.0211598 0
0.5145 33.7536 0 6.56533 0 0.0211804 0
0.515 33.7864 0 6.57171 0 0.021201 0
0.5155 33.8192 0 6.57809 0 0.0212215 0
0.516 33.852 0 6.58447 0 0.0212421 0
0.5165 33.8848 0 6.59085 0 0.0212627 0
0.517 33.9176 0 6.59723 0 0.0212833 0
0.5175 33.9504 0 6.60361 0 0.0213039 0
0.518 33.9832 0 6.61 0 0.0213245 0
0.5185 34.016 0 6.61638 0 0.021345 0
0.519 34.0488 0 6.62276 0 0.0213656 0
0.5195 34.0816 0 6.62914 0 0.0213862 0
0.52 34.1144 0 6.63552 0 0.0214068 0
0.5205 34.1472 0 6.6419 0 0.0214274 0
0.521 34.18 0 6.64828 0 0.021448 0
0.5215 34.2129 0 6.65466 0 0.0214685 0
0.522 34.2457 0 6.66104 0 0.0214891 0
0.5225 34.2785 0 6.66742 0 0.0215097 0
0.523 34.3113 0 6.6738 0 0.0215303 0
0.5235 34.3441 0 6.68018 0 0.0215509 0
0.524 34.3769 0 6.68656 0 0.0215715 0
0.5245 34.4097 0 6.69294 0 0.021592 0
0.525 34.4425 0 6.69932 0 0.0216126 0
0.5255 34.4753 0 6.7057 0 0.0216332 0
0.526 34.5081 0 6.71208 0 0.0216538 0
0.5265 34.5409 0 6.71846 0 0.0216744 0
0.527 34.5737 0 6.72484 0 0.021695 0
0.5275 34.6065 0 6.73122 0 0.0217156 0
0.528 34.6393 0 6.7376 0 0.0217361 0
0.5285 34.6721 0 6.74398 0 0.0217567 0
0.529 34.7049 0 6.75036 0 0.0217773 0
0.5295 34.7377 0 6.75674 0 0.0217979 0
0.53 34.7705 0 6.76312 0 0.0218185 0
0.5305 34.8033 0 6.7695 0 0.0218391 0
0.531 34.8361 0 6.77588 0 0.0218596 0
0.5315 34.8689 0 6.78226 0 0.0218802 0
0.532 34.9017 0 6.78864 0 0.0219008 0
0.5325 34.9345 0 6.79502 0 0.0219214 0
0.533 34.9673 0 6.8014 0 0.021942 0
0.5335 35.0001 0 6.80778 0 0.0219626 0
0.534 35.0329 0 6.81416 0 0.0219831 0
0.5345 35.0657 0 6.82055 0 0.0220037 0
0.535 35.0985 0 6.82693 0 0.0220243 0
0.5355 35.1313 0 6.83331 0 0.0220449 0
0.536 35.1641 0 6.83969 0 0.0220655 0
0.5365 35.1969 0 6.84607 0 0.0220861 0
0.537 35.2297 0 6.85245 0 0.0221066 0
0.5375 35.2625 0 6.85883 0 0.0221272 0
0.538 35.2953 0 6.86521 0 0.0221478 0
0.5385 35.3281 0 6.87159 0 0.0221684 0
0.539 35.3609 0 6.87797 0 0.022189 0
0.5395 35.3937 0 6.88435 0 0.0222096 0
0.54 35.4265 0 6.89073 0 0.0222301 0
0.5405 35.4593 0 6.89711 0 0.0222507 0
0.541 35.4921 0 6.90349 0 0.0222713 0
0.5415 35.5249 0 6.90987 0 0.0222919 0
0.542 35.5577 0 6.91625 0 0.0223125 0
0.5425 35.5905 0 6.92263 0 0.0223331 0
0.543 35.6234 0 6.92901 0 0.0223536 0
0.5435 35.6562 0 6.93539 0 0.0223742 0
0.544 35.689 0 6.94177 0 0.0223948 0
0.5445 35.7218 0 6.94815 0 0.0224154 0
0.545 35.7546 0 6.95453 0 0.022436 0
0.5455 35.7874 0 6.96091 0 0.0224566 0
0.546 35.8202 0 6.96729 0 0.0224771 0
0.5465 35.853 0 6.97367 0 0.0224977 0
0.547 35.8858 0 6.98005 0 0.0225183 0
0.5475 35.9186 0 6.98643 0 0.0225389 0
0.548 35.9514 0 6.99281 0 0.0225595 0
0.5485 35.9842 0 6.99919 0 0.0225801 0
0.549 36.017 0 7.00557 0 0.0226006 0
0.5495 36.0498 0 7.01195 0 0.0226212 0
0.55 36.0826 0 7.01833 0 0.0226418 0
0.5505 36.1154 0 7.02471 0 0.0226624 0
0.551 36.1482 0 7.0311 0 0.022683 0
0.5515 36.181 0 7.03748 0 0.0227036 0
0.552 36.2138 0 7.04386 0 0.0227241 0
0.5525 36.2466 0 7.05024 0 0.0227447 0
0.553 36.2794 0 7.05662 0 0.0227653 0
0.5535 36.3122 0 7.063 0 0.0227859 0
0.554 36.345 0 7.06938 0 0.0228065 0
0.5545 36.3778 0 7.07576 0 0.0228271 0
0.555 36.4106 0 7.08214 0 0.0228476 0
0.5555 36.4434 0 7.08852 0 0.0228682 0
0.556 36.4762 0 7.0949 0 0.0228888 0
0.5565 36.509 0 7.10128 0 0.0229094 0
0.557 36.5418 0 7.10766 0 0.02293 0
0.5575 36.5746 0 7.11404 0 0.0229506 0
0.558 36.6074 0 7.12042 0 0.0229711 0
0.5585 36.6402 0 7.1268 0 0.0229917 0
0.559 36.673 0 7.13318 0 0.0230123 0
0.5595 36.7058 0 7.13956 0 0.0230329 0
0.56 36.7386 0 7.14594 0 0.0230535 0
0.5605 36.7714 0 7.15232 0 0.0230741 0
0.561 36.8042 0 7.1587 0 0.0230946 0
0.5615 36.837 0 7.16508 0 0.0231152 0
0.562 36.8698 0 7.17146 0 0.0231358 0
0.5625 36.9026 0 7.17784 0 0.0231564 0
0.563 36.9354 0 7.18422 0 0.023177 0
0.5635 36.9682 0 7.1906 0 0.0231976 0
0.564 37.0011 0 7.19698 0 0.0232181 0
0.5645 37.0339 0 7.20336 0 0.0232387 0
0.565 37.0667 0 7.20974 0 0.0232593 0
0.5655 37.0995 0 7.21612 0 0.0232799 0
0.566 37.1323 0 7.2225 0 0.0233005 0
0.5665 37.1651 0 7.22888 0 0.0233211 0
0.567 37.1979 0 7.23526 0 0.0233416 0
0.5675 37.2307 0 7.24165 0 0.0233622 0
0.568 37.2635 0 7.24803 0 0.0233828 0
0.5685 37.2963 0 7.25441 0 0.0234034 0
0.569 37.3291 0 7.26079 0 0.023424 0
0.5695 37.3619 0 7.26717 0 0.0234446 0
0.57 37.3947 0 7.27355 0 0.0234651 0
0.5705 37.4275 0 7.27993 0 0.0234857 0
0.571 37.4603 0 7.28631 0 0.0235063 0
0.5715 37.4931 0 7.29269 0 0.0235269 0
0.572 37.5259 0 7.29907 0 0.0235475 0
0.5725 37.5587 0 7.30545 0 0.0235681 0
0.573 37.5915 0 7.31183 0 0.0235886 0
0.5735 37.6243 0 7.31821 0 0.0236092 0
0.574 37.6571 0 7.32459 0 0.0236298 0
0.5745 37.6899 0 7.33097 0 0.0236504 0
0.575 37.7227 0 7.33735 0 0.023671 0
0.5755 37.7555 0 7.34373 0 0.0236916 0
0.576 37.7883 0 7.35011 0 0.0237121 0
0.5765 37.8211 0 7.35649 0 0.0237327 0
0.577 37.8539 0 7.36287 0 0.0237533 0
0.5775 37.8867 0 7.36925 0 0.0237739 0
0.578 37.9195 0 7.37563 0 0.0237945 0
0.5785 37.9523 0 7.38201 0 0.0238151 0
0.579 37.9851 0 7.38839 0 0.0238356 0
0.5795 38.0179 0 7.39477 0 0.0238562 0
0.58 38.0507 0 7.40115 0 0.0238768 0
0.5805 38.0835 0 7.40753 0 0.0238974 0
0.581 38.1163 0 7.41391 0 0.023918 0
0.5815 38.1491 0 7.42029 0 0.0239386 0
0.582 38.1819 0 7.42667 0 0.0239591 0
0.5825 38.2147 0 7.43305 0 0.0239797 0
0.583 38.2475 0 7.43943 0 0.0240003 0
0.5835 38.2803 0 7.44581 0 0.0240209 0
0.584 38.3131 0 7.4522 0 0.0240415 0
0.5845 38.3459 0 7.45858 0 0.0240621 0
0.585 38.3787 0 7.46496 0 0.0240826 0
0.5855 38.4116 0 7.47134 0 0.0241032 0
0.586 38.4444 0 7.47772 0 0.0241238 0
0.5865 38.4772 0 7.4841 0 0.0241444 0
0.587 38.51 0 7.49048 0 0.024165 0
0.5875 38.5428 0 7.49686 0 0.0241856 0
0.588 38.5756 0 7.50324 0 0.0242061 0
0.5885 38.6084 0 7.50962 0 0.0242267 0
0.589 38.6412 0 7.516 0 0.0242473 0
0.5895 38.674 0 7.52238 0 0.0242679 0
0.59 38.7068 0 7.52876 0 0.0242885 0
0.5905 38.7396 0 7.53514 0 0.0243091 0
0.591 38.7724 0 7.54152 0 0.0243296 0
0.5915 38.8052 0 7.5479 0 0.0243502 0
0.592 38.838 0 7.55428 0 0.0243708 0
0.5925 38.8708 0 7.56066 0 0.0243914 0
0.593 38.9036 0 7.56704 0 0.024412 0
0.5935 38.9364 0 7.57342 0 0.0244326 0
0.594 38.9692 0 7.5798 0 0.0244532 0
0.5945 39.002 0 7.58618 0 0.0244737 0
0.595 39.0348 0 7.59256 0 0.0244943 0
0.5955 39.0676 0 7.59894 0 0.0245149 0
0.596 39.1004 0 7.60532 0 0.0245355 0
0.5965 39.1332 0 7.6117 0 0.0245561 0
0.597 39.166 0 7.61808 0 0.0245767 0
0.5975 39.1988 0 7.62446 0 0.0245972 0
0.598 39.2316 0 7.63084 0 0.0246178 0
0.5985 39.2644 0 7.63722 0 0.0246384 0
0.599 39.2972 0 7.6436 0 0.024659 0
0.5995 39.33 0 7.64998 0 0.0246796 0
0.6 39.3628 0 7.65636 0 0.0247002 0
0.6005 39.3956 0 7.66275 0 0.0247207 0
0.601 39.4284 0 7.66913 0 0.0247413 0
0.6015 39.4612 0 7.67551 0 0.0247619 0
0.602 39.494 0 7.68189 0 0.0247825 0
0.6025 39.5268 0 7.68827 0 0.0248031 0
0.603 39.5596 0 7.69465 0 0.0248237 0
0.6035 39.5924 0 7.70103 0 0.0248442 0
0.604 39.6252 0 7.70741 0 0.0248648 0
0.6045 39.658 0 7.71379 0 0.0248854 0
0.605 39.6908 0 7.72017 0 0.024906 0
0.6055 39.7236 0 7.72655 0 0.0249266 0
0.606 39.7564 0 7.73293 0 0.0249472 0
0.6065 39.7893 0 7.73931 0 0.0249677 0
0.607 39.8221 0 7.74569 0 0.0249883 0
0.6075 39.8549 0 7.75207 0 0.0250089 0
0.608 39.8877 0 7.75845 0 0.0250295 0
0.6085 39.9205 0 7.76483 0 0.0250501 0
0.609 39.9533 0 7.77121 0 0.0250707 0
0.6095 39.9861 0 7.77759 0 0.0250912 0
0.61 40.0189 0 7.78397 0 0.0251118 0
0.6105 40.0517 0 7.79035 0 0.0251324 0
0.611 40.0845 0 7.79673 0 0.025153 0
0.6115 40.1173 0 7.80311 0 0.0251736 0
0.612 40.1501 0 7.80949 0 0.0251942 0
0.6125 40.1829 0 7.81587 0 0.0252147 0
0.613 40.2157 0 7.82225 0 0.0252353 0
0.6135 40.2485 0 7.82863 0 0.0252559 0
0.614 40.2813 0 7.83501 0 0.0252765 0
0.6145 40.3141 0 7.84139 0 0.0252971 0
0.615 40.3469 0 7.84777 0 0.0253177 0
0.6155 40.3797 0 7.85415 0 0.0253382 0
0.616 40.4125 0 7.86053 0 0.0253588 0
0.6165 40.4453 0 7.86691 0 0.0253794 0
0.617 40.4781 0 7.8733 0 0.0254 0
0.6175 40.5109 0 7.87968 0 0.0254206 0
0.618 40.5437 0 7.88606 0 0.0254412 0
0.6185 40.5765 0 7.89244 0 0.0254617 0
0.619 40.6093 0 7.89882 0 0.0254823 0
0.6195 40.6421 0 7.9052 0 0.0255029 0
0.62 40.6749 0 7.91158 0 0.0255235 0
0.6205 40.7077 0 7.91796 0 0.0255441 0
0.621 40.7405 0 7.92434 0 0.0255647 0
0.6215 40.7733 0 7.93072 0 0.0255852 0
0.622 40.8061 0 7.9371 0 0.0256058 0
0.6225 40.8389 0 7.94348 0 0.0256264 0
0.623 40.8717 0 7.94986 0 0.025647 0
0.6235 40.9045 0 7.95624 0 0.0256676 0
0.624 40.9373 0 7.96262 0 0.0256882 0
0.6245 40.9701 0 7.969 0 0.0257087 0
0.625 41.0029 0 7.97538 0 0.0257293 0
0.6255 41.0357 0 7.98176 0 0.0257499 0
0.626 41.0685 0 7.98814 0 0.0257705 0
0.6265 41.1013 0 7.99452 0 0.0257911 0
0.627 41.1341 0 8.0009 0 0.0258117 0
0.6275 41.1669 0 8.00728 0 0.0258322 0
0.628 41.1998 0 8.01366 0 0.0258528 0
0.6285 41.2326 0 8.02004 0 0.0258734 0
0.629 41.2654 0 8.02642 0 0.025894 0
0.6295 41.2982 0 8.0328 0 0.0259146 0
0.63 41.331 0 8.03918 0 0.0259352 0
0.6305 41.3638 0 8.04556 0 0.0259557 0
0.631 41.3966 0 8.05194 0 0.0259763 0
0.6315 41.4294 0 8.05832 0 0.0259969 0
0.632 41.4622 0 8.0647 0 0.0260175 0
0.6325 41.495 0 8.07108 0 0.0260381 0
0.633 41.5278 0 8.07747 0 0.0260587 0
0.6335 41.5606 0 8.08385 0 0.0260792 0
0.634 41.5934 0 8.09023 0 0.0260998 0
0.6345 41.6262 0 8.09661 0 0.0261204 0
0.635 41.659 0 8.10299 0 0.026141 0
0.6355 41.6918 0 8.10937 0 0.0261616 0
0.636 41.7246 0 8.11575 0 0.0261822 0
0.6365 41.7574 0 8.12213 0 0.0262027 0
0.637 41.7902 0 8.12851 0 0.0262233 0
0.6375 41.823 0 8.13489 0 0.0262439 0
0.638 41.8558 0 8.14127 0 0.0262645 0
0.6385 41.8886 0 8.14765 0 0.0262851 0
0.639 41.9214 0 8.15403 0 0.0263057 0
0.6395 41.9542 0 8.16041 0 0.0263262 0
0.64 41.987 0 8.16679 0 0.0263468 0
0.6405 42.0198 0 8.17317 0 0.0263674 0
0.641 42.0526 0 8.17955 0 0.026388 0
0.6415 42.0854 0 8.18593 0 0.0264086 0
0.642 42.1182 0 8.19231 0 0.0264292 0
0.6425 42.151 0 8.19869 0 0.0264497 0
0.643 42.1838 0 8.20507 0 0.0264703 0
0.6435 42.2166 0 8.21145 0 0.0264909 0
0.644 42.2494 0 8.21783 0 0.0265115 0
0.6445 42.2822 0 8.22421 0 0.0265321 0
0.645 42.315 0 8.23059 0 0.0265527 0
0.6455 42.3478 0 8.23697 0 0.0265732 0
0.646 42.3806 0 8.24335 0 0.0265938 0
0.6465 42.4134 0 8.24973 0 0.0266144 0
0.647 42.4462 0 8.25611 0 0.026635 0
0.6475 42.479 0 8.26249 0 0.0266556 0
0.648 42.5118 0 8.26887 0 0.0266762 0
0.6485 42.5446 0 8.27525 0 0.0266967 0
0.649 42.5775 0 8.28163 0 0.0267173 0
0.6495 42.6103 0 8.28802 0 0.0267379 0
0.65 42.6431 0 8.2944 0 0.0267585 0
0.6505 42.6759 0 8.30078 0 0.0267791 0
0.651 42.7087 0 8.30716 0 0.0267997 0
0.6515 42.7415 0 8.31354 0 0.0268202 0
0.652 42.7743 0 8.31992 0 0.0268408 0
0.6525 42.8071 0 8.3263 0 0.0268614 0
0.653 42.8399 0 8.33268 0 0.026882 0
0.6535 42.8727 0 8.33906 0 0.0269026 0
0.654 42.9055 0 8.34544 0 0.0269232 0
0.6545 42.9383 0 8.35182 0 0.0269437 0
0.655 42.9711 0 8.3582 0 0.0269643 0
0.6555 43.0039 0 8.36458 0 0.0269849 0
0.656 43.0367 0 8.37096 0 0.0270055 0
0.6565 43.0695 0 8.37734 0 0.0270261 0
0.657 43.1023 0 8.38372 0 0.0270467 0
0.6575 43.1351 0 8.3901 0 0.0270673 0
0.658 43.1679 0 8.39648 0 0.0270878 0
0.6585 43.2007 0 8.40286 0 0.0271084 0
0.659 43.2335 0 8.40924 0 0.027129 0
0.6595 43.2663 0 8.41562 0 0.0271496 0
0.66 43.2991 0 8.422 0 0.0271702 0
0.6605 43.3319 0 8.42838 0 0.0271908 0
0.661 43.3647 0 8.43476 0 0.0272113 0
0.6615 43.3975 0 8.44114 0 0.0272319 0
0.662 43.4303 0 8.44752 0 0.0272525 0
0.6625 43.4631 0 8.4539 0 0.0272731 0
0.663 43.4959 0 8.46028 0 0.0272937 0
0.6635 43.5287 0 8.46666 0 0.0273143 0
0.664 43.5615 0 8.47304 0 0.0273348 0
0.6645 43.5943 0 8.47942 0 0.0273554 0
0.665 43.6271 0 8.4858 0 0.027376 0
0.6655 43.6599 0 8.49218 0 0.0273966 0
0.666 43.6927 0 8.49857 0 0.0274172 0
0.6665 43.7255 0 8.50495 0 0.0274378 0
0.667 43.7583 0 8.51133 0 0.0274583 0
0.6675 43.7911 0 8.51771 0 0.0274789 0
0.668 43.8239 0 8.52409 0 0.0274995 0
0.6685 43.8567 0 8.53047 0 0.0275201 0
0.669 43.8895 0 8.53685 0 0.0275407 0
0.6695 43.9223 0 8.54323 0 0.0275613 0
0.67 43.9551 0 8.54961 0 0.0275818 0
0.6705 43.988 0 8.55599 0 0.0276024 0
0.671 44.0208 0 8.56237 0 0.027623 0
0.6715 44.0536 0 8.56875 0 0.0276436 0
0.672 44.0864 0 8.57513 0 0.0276642 0
0.6725 44.1192 0 8.58151 0 0.0276848 0
0.673 44.152 0 8.58789 0 0.0277053 0
0.6735 44.1848 0 8.59427 0 0.0277259 0
0.674 44.2176 0 8.60065 0 0.0277465 0
0.6745 44.2504 0 8.60703 0 0.0277671 0
0.675 44.2832 0 8.61341 0 0.0277877 0
0.6755 44.316 0 8.61979 0 0.0278083 0
0.676 44.3488 0 8.62617 0 0.0278288 0
0.6765 44.3816 0 8.63255 0 0.0278494 0
0.677 44.4144 0 8.63893 0 0.02787 0
0.6775 44.4472 0 8.64531 0 0.0278906 0
0.678 44.48 0 8.65169 0 0.0279112 0
0.6785 44.5128 0 8.65807 0 0.0279318 0
0.679 44.5456 0 8.66445 0 0.0279523 0
0.6795 44.5784 0 8.67083 0 0.0279729 0
0.68 44.6112 0 8.67721 0 0.0279935 0
0.6805 44.644 0 8.68359 0 0.0280141 0
0.681 44.6768 0 8.68997 0 0.0280347 0
0.6815 44.7096 0 8.69635 0 0.0280553 0
0.682 44.7424 0 8.70273 0 0.0280758 0
0.6825 44.7752 0 8.70912 0 0.0280964 0
0.683 44.808 0 8.7155 0 0.028117 0
0.6835 44.8408 0 8.72188 0 0.0281376 0
0.684 44.8736 0 8.72826 0 0.0281582 0
0.6845 44.9064 0 8.73464 0 0.0281788 0
0.685 44.9392 0 8.74102 0 0.0281993 0
0.6855 44.972 0 8.7474 0 0.0282199 0
0.686 45.0048 0 8.75378 0 0.0282405 0
0.6865 45.0376 0 8.76016 0 0.0282611 0
0.687 45.0704 0 8.76654 0 0.0282817 0
0.6875 45.1032 0 8.77292 0 0.0283023 0
0.688 45.136 0 8.7793 0 0.0283228 0
0.6885 45.1688 0 8.78568 0 0.0283434 0
0.689 45.2016 0 8.79206 0 0.028364 0
0.6895 45.2344 0 8.79844 0 0.0283846 0
0.69 45.2672 0 8.80482 0 0.0284052 0
0.6905 45.3 0 8.8112 0 0.0284258 0
0.691 45.3328 0 8.81758 0 0.0284463 0
0.6915 45.3657 0 8.82396 0 0.0284669 0
0.692 45.3985 0 8.83034 0 0.0284875 0
0.6925 45.4313 0 8.83672 0 0.0285081 0
0.693 45.4641 0 8.8431 0 0.0285287 0
0.6935 45.4969 0 8.84948 0 0.0285493 0
0.694 45.5297 0 8.85586 0 0.0285698 0
0.6945 45.5625 0 8.86224 0 0.0285904 0
0.695 45.5953 0 8.86862 0 0.028611 0
0.6955 45.6281 0 8.875 0 0.0286316 0
0.696 45.6609 0 8.88138 0 0.0286522 0
0.6965 45.6937 0 8.88776 0 0.0286728 0
0.697 45.7265 0 8.89414 0 0.0286933 0
0.6975 45.7593 0 8.90052 0 0.0287139 0
0.698 45.7921 0 8.9069 0 0.0287345 0
0.6985 45.8249 0 8.91328 0 0.0287551 0
0.699 45.8577 0 8.91967 0 0.0287757 0
0.6995 45.8905 0 8.92605 0 0.0287963 0
0.7 45.9233 0 8.93243 0 0.0288168 0
0.7005 45.9561 0 8.93881 0 0.0288374 0
0.701 45.9889 0 8.94519 0 0.028858 0
0.7015 46.0217 0 8.95157 0 0.0288786 0
0.702 46.0545 0 8.95795 0 0.0288992 0
0.7025 46.0873 0 8.96433 0 0.0289198 0
0.703 46.1201 0 8.97071 0 0.0289403 0
0.7035 46.1529 0 8.97709 0 0.0289609 0
0.704 46.1857 0 8.98347 0 0.0289815 0
0.7045 46.2185 0 8.98985 0 0.0290021 0
0.705 46.2513 0 8.99623 0 0.0290227 0
0.7055 46.2841 0 9.00261 0 0.0290433 0
0.706 46.3169 0 9.00899 0 0.0290638 0
0.7065 46.3497 0 9.01537 0 0.0290844 0
0.707 46.3825 0 9.02175 0 0.029105 0
0.7075 46.4153 0 9.02813 0 0.0291256 0
0.708 46.4481 0 9.03451 0 0.0291462 0
0.7085 46.4809 0 9.04089 0 0.0291668 0
0.709 46.5137 0 9.04727 0 0.0291873 0
0.7095 46.5465 0 9.05365 0 0.0292079 0
0.71 46.5793 0 9.06003 0 0.0292285 0
0.7105 46.6121 0 9.06641 0 0.0292491 0
0.711 46.6449 0 9.07279 0 0.0292697 0
0.7115 46.6777 0 9.07917 0 0.0292903 0
0.712 46.7105 0 9.08555 0 0.0293108 0
0.7125 46.7433 0 9.09193 0 0.0293314 0
0.713 46.7762 0 9.09831 0 0.029352 0
0.7135 46.809 0 9.10469 0 0.0293726 0
0.714 46.8418 0 9.11107 0 0.0293932 0
0.7145 46.8746 0 9.11745 0 0.0294138 0
0.715 46.9074 0 9.12383 0 0.0294343 0
0.7155 46.9402 0 9.13022 0 0.0294549 0
0.716 46.973 0 9.1366 0 0.0294755 0
0.7165 47.0058 0 9.14298 0 0.0294961 0
0.717 47.0386 0 9.14936 0 0.0295167 0
0.7175 47.0714 0 9.15574 0 0.0295373 0
0.718 47.1042 0 9.16212 0 0.0295578 0
0.7185 47.137 0 9.1685 0 0.0295784 0
0.719 47.1698 0 9.17488 0 0.029599 0
0.7195 47.2026 0 9.18126 0 0.0296196 0
0.72 47.2354 0 9.18764 0 0.0296402 0
0.7205 47.2682 0 9.19402 0 0.0296608 0
0.721 47.301 0 9.2004 0 0.0296813 0
0.7215 47.3338 0 9.20678 0 0.0297019 0
0.722 47.3666 0 9.21316 0 0.0297225 0
0.7225 47.3994 0 9.21954 0 0.0297431 0
0.723 47.4322 0 9.22592 0 0.0297637 0
0.7235 47.465 0 9.2323 0 0.0297843 0
0.724 47.4978 0 9.23868 0 0.0298049 0
0.7245 47.5306 0 9.24506 0 0.0298254 0
0.725 47.5634 0 9.25144 0 0.029846 0
0.7255 47.5962 0 9.25782 0 0.0298666 0
0.726 47.629 0 9.2642 0 0.0298872 0
0.7265 47.6618 0 9.27058 0 0.0299078 0
0.727 47.6946 0 9.27696 0 0.0299284 0
0.7275 47.7274 0 9.28334 0 0.0299489 0
0.728 47.7602 0 9.28972 0 0.0299695 0
0.7285 47.793 0 9.2961 0 0.0299901 0
0.729 47.8258 0 9.30248 0 0.0300107 0
0.7295 47.8586 0 9.30886 0 0.0300313 0
0.73 47.8914 0 9.31524 0 0.0300519 0
0.7305 47.9242 0 9.32162 0 0.0300724 0
0.731 47.957 0 9.328 0 0.030093 0
0.7315 47.9898 0 9.33438 0 0.0301136 0
0.732 48.0226 0 9.34077 0 0.0301342 0
0.7325 48.0554 0 9.34715 0 0.0301548 0
0.733 48.0882 0 9.35353 0 0.0301754 0
0.7335 48.121 0 9.35991 0 0.0301959 0
0.734 48.1539 0 9.36629 0 0.0302165 0
0.7345 48.1867 0 9.37267 0 0.0302371 0
0.735 48.2195 0 9.37905 0 0.0302577 0
0.7355 48.2523 0 9.38543 0 0.0302783 0
0.736 48.2851 0 9.39181 0 0.0302989 0
0.7365 48.3179 0 9.39819 0 0.0303194 0
0.737 48.3507 0 9.40457 0 0.03034 0
0.7375 48.3835 0 9.41095 0 0.0303606 0
0.738 48.4163 0 9.41733 0 0.0303812 0
0.7385 48.4491 0 9.42371 0 0.0304018 0
0.739 48.4819 0 9.43009 0 0.0304224 0
0.7395 48.5147 0 9.43647 0 0.0304429 0
0.74 48.5475 0 9.44285 0 0.0304635 0
0.7405 48.5803 0 9.44923 0 0.0304841 0
0.741 48.6131 0 9.45561 0 0.0305047 0
0.7415 48.6459 0 9.46199 0 0.0305253 0
0.742 48.6787 0 9.46837 0 0.0305459 0
0.7425 48.7115 0 9.47475 0 0.0305664 0
0.743 48.7443 0 9.48113 0 0.030587 0
0.7435 48.7771 0 9.48751 0 0.0306076 0
0.744 48.8099 0 9.49389 0 0.0306282 0
0.7445 48.8427 0 9.50027 0 0.0306488 0
0.745 48.8755 0 9.50665 0 0.0306694 0
0.7455 48.9083 0 9.51303 0 0.0306899 0
0.746 48.9411 0 9.51941 0 0.0307105 0
0.7465 48.9739 0 9.52579 0 0.0307311 0
0.747 49.0067 0 9.53217 0 0.0307517 0
0.7475 49.0395 0 9.53855 0 0.0307723 0
0.748 49.0723 0 9.54493 0 0.0307929 0
0.7485 49.1051 0 9.55132 0 0.0308134 0
0.749 49.1379 0 9.5577 0 0.030834 0
0.7495 49.1707 0 9.56408 0 0.0308546 0
0.75 49.2035 0 9.57046 0 0.0308752 0
0.7505 49.2363 0 9.57684 0 0.0308958 0
0.751 49.2691 0 9.58322 0 0.0309164 0
0.7515 49.3019 0 9.5896 0 0.0309369 0
0.752 49.3347 0 9.59598 0 0.0309575 0
0.7525 49.3675 0 9.60236 0 0.0309781 0
0.753 49.4003 0 9.60874 0 0.0309987 0
0.7535 49.4331 0 9.61512 0 0.0310193 0
0.754 49.4659 0 9.6215 0 0.0310399 0
0.7545 49.4987 0 9.62788 0 0.0310604 0
0.755 49.5315 0 9.63426 0 0.031081 0
0.7555 49.5644 0 9.64064 0 0.0311016 0
0.756 49.5972 0 9.64702 0 0.0311222 0
0.7565 49.63 0 9.6534 0 0.0311428 0
0.757 49.6628 0 9.65978 0 0.0311634 0
0.7575 49.6956 0 9.66616 0 0.0311839 0
0.758 49.7284 0 9.67254 0 0.0312045 0
0.7585 49.7612 0 9.67892 0 0.0312251 0
0.759 49.794 0 9.6853 0 0.0312457 0
0.7595 49.8268 0 9.69168 0 0.0312663 0
0.76 49.8596 0 9.69806 0 0.0312869 0
0.7605 49.8924 0 9.70444 0 0.0313074 0
0.761 49.9252 0 9.71082 0 0.031328 0
0.7615 49.958 0 9.7172 0 0.0313486 0
0.762 49.9908 0 9.72358 0 0.0313692 0
0.7625 50.0236 0 9.72996 0 0.0313898 0
0.763 50.0564 0 9.73634 0 0.0314104 0
0.7635 50.0892 0 9.74272 0 0.0314309 0
0.764 50.122 0 9.7491 0 0.0314515 0
0.7645 50.1548 0 9.75548 0 0.0314721 0
0.765 50.1876 0 9.76187 0 0.0314927 0
0.7655 50.2204 0 9.76825 0 0.0315133 0
0.766 50.2532 0 9.77463 0 0.0315339 0
0.7665 50.286 0 9.78101 0 0.0315544 0
0.767 50.3188 0 9.78739 0 0.031575 0
0.7675 50.3516 0 9.79377 0 0.0315956 0
0.768 50.3844 0 9.80015 0 0.0316162 0
0.7685 50.4172 0 9.80653 0 0.0316368 0
0.769 50.45 0 9.81291 0 0.0316574 0
0.7695 50.4828 0 9.81929 0 0.0316779 0
0.77 50.5156 0 9.82567 0 0.0316985 0
0.7705 50.5484 0 9.83205 0 0.0317191 0
0.771 50.5812 0 9.83843 0 0.0317397 0
0.7715 50.614 0 9.84481 0 0.0317603 0
0.772 50.6468 0 9.85119 0 0.0317809 0
0.7725 50.6796 0 9.85757 0 0.0318014 0
0.773 50.7124 0 9.86395 0 0.031822 0
0.7735 50.7452 0 9.87033 0 0.0318426 0
0.774 50.778 0 9.87671 0 0.0318632 0
0.7745 50.8108 0 9.88309 0 0.0318838 0
0.775 50.8436 0 9.88947 0 0.0319044 0
0.7755 50.8764 0 9.89585 0 0.0319249 0
0.776 50.9092 0 9.90223 0 0.0319455 0
0.7765 50.942 0 9.90861 0 0.0319661 0
0.777 50.9749 0 9.91499 0 0.0319867 0
0.7775 51.0077 0 9.92137 0 0.0320073 0
0.778 51.0405 0 9.92775 0 0.0320279 0
0.7785 51.0733 0 9.93413 0 0.0320484 0
0.779 51.1061 0 9.94051 0 0.032069 0
0.7795 51.1389 0 9.94689 0 0.0320896 0
0.78 51.1717 0 9.95327 0 0.0321102 0
0.7805 51.2045 0 9.95965 0 0.0321308 0
0.781 51.2373 0 9.96604 0 0.0321514 0
0.7815 51.2701 0 9.97242 0 0.0321719 0
0.782 51.3029 0 9.9788 0 0.0321925 0
0.7825 51.3357 0 9.98518 0 0.0322131 0
0.783 51.3685 0 9.99156 0 0.0322337 0
0.7835 51.4013 0 9.99794 0 0.0322543 0
0.784 51.4341 0 10.0043 0 0.0322749 0
0.7845 51.4669 0 10.0107 0 0.0322954 0
0.785 51.4997 0 10.0171 0 0.032316 0
0.7855 51.5325 0 10.0235 0 0.0323366 0
0.786 51.5653 0 10.0298 0 0.0323572 0
0.7865 51.5981 0 10.0362 0 0.0323778 0
0.787 51.6309 0 10.0426 0 0.0323984 0
0.7875 51.6637 0 10.049 0 0.0324189 0
0.788 51.6965 0 10.0554 0 0.0324395 0
0.7885 51.7293 0 10.0617 0 0.0324601 0
0.789 51.7621 0 10.0681 0 0.0324807 0
0.7895 51.7949 0 10.0745 0 0.0325013 0
0.79 51.8277 0 10.0809 0 0.0325219 0
0.7905 51.8605 0 10.0873 0 0.0325425 0
0.791 51.8933 0 10.0936 0 0.032563 0
0.7915 51.9261 0 10.1 0 0.0325836 0
0.792 51.9589 0 10.1064 0 0.0326042 0
0.7925 51.9917 0 10.1128 0 0.0326248 0
0.793 52.0245 0 10.1192 0 0.0326454 0
0.7935 52.0573 0 10.1255 0 0.032666 0
0.794 52.0901 0 10.1319 0 0.0326865 0
0.7945 52.1229 0 10.1383 0 0.0327071 0
0.795 52.1557 0 10.1447 0 0.0327277 0
0.7955 52.1885 0 10.1511 0 0.0327483 0
0.796 52.2213 0 10.1574 0 0.0327689 0
0.7965 52.2541 0 10.1638 0 0.0327895 0
0.797 52.2869 0 10.1702 0 0.03281 0
0.7975 52.3197 0 10.1766 0 0.0328306 0
0.798 52.3526 0 10.183 0 0.0328512 0
0.7985 52.3854 0 10.1893 0 0.0328718 0
0.799 52.4182 0 10.1957 0 0.0328924 0
0.7995 52.451 0 10.2021 0 0.032913 0
0.8 52.4838 0 10.2085 0 0.0329335 0
0.8005 52.5166 0 10.2149 0 0.0329541 0
0.801 52.5494 0 10.2212 0 0.0329747 0
0.8015 52.5822 0 10.2276 0 0.0329953 0
0.802 52.615 0 10.234 0 0.0330159 0
0.8025 52.6478 0 10.2404 0 0.0330365 0
0.803 52.6806 0 10.2468 0 0.033057 0
0.8035 52.7134 0 10.2531 0 0.0330776 0
0.804 52.7462 0 10.2595 0 0.0330982 0
0.8045 52.779 0 10.2659 0 0.0331188 0
0.805 52.8118 0 10.2723 0 0.0331394 0
0.8055 52.8446 0 10.2787 0 0.03316 0
0.806 52.8774 0 10.2851 0 0.0331805 0
0.8065 52.9102 0 10.2914 0 0.0332011 0
0.807 52.943 0 10.2978 0 0.0332217 0
0.8075 52.9758 0 10.3042 0 0.0332423 0
0.808 53.0086 0 10.3106 0 0.0332629 0
0.8085 53.0414 0 10.317 0 0.0332835 0
0.809 53.0742 0 10.3233 0 0.033304 0
0.8095 53.107 0 10.3297 0 0.0333246 0
0.81 53.1398 0 10.3361 0 0.0333452 0
0.8105 53.1726 0 10.3425 0 0.0333658 0
0.811 53.2054 0 10.3489 0 0.0333864 0
0.8115 53.2382 0 10.3552 0 0.033407 0
0.812 53.271 0 10.3616 0 0.0334275 0
0.8125 53.3038 0 10.368 0 0.0334481 0
0.813 53.3366 0 10.3744 0 0.0334687 0
0.8135 53.3694 0 10.3808 0 0.0334893 0
0.814 53.4022 0 10.3871 0 0.0335099 0
0.8145 53.435 0 10.3935 0 0.0335305 0
0.815 53.4678 0 10.3999 0 0.033551 0
0.8155 53.5006 0 10.4063 0 0.0335716 0
0.816 53.5334 0 10.4127 0 0.0335922 0
0.8165 53.5662 0 10.419 0 0.0336128 0
0.817 53.599 0 10.4254 0 0.0336334 0
0.8175 53.6318 0 10.4318 0 0.033654 0
0.818 53.6646 0 10.4382 0 0.0336745 0
0.8185 53.6974 0 10.4446 0 0.0336951 0
0.819 53.7302 0 10.4509 0 0.0337157 0
0.8195 53.7631 0 10.4573 0 0.0337363 0
0.82 53.7959 0 10.4637 0 0.0337569 0
0.8205 53.8287 0 10.4701 0 0.0337775 0
0.821 53.8615 0 10.4765 0 0.033798 0
0.8215 53.8943 0 10.4828 0 0.0338186 0
0.822 53.9271 0 10.4892 0 0.0338392 0
0.8225 53.9599 0 10.4956 0 0.0338598 0
0.823 53.9927 0 10.502 0 0.0338804 0
0.8235 54.0255 0 10.5084 0 0.033901 0
0.824 54.0583 0 10.5147 0 0.0339215 0
0.8245 54.0911 0 10.5211 0 0.0339421 0
0.825 54.1239 0 10.5275 0 0.0339627 0
0.8255 54.1567 0 10.5339 0 0.0339833 0
0.826 54.1895 0 10.5403 0 0.0340039 0
0.8265 54.2223 0 10.5466 0 0.0340245 0
0.827 54.2551 0 10.553 0 0.034045 0
0.8275 54.2879 0 10.5594 0 0.0340656 0
0.828 54.3207 0 10.5658 0 0.0340862 0
0.8285 54.3535 0 10.5722 0 0.0341068 0
0.829 54.3863 0 10.5785 0 0.0341274 0
0.8295 54.4191 0 10.5849 0 0.034148 0
0.83 54.4519 0 10.5913 0 0.0341685 0
0.8305 54.4847 0 10.5977 0 0.0341891 0
0.831 54.5175 0 10.6041 0 0.0342097 0
0.8315 54.5503 0 10.6104 0 0.0342303 0
0.832 54.5831 0 10.6168 0 0.0342509 0
0.8325 54.6159 0 10.6232 0 0.0342715 0
0.833 54.6487 0 10.6296 0 0.034292 0
0.8335 54.6815 0 10.636 0 0.0343126 0
0.834 54.7143 0 10.6423 0 0.0343332 0
0.8345 54.7471 0 10.6487 0 0.0343538 0
0.835 54.7799 0 10.6551 0 0.0343744 0
0.8355 54.8127 0 10.6615 0 0.034395 0
0.836 54.8455 0 10.6679 0 0.0344155 0
0.8365 54.8783 0 10.6742 0 0.0344361 0
0.837 54.9111 0 10.6806 0 0.0344567 0
0.8375 54.9439 0 10.687 0 0.0344773 0
0.838 54.9767 0 10.6934 0 0.0344979 0
0.8385 55.0095 0 10.6998 0 0.0345185 0
0.839 55.0423 0 10.7062 0 0.034539 0
0.8395 55.0751 0 10.7125 0 0.0345596 0
0.84 55.1079 0 10.7189 0 0.0345802 0
0.8405 55.1408 0 10.7253 0 0.0346008 0
0.841 55.1736 0 10.7317 0 0.0346214 0
0.8415 55.2064 0 10.7381 0 0.034642 0
0.842 55.2392 0 10.7444 0 0.0346625 0
0.8425 55.272 0 10.7508 0 0.0346831 0
0.843 55.3048 0 10.7572 0 0.0347037 0
0.8435 55.3376 0 10.7636 0 0.0347243 0
0.844 55.3704 0 10.77 0 0.0347449 0
0.8445 55.4032 0 10.7763 0 0.0347655 0
0.845 55.436 0 10.7827 0 0.034786 0
0.8455 55.4688 0 10.7891 0 0.0348066 0
0.846 55.5016 0 10.7955 0 0.0348272 0
0.8465 55.5344 0 10.8019 0 0.0348478 0
0.847 55.5672 0 10.8082 0 0.0348684 0
0.8475 55.6 0 10.8146 0 0.034889 0
0.848 55.6328 0 10.821 0 0.0349095 0
0.8485 55.6656 0 10.8274 0 0.0349301 0
0.849 55.6984 0 10.8338 0 0.0349507 0
0.8495 55.7312 0 10.8401 0 0.0349713 0
0.85 55.764 0 10.8465 0 0.0349919 0
0.8505 55.7968 0 10.8529 0 0.0350125 0
0.851 55.8296 0 10.8593 0 0.035033 0
0.8515 55.8624 0 10.8657 0 0.0350536 0
0.852 55.8952 0 10.872 0 0.0350742 0
0.8525 55.928 0 10.8784 0 0.0350948 0
0.853 55.9608 0 10.8848 0 0.0351154 0
0.8535 55.9936 0 10.8912 0 0.035136 0
0.854 56.0264 0 10.8976 0 0.0351565 0
0.8545 56.0592 0 10.9039 0 0.0351771 0
0.855 56.092 0 10.9103 0 0.0351977 0
0.8555 56.1248 0 10.9167 0 0.0352183 0
0.856 56.1576 0 10.9231 0 0.0352389 0
0.8565 56.1904 0 10.9295 0 0.0352595 0
0.857 56.2232 0 10.9358 0 0.0352801 0
0.8575 56.256 0 10.9422 0 0.0353006 0
0.858 56.2888 0 10.9486 0 0.0353212 0
0.8585 56.3216 0 10.955 0 0.0353418 0
0.859 56.3544 0 10.9614 0 0.0353624 0
0.8595 56.3872 0 10.9677 0 0.035383 0
0.86 56.42 0 10.9741 0 0.0354036 0
0.8605 56.4528 0 10.9805 0 0.0354241 0
0.861 56.4856 0 10.9869 0 0.0354447 0
0.8615 56.5184 0 10.9933 0 0.0354653 0
0.862 56.5513 0 10.9996 0 0.0354859 0
0.8625 56.5841 0 11.006 0 0.0355065 0
0.863 56.6169 0 11.0124 0 0.0355271 0
0.8635 56.6497 0 11.0188 0 0.0355476 0
0.864 56.6825 0 11.0252 0 0.0355682 0
0.8645 56.7153 0 11.0315 0 0.0355888 0
0.865 56.7481 0 11.0379 0 0.0356094 0
0.8655 56.7809 0 11.0443 0 0.03563 0
0.866 56.8137 0 11.0507 0 0.0356506 0
0.8665 56.8465 0 11.0571 0 0.0356711 0
0.867 56.8793 0 11.0634 0 0.0356917 0
0.8675 56.9121 0 11.0698 0 0.0357123 0
0.868 56.9449 0 11.0762 0 0.0357329 0
0.8685 56.9777 0 11.0826 0 0.0357535 0
0.869 57.0105 0 11.089 0 0.0357741 0
0.8695 57.0433 0 11.0953 0 0.0357946 0
0.87 57.0761 0 11.1017 0 0.0358152 0
0.8705 57.1089 0 11.1081 0 0.0358358 0
0.871 57.1417 0 11.1145 0 0.0358564 0
0.8715 57.1745 0 11.1209 0 0.035877 0
0.872 57.2073 0 11.1273 0 0.0358976 0
0.8725 57.2401 0 11.1336 0 0.0359181 0
0.873 57.2729 0 11.14 0 0.0359387 0
0.8735 57.3057 0 11.1464 0 0.0359593 0
0.874 57.3385 0 11.1528 0 0.0359799 0
0.8745 57.3713 0 11.1592 0 0.0360005 0
0.875 57.4041 0 11.1655 0 0.0360211 0
0.8755 57.4369 0 11.1719 0 0.0360416 0
0.876 57.4697 0 11.1783 0 0.0360622 0
0.8765 57.5025 0 11.1847 0 0.0360828 0
0.877 57.5353 0 11.1911 0 0.0361034 0
0.8775 57.5681 0 11.1974 0 0.036124 0
0.878 57.6009 0 11.2038 0 0.0361446 0
0.8785 57.6337 0 11.2102 0 0.0361651 0
0.879 57.6665 0 11.2166 0 0.0361857 0
0.8795 57.6993 0 11.223 0 0.0362063 0
0.88 57.7321 0 11.2293 0 0.0362269 0
0.8805 57.7649 0 11.2357 0 0.0362475 0
0.881 57.7977 0 11.2421 0 0.0362681 0
0.8815 57.8305 0 11.2485 0 0.0362886 0
0.882 57.8633 0 11.2549 0 0.0363092 0
0.8825 57.8961 0 11.2612 0 0.0363298 0
0.883 57.929 0 11.2676 0 0.0363504 0
0.8835 57.9618 0 11.274 0 0.036371 0
0.884 57.9946 0 11.2804 0 0.0363916 0
0.8845 58.0274 0 11.2868 0 0.0364121 0
0.885 58.0602 0 11.2931 0 0.0364327 0
0.8855 58.093 0 11.2995 0 0.0364533 0
0.886 58.1258 0 11.3059 0 0.0364739 0
0.8865 58.1586 0 11.3123 0 0.0364945 0
0.887 58.1914 0 11.3187 0 0.0365151 0
0.8875 58.2242 0 11.325 0 0.0365356 0
0.888 58.257 0 11.3314 0 0.0365562 0
0.8885 58.2898 0 11.3378 0 0.0365768 0
0.889 58.3226 0 11.3442 0 0.0365974 0
0.8895 58.3554 0 11.3506 0 0.036618 0
0.89 58.3882 0 11.3569 0 0.0366386 0
0.8905 58.421 0 11.3633 0 0.0366591 0
0.891 58.4538 0 11.3697 0 0.0366797 0
0.8915 58.4866 0 11.3761 0 0.0367003 0
0.892 58.5194 0 11.3825 0 0.0367209 0
0.8925 58.5522 0 11.3888 0 0.0367415 0
0.893 58.585 0 11.3952 0 0.0367621 0
0.8935 58.6178 0 11.4016 0 0.0367826 0
0.894 58.6506 0 11.408 0 0.0368032 0
0.8945 58.6834 0 11.4144 0 0.0368238 0
0.895 58.7162 0 11.4207 0 0.0368444 0
0.8955 58.749 0 11.4271 0 0.036865 0
0.896 58.7818 0 11.4335 0 0.0368856 0
0.8965 58.8146 0 11.4399 0 0.0369061 0
0.897 58.8474 0 11.4463 0 0.0369267 0
0.8975 58.8802 0 11.4526 0 0.0369473 0
0.898 58.913 0 11.459 0 0.0369679 0
0.8985 58.9458 0 11.4654 0 0.0369885 0
0.899 58.9786 0 11.4718 0 0.0370091 0
0.8995 59.0114 0 11.4782 0 0.0370296 0
0.9 59.0442 0 11.4845 0 0.0370502 0
0.9005 59.077 0 11.4909 0 0.0370708 0
0.901 59.1098 0 11.4973 0 0.0370914 0
0.9015 59.1426 0 11.5037 0 0.037112 0
0.902 59.1754 0 11.5101 0 0.0371326 0
0.9025 59.2082 0 11.5164 0 0.0371531 0
0.903 59.241 0 11.5228 0 0.0371737 0
0.9035 59.2738 0 11.5292 0 0.0371943 0
0.904 59.3066 0 11.5356 0 0.0372149 0
0.9045 59.3395 0 11.542 0 0.0372355 0
0.905 59.3723 0 11.5484 0 0.0372561 0
0.9055 59.4051 0 11.5547 0 0.0372766 0
0.906 59.4379 0 11.5611 0 0.0372972 0
0.9065 59.4707 0 11.5675 0 0.0373178 0
0.907 59.5035 0 11.5739 0 0.0373384 0
0.9075 59.5363 0 11.5803 0 0.037359 0
0.908 59.5691 0 11.5866 0 0.0373796 0
0.9085 59.6019 0 11.593 0 0.0374001 0
0.909 59.6347 0 11.5994 0 0.0374207 0
0.9095 59.6675 0 11.6058 0 0.0374413 0
0.91 59.7003 0 11.6122 0 0.0374619 0
0.9105 59.7331 0 11.6185 0 0.0374825 0
0.911 59.7659 0 11.6249 0 0.0375031 0
0.9115 59.7987 0 11.6313 0 0.0375236 0
0.912 59.8315 0 11.6377 0 0.0375442 0
0.9125 59.8643 0 11.6441 0 0.0375648 0
0.913 59.8971 0 11.6504 0 0.0375854 0
0.9135 59.9299 0 11.6568 0 0.037606 0
0.914 59.9627 0 11.6632 0 0.0376266 0
0.9145 59.9955 0 11.6696 0 0.0376471 0
0.915 60.0283 0 11.676 0 0.0376677 0
0.9155 60.0611 0 11.6823 0 0.0376883 0
0.916 60.0939 0 11.6887 0 0.0377089 0
0.9165 60.1267 0 11.6951 0 0.0377295 0
0.917 60.1595 0 11.7015 0 0.0377501 0
0.9175 60.1923 0 11.7079 0 0.0377706 0
0.918 60.2251 0 11.7142 0 0.0377912 0
0.9185 60.2579 0 11.7206 0 0.0378118 0
0.919 60.2907 0 11.727 0 0.0378324 0
0.9195 60.3235 0 11.7334 0 0.037853 0
0.92 60.3563 0 11.7398 0 0.0378736 0
0.9205 60.3891 0 11.7461 0 0.0378942 0
0.921 60.4219 0 11.7525 0 0.0379147 0
0.9215 60.4547 0 11.7589 0 0.0379353 0
0.922 60.4875 0 11.7653 0 0.0379559 0
0.9225 60.5203 0 11.7717 0 0.0379765 0
0.923 60.5531 0 11.778 0 0.0379971 0
0.9235 60.5859 0 11.7844 0 0.0380177 0
0.924 60.6187 0 11.7908 0 0.0380382 0
0.9245 60.6515 0 11.7972 0 0.0380588 0
0.925 60.6843 0 11.8036 0 0.0380794 0
0.9255 60.7172 0 11.8099 0 0.0381 0
0.926 60.75 0 11.8163 0 0.0381206 0
0.9265 60.7828 0 11.8227 0 0.0381412 0
0.927 60.8156 0 11.8291 0 0.0381617 0
0.9275 60.8484 0 11.8355 0 0.0381823 0
0.928 60.8812 0 11.8418 0 0.0382029 0
0.9285 60.914 0 11.8482 0 0.0382235 0
0.929 60.9468 0 11.8546 0 0.0382441 0
0.9295 60.9796 0 11.861 0 0.0382647 0
0.93 61.0124 0 11.8674 0 0.0382852 0
0.9305 61.0452 0 11.8737 0 0.0383058 0
0.931 61.078 0 11.8801 0 0.0383264 0
0.9315 61.1108 0 11.8865 0 0.038347 0
0.932 61.1436 0 11.8929 0 0.0383676 0
0.9325 61.1764 0 11.8993 0 0.0383882 0
0.933 61.2092 0 11.9056 0 0.0384087 0
0.9335 61.242 0 11.912 0 0.0384293 0
0.934 61.2748 0 11.9184 0 0.0384499 0
0.9345 61.3076 0 11.9248 0 0.0384705 0
0.935 61.3404 0 11.9312 0 0.0384911 0
0.9355 61.3732 0 11.9375 0 0.0385117 0
0.936 61.406 0 11.9439 0 0.0385322 0
0.9365 61.4388 0 11.9503 0 0.0385528 0
0.937 61.4716 0 11.9567 0 0.0385734 0
0.9375 61.5044 0 11.9631 0 0.038594 0
0.938 61.5372 0 11.9695 0 0.0386146 0
0.9385 61.57 0 11.9758 0 0.0386352 0
0.939 61.6028 0 11.9822 0 0.0386557 0
0.9395 61.6356 0 11.9886 0 0.0386763 0
0.94 61.6684 0 11.995 0 0.0386969 0
0.9405 61.7012 0 12.0014 0 0.0387175 0
0.941 61.734 0 12.0077 0 0.0387381 0
0.9415 61.7668 0 12.0141 0 0.0387587 0
0.942 61.7996 0 12.0205 0 0.0387792 0
0.9425 61.8324 0 12.0269 0 0.0387998 0
0.943 61.8652 0 12.0333 0 0.0388204 0
0.9435 61.898 0 12.0396 0 0.038841 0
0.944 61.9308 0 12.046 0 0.0388616 0
0.9445 61.9636 0 12.0524 0 0.0388822 0
0.945 61.9964 0 12.0588 0 0.0389027 0
0.9455 62.0292 0 12.0652 0 0.0389233 0
0.946 62.062 0 12.0715 0 0.0389439 0
0.9465 62.0948 0 12.0779 0 0.0389645 0
0.947 62.1277 0 12.0843 0 0.0389851 0
0.9475 62.1605 0 12.0907 0 0.0390057 0
0.948 62.1933 0 12.0971 0 0.0390262 0
0.9485 62.2261 0 12.1034 0 0.0390468 0
0.949 62.2589 0 12.1098 0 0.0390674 0
0.9495 62.2917 0 12.1162 0 0.039088 0
0.95 62.3245 0 12.1226 0 0.0391086 0
0.9505 62.3573 0 12.129 0 0.0391292 0
0.951 62.3901 0 12.1353 0 0.0391497 0
0.9515 62.4229 0 12.1417 0 0.0391703 0
0.952 62.4557 0 12.1481 0 0.0391909 0
0.9525 62.4885 0 12.1545 0 0.0392115 0
0.953 62.5213 0 12.1609 0 0.0392321 0
0.9535 62.5541 0 12.1672 0 0.0392527 0
0.954 62.5869 0 12.1736 0 0.0392732 0
0.9545 62.6197 0 12.18 0 0.0392938 0
0.955 62.6525 0 12.1864 0 0.0393144 0
0.9555 62.6853 0 12.1928 0 0.039335 0
0.956 62.7181 0 12.1991 0 0.0393556 0
0.9565 62.7509 0 12.2055 0 0.0393762 0
0.957 62.7837 0 12.2119 0 0.0393967 0
0.9575 62.8165 0 12.2183 0 0.0394173 0
0.958 62.8493 0 12.2247 0 0.0394379 0
0.9585 62.8821 0 12.231 0 0.0394585 0
0.959 62.9149 0 12.2374 0 0.0394791 0
0.9595 62.9477 0 12.2438 0 0.0394997 0
0.96 62.9805 0 12.2502 0 0.0395202 0
0.9605 63.0133 0 12.2566 0 0.0395408 0
0.961 63.0461 0 12.2629 0 0.0395614 0
0.9615 63.0789 0 12.2693 0 0.039582 0
0.962 63.1117 0 12.2757 0 0.0396026 0
0.9625 63.1445 0 12.2821 0 0.0396232 0
0.963 63.1773 0 12.2885 0 0.0396437 0
0.9635 63.2101 0 12.2948 0 0.0396643 0
0.964 63.2429 0 12.3012 0 0.0396849 0
0.9645 63.2757 0 12.3076 0 0.0397055 0
0.965 63.3085 0 12.314 0 0.0397261 0
0.9655 63.3413 0 12.3204 0 0.0397467 0
0.966 63.3741 0 12.3267 0 0.0397672 0
0.9665 63.4069 0 12.3331 0 0.0397878 0
0.967 63.4397 0 12.3395 0 0.0398084 0
0.9675 63.4725 0 12.3459 0 0.039829 0
0.968 63.5053 0 12.3523 0 0.0398496 0
0.9685 63.5382 0 12.3586 0 0.0398702 0
0.969 63.571 0 12.365 0 0.0398907 0
0.9695 63.6038 0 12.3714 0 0.0399113 0
0.97 63.6366 0 12.3778 0 0.0399319 0
0.9705 63.6694 0 12.3842 0 0.0399525 0
0.971 63.7022 0 12.3906 0 0.0399731 0
0.9715 63.735 0 12.3969 0 0.0399937 0
0.972 63.7678 0 12.4033 0 0.0400142 0
0.9725 63.8006 0 12.4097 0 0.0400348 0
0.973 63.8334 0 12.4161 0 0.0400554 0
0.9735 63.8662 0 12.4225 0 0.040076 0
0.974 63.899 0 12.4288 0 0.0400966 0
0.9745 63.9318 0 12.4352 0 0.0401172 0
0.975 63.9646 0 12.4416 0 0.0401377 0
0.9755 63.9974 0 12.448 0 0.0401583 0
0.976 64.0302 0 12.4544 0 0.0401789 0
0.9765 64.063 0 12.4607 0 0.0401995 0
0.977 64.0958 0 12.4671 0 0.0402201 0
0.9775 64.1286 0 12.4735 0 0.0402407 0
0.978 64.1614 0 12.4799 0 0.0402612 0
0.9785 64.1942 0 12.4863 0 0.0402818 0
0.979 64.227 0 12.4926 0 0.0403024 0
0.9795 64.2598 0 12.499 0 0.040323 0
0.98 64.2926 0 12.5054 0 0.0403436 0
0.9805 64.3254 0 12.5118 0 0.0403642 0
0.981 64.3582 0 12.5182 0 0.0403847 0
0.9815 64.391 0 12.5245 0 0.0404053 0
0.982 64.4238 0 12.5309 0 0.0404259 0
0.9825 64.4566 0 12.5373 0 0.0404465 0
0.983 64.4894 0 12.5437 0 0.0404671 0
0.9835 64.5222 0 12.5501 0 0.0404877 0
0.984 64.555 0 12.5564 0 0.0405082 0
0.9845 64.5878 0 12.5628 0 0.0405288 0
0.985 64.6206 0 12.5692 0 0.0405494 0
0.9855 64.6534 0 12.5756 0 0.04057 0
0.986 64.6862 0 12.582 0 0.0405906 0
0.9865 64.719 0 12.5883 0 0.0406112 0
0.987 64.7518 0 12.5947 0 0.0406318 0
0.9875 64.7846 0 12.6011 0 0.0406523 0
0.988 64.8174 0 12.6075 0 0.0406729 0
0.9885 64.8502 0 12.6139 0 0.0406935 0
0.989 64.883 0 12.6202 0 0.0407141 0
0.9895 64.9159 0 12.6266 0 0.0407347 0
0.99 64.9487 0 12.633 0 0.0407553 0
0.9905 64.9815 0 12.6394 0 0.0407758 0
0.991 65.0143 0 12.6458 0 0.0407964 0
0.9915 65.0471 0 12.6521 0 0.040817 0
0.992 65.0799 0 12.6585 0 0.0408376 0
0.9925 65.1127 0 12.6649 0 0.0408582 0
0.993 65.1455 0 12.6713 0 0.0408788 0
0.9935 65.1783 0 12.6777 0 0.0408993 0
0.994 65.2111 0 12.684 0 0.0409199 0
0.9945 65.2439 0 12.6904 0 0.0409405 0
0.995 65.2767 0 12.6968 0 0.0409611 0
0.9955 65.3095 0 12.7032 0 0.0409817 0
0.996 65.3423 0 12.7096 0 0.0410023 0
0.9965 65.3751 0 12.7159 0 0.0410228 0
0.997 65.4079 0 12.7223 0 0.0410434 0
0.9975 65.4407 0 12.7287 0 0.041064 0
0.998 65.4735 0 12.7351 0 0.0410846 0
0.9985 65.5063 0 12.7415 0 0.0411052 0
0.999 65.5391 0 12.7478 0 0.0411258 0
0.9995 65.5719 0 12.7542 0 0.0411463 0
1 65.6047 0 12.7606 0 0.0411669 0
