0.0005 0.00864327 0 -0.00766935 0 2.15774e-05 0
0.001 0.0172865 0 -0.0153387 0 4.31547e-05 0
0.0015 0.0259298 0 -0.0230081 0 6.47321e-05 0
0.002 0.0345731 0 -0.0306774 0 8.63094e-05 0
0.0025 0.0432164 0 -0.0383468 0 0.000107887 0
0.003 0.0518596 0 -0.0460161 0 0.000129464 0
0.0035 0.0605029 0 -0.0536855 0 0.000151042 0
0.004 0.0691462 0 -0.0613548 0 0.000172619 0
0.0045 0.0777894 0 -0.0690242 0 0.000194196 0
0.005 0.0864327 0 -0.0766935 0 0.000215774 0
0.0055 0.095076 0 -0.0843629 0 0.000237351 0
0.006 0.103719 0 -0.0920322 0 0.000258928 0
0.0065 0.112363 0 -0.0997016 0 0.000280506 0
0.007 0.121006 0 -0.107371 0 0.000302083 0
0.0075 0.129649 0 -0.11504 0 0.00032366 0
0.008 0.138292 0 -0.12271 0 0.000345238 0
0.0085 0.146936 0 -0.130379 0 0.000366815 0
0.009 0.155579 0 -0.138048 0 0.000388392 0
0.0095 0.164222 0 -0.145718 0 0.00040997 0
0.01 0.172865 0 -0.153387 0 0.000431547 0
0.0105 0.181509 0 -0.161056 0 0.000453125 0
0.011 0.190152 0 -0.168726 0 0.000474702 0
0.0115 0.198795 0 -0.176395 0 0.000496279 0
0.012 0.207438 0 -0.184064 0 0.000517857 0
0.0125 0.216082 0 -0.191734 0 0.000539434 0
0.013 0.224725 0 -0.199403 0 0.000561011 0
0.0135 0.233368 0 -0.207073 0 0.000582589 0
0.014 0.242012 0 -0.214742 0 0.000604166 0
0.0145 0.250655 0 -0.222411 0 0.000625743 0
0.015 0.259298 0 -0.230081 0 0.000647321 0
0.0155 0.267941 0 -0.23775 0 0.000668898 0
0.016 0.276585 0 -0.245419 0 0.000690475 0
0.0165 0.285228 0 -0.253089 0 0.000712053 0
0.017 0.293871 0 -0.260758 0 0.00073363 0
0.0175 0.302514 0 -0.268427 0 0.000755208 0
0.018 0.311158 0 -0.276097 0 0.000776785 0
0.0185 0.319801 0 -0.283766 0 0.000798362 0
0.019 0.328444 0 -0.291435 0 0.00081994 0
0.0195 0.337088 0 -0.299105 0 0.000841517 0
0.02 0.345731 0 -0.306774 0 0.000863094 0
0.0205 0.354374 0 -0.314443 0 0.000884672 0
0.021 0.363017 0 -0.322113 0 0.000906249 0
0.0215 0.371661 0 -0.329782 0 0.000927826 0
0.022 0.380304 0 -0.337452 0 0.000949404 0
0.0225 0.388947 0 -0.345121 0 0.000970981 0
0.023 0.39759 0 -0.35279 0 0.000992558 0
0.0235 0.406234 0 -0.36046 0 0.00101414 0
0.024 0.414877 0 -0.368129 0 0.00103571 0
0.0245 0.42352 0 -0.375798 0 0.00105729 0
0.025 0.432164 0 -0.383468 0 0.00107887 0
0.0255 0.440807 0 -0.391137 0 0.00110045 0
0.026 0.44945 0 -0.398806 0 0.00112202 0
0.0265 0.458093 0 -0.406476 0 0.0011436 0
0.027 0.466737 0 -0.414145 0 0.00116518 0
0.0275 0.47538 0 -0.421814 0 0.00118675 0
0.028 0.484023 0 -0.429484 0 0.00120833 0
0.0285 0.492666 0 -0.437153 0 0.00122991 0
0.029 0.50131 0 -0.444822 0 0.00125149 0
0.0295 0.509953 0 -0.452492 0 0.00127306 0
0.03 0.518596 0 -0.460161 0 0.00129464 0
0.0305 0.52724 0 -0.467831 0 0.00131622 0
0.031 0.535883 0 -0.4755 0 0.0013378 0
0.0315 0.544526 0 -0.483169 0 0.00135937 0
0.032 0.553169 0 -0.490839 0 0.00138095 0
0.0325 0.561813 0 -0.498508 0 0.00140253 0
0.033 0.570456 0 -0.506177 0 0.00142411 0
0.0335 0.579099 0 -0.513847 0 0.00144568 0
0.034 0.587742 0 -0.521516 0 0.00146726 0
0.0345 0.596386 0 -0.529185 0 0.00148884 0
0.035 0.605029 0 -0.536855 0 0.00151042 0
0.0355 0.613672 0 -0.544524 0 0.00153199 0
0.036 0.622315 0 -0.552193 0 0.00155357 0
0.0365 0.630959 0 -0.559863 0 0.00157515 0
0.037 0.639602 0 -0.567532 0 0.00159672 0
0.0375 0.648245 0 -0.575201 0 0.0016183 0
0.038 0.656889 0 -0.582871 0 0.00163988 0
0.0385 0.665532 0 -0.59054 0 0.00166146 0
0.039 0.674175 0 -0.59821 0 0.00168303 0
0.0395 0.682818 0 -0.605879 0 0.00170461 0
0.04 0.691462 0 -0.613548 0 0.00172619 0
0.0405 0.700105 0 -0.621218 0 0.00174777 0
0.041 0.708748 0 -0.628887 0 0.00176934 0
0.0415 0.717391 0 -0.636556 0 0.00179092 0
0.042 0.726035 0 -0.644226 0 0.0018125 0
0.0425 0.734678 0 -0.651895 0 0.00183408 0
0.043 0.743321 0 -0.659564 0 0.00185565 0
0.0435 0.751965 0 -0.667234 0 0.00187723 0
0.044 0.760608 0 -0.674903 0 0.00189881 0
0.0445 0.769251 0 -0.682572 0 0.00192038 0
0.045 0.777894 0 -0.690242 0 0.00194196 0
0.0455 0.786538 0 -0.697911 0 0.00196354 0
0.046 0.795181 0 -0.70558 0 0.00198512 0
0.0465 0.803824 0 -0.71325 0 0.00200669 0
0.047 0.812467 0 -0.720919 0 0.00202827 0
0.0475 0.821111 0 -0.728589 0 0.00204985 0
0.048 0.829754 0 -0.736258 0 0.00207143 0
0.0485 0.838397 0 -0.743927 0 0.002093 0
0.049 0.847041 0 -0.751597 0 0.00211458 0
0.0495 0.855684 0 -0.759266 0 0.00213616 0
0.05 0.864327 0 -0.766935 0 0.00215774 0
0.0505 0.87297 0 -0.774605 0 0.00217931 0
0.051 0.881614 0 -0.782274 0 0.00220089 0
0.0515 0.890257 0 -0.789943 0 0.00222247 0
0.052 0.8989 0 -0.797613 0 0.00224405 0
0.0525 0.907543 0 -0.805282 0 0.00226562 0
0.053 0.916187 0 -0.812951 0 0.0022872 0
0.0535 0.92483 0 -0.820621 0 0.00230878 0
0.054 0.933473 0 -0.82829 0 0.00233035 0
0.0545 0.942117 0 -0.835959 0 0.00235193 0
0.055 0.95076 0 -0.843629 0 0.00237351 0
0.0555 0.959403 0 -0.851298 0 0.00239509 0
0.056 0.968046 0 -0.858968 0 0.00241666 0
0.0565 0.97669 0 -0.866637 0 0.00243824 0
0.057 0.985333 0 -0.874306 0 0.00245982 0
0.0575 0.993976 0 -0.881976 0 0.0024814 0
0.058 1.00262 0 -0.889645 0 0.00250297 0
0.0585 1.01126 0 -0.897314 0 0.00252455 0
0.059 1.01991 0 -0.904984 0 0.00254613 0
0.0595 1.02855 0 -0.912653 0 0.00256771 0
0.06 1.03719 0 -0.920322 0 0.00258928 0
0.0605 1.04584 0 -0.927992 0 0.00261086 0
0.061 1.05448 0 -0.935661 0 0.00263244 0
0.0615 1.06312 0 -0.94333 0 0.00265401 0
0.062 1.07177 0 -0.951 0 0.00267559 0
0.0625 1.08041 0 -0.958669 0 0.00269717 0
0.063 1.08905 0 -0.966338 0 0.00271875 0
0.0635 1.0977 0 -0.974008 0 0.00274032 0
0.064 1.10634 0 -0.981677 0 0.0027619 0
0.0645 1.11498 0 -0.989347 0 0.00278348 0
0.065 1.12363 0 -0.997016 0 0.00280506 0
0.0655 1.13227 0 -1.00469 0 0.00282663 0
0.066 1.14091 0 -1.01235 0 0.00284821 0
0.0665 1.14956 0 -1.02002 0 0.00286979 0
0.067 1.1582 0 -1.02769 0 0.00289137 0
0.0675 1.16684 0 -1.03536 0 0.00291294 0
0.068 1.17548 0 -1.04303 0 0.00293452 0
0.0685 1.18413 0 -1.0507 0 0.0029561 0
0.069 1.19277 0 -1.05837 0 0.00297768 0
0.0695 1.20141 0 -1.06604 0 0.00299925 0
0.07 1.21006 0 -1.07371 0 0.00302083 0
0.0705 1.2187 0 -1.08138 0 0.00304241 0
0.071 1.22734 0 -1.08905 0 0.00306398 0
0.0715 1.23599 0 -1.09672 0 0.00308556 0
0.072 1.24463 0 -1.10439 0 0.00310714 0
0.0725 1.25327 0 -1.11206 0 0.00312872 0
0.073 1.26192 0 -1.11973 0 0.00315029 0
0.0735 1.27056 0 -1.12739 0 0.00317187 0
0.074 1.2792 0 -1.13506 0 0.00319345 0
0.0745 1.28785 0 -1.14273 0 0.00321503 0
0.075 1.29649 0 -1.1504 0 0.0032366 0
0.0755 1.30513 0 -1.15807 0 0.00325818 0
0.076 1.31378 0 -1.16574 0 0.00327976 0
0.0765 1.32242 0 -1.17341 0 0.00330134 0
0.077 1.33106 0 -1.18108 0 0.00332291 0
0.0775 1.33971 0 -1.18875 0 0.00334449 0
0.078 1.34835 0 -1.19642 0 0.00336607 0
0.0785 1.35699 0 -1.20409 0 0.00338765 0
0.079 1.36564 0 -1.21176 0 0.00340922 0
0.0795 1.37428 0 -1.21943 0 0.0034308 0
0.08 1.38292 0 -1.2271 0 0.00345238 0
0.0805 1.39157 0 -1.23477 0 0.00347395 0
0.081 1.40021 0 -1.24244 0 0.00349553 0
0.0815 1.40885 0 -1.2501 0 0.00351711 0
0.082 1.4175 0 -1.25777 0 0.00353869 0
0.0825 1.42614 0 -1.26544 0 0.00356026 0
0.083 1.43478 0 -1.27311 0 0.00358184 0
0.0835 1.44343 0 -1.28078 0 0.00360342 0
0.084 1.45207 0 -1.28845 0 0.003625 0
0.0845 1.46071 0 -1.29612 0 0.00364657 0
0.085 1.46936 0 -1.30379 0 0.00366815 0
0.0855 1.478 0 -1.31146 0 0.00368973 0
0.086 1.48664 0 -1.31913 0 0.00371131 0
0.0865 1.49529 0 -1.3268 0 0.00373288 0
0.087 1.50393 0 -1.33447 0 0.00375446 0
0.0875 1.51257 0 -1.34214 0 0.00377604 0
0.088 1.52122 0 -1.34981 0 0.00379761 0
0.0885 1.52986 0 -1.35748 0 0.00381919 0
0.089 1.5385 0 -1.36514 0 0.00384077 0
0.0895 1.54715 0 -1.37281 0 0.00386235 0
0.09 1.55579 0 -1.38048 0 0.00388392 0
0.0905 1.56443 0 -1.38815 0 0.0039055 0
0.091 1.57308 0 -1.39582 0 0.00392708 0
0.0915 1.58172 0 -1.40349 0 0.00394866 0
0.092 1.59036 0 -1.41116 0 0.00397023 0
0.0925 1.59901 0 -1.41883 0 0.00399181 0
0.093 1.60765 0 -1.4265 0 0.00401339 0
0.0935 1.61629 0 -1.43417 0 0.00403497 0
0.094 1.62493 0 -1.44184 0 0.00405654 0
0.0945 1.63358 0 -1.44951 0 0.00407812 0
0.095 1.64222 0 -1.45718 0 0.0040997 0
0.0955 1.65086 0 -1.46485 0 0.00412128 0
0.096 1.65951 0 -1.47252 0 0.00414285 0
0.0965 1.66815 0 -1.48019 0 0.00416443 0
0.097 1.67679 0 -1.48785 0 0.00418601 0
0.0975 1.68544 0 -1.49552 0 0.00420758 0
0.098 1.69408 0 -1.50319 0 0.00422916 0
0.0985 1.70272 0 -1.51086 0 0.00425074 0
0.099 1.71137 0 -1.51853 0 0.00427232 0
0.0995 1.72001 0 -1.5262 0 0.00429389 0
0.1 1.72865 0 -1.53387 0 0.00431547 0
0.1005 1.7373 0 -1.54154 0 0.00433705 0
0.101 1.74594 0 -1.54921 0 0.00435863 0
0.1015 1.75458 0 -1.55688 0 0.0043802 0
0.102 1.76323 0 -1.56455 0 0.00440178 0
0.1025 1.77187 0 -1.57222 0 0.00442336 0
0.103 1.78051 0 -1.57989 0 0.00444494 0
0.1035 1.78916 0 -1.58756 0 0.00446651 0
0.104 1.7978 0 -1.59523 0 0.00448809 0
0.1045 1.80644 0 -1.60289 0 0.00450967 0
0.105 1.81509 0 -1.61056 0 0.00453125 0
0.1055 1.82373 0 -1.61823 0 0.00455282 0
0.106 1.83237 0 -1.6259 0 0.0045744 0
0.1065 1.84102 0 -1.63357 0 0.00459598 0
0.107 1.84966 0 -1.64124 0 0.00461755 0
0.1075 1.8583 0 -1.64891 0 0.00463913 0
0.108 1.86695 0 -1.65658 0 0.00466071 0
0.1085 1.87559 0 -1.66425 0 0.00468229 0
0.109 1.88423 0 -1.67192 0 0.00470386 0
0.1095 1.89288 0 -1.67959 0 0.00472544 0
0.11 1.90152 0 -1.68726 0 0.00474702 0
0.1105 1.91016 0 -1.69493 0 0.0047686 0
0.111 1.91881 0 -1.7026 0 0.00479017 0
0.1115 1.92745 0 -1.71027 0 0.00481175 0
0.112 1.93609 0 -1.71794 0 0.00483333 0
0.1125 1.94474 0 -1.7256 0 0.00485491 0
0.113 1.95338 0 -1.73327 0 0.00487648 0
0.1135 1.96202 0 -1.74094 0 0.00489806 0
0.114 1.97067 0 -1.74861 0 0.00491964 0
0.1145 1.97931 0 -1.75628 0 0.00494121 0
0.115 1.98795 0 -1.76395 0 0.00496279 0
0.1155 1.9966 0 -1.77162 0 0.00498437 0
0.116 2.00524 0 -1.77929 0 0.00500595 0
0.1165 2.01388 0 -1.78696 0 0.00502752 0
0.117 2.02253 0 -1.79463 0 0.0050491 0
0.1175 2.03117 0 -1.8023 0 0.00507068 0
0.118 2.03981 0 -1.80997 0 0.00509226 0
0.1185 2.04846 0 -1.81764 0 0.00511383 0
0.119 2.0571 0 -1.82531 0 0.00513541 0
0.1195 2.06574 0 -1.83298 0 0.00515699 0
0.12 2.07438 0 -1.84064 0 0.00517857 0
0.1205 2.08303 0 -1.84831 0 0.00520014 0
0.121 2.09167 0 -1.85598 0 0.00522172 0
0.1215 2.10031 0 -1.86365 0 0.0052433 0
0.122 2.10896 0 -1.87132 0 0.00526488 0
0.1225 2.1176 0 -1.87899 0 0.00528645 0
0.123 2.12624 0 -1.88666 0 0.00530803 0
0.1235 2.13489 0 -1.89433 0 0.00532961 0
0.124 2.14353 0 -1.902 0 0.00535118 0
0.1245 2.15217 0 -1.90967 0 0.00537276 0
0.125 2.16082 0 -1.91734 0 0.00539434 0
0.1255 2.16946 0 -1.92501 0 0.00541592 0
0.126 2.1781 0 -1.93268 0 0.00543749 0
0.1265 2.18675 0 -1.94035 0 0.00545907 0
0.127 2.19539 0 -1.94802 0 0.00548065 0
0.1275 2.20403 0 -1.95569 0 0.00550223 0
0.128 2.21268 0 -1.96335 0 0.0055238 0
0.1285 2.22132 0 -1.97102 0 0.00554538 0
0.129 2.22996 0 -1.97869 0 0.00556696 0
0.1295 2.23861 0 -1.98636 0 0.00558854 0
0.13 2.24725 0 -1.99403 0 0.00561011 0
0.1305 2.25589 0 -2.0017 0 0.00563169 0
0.131 2.26454 0 -2.00937 0 0.00565327 0
0.1315 2.27318 0 -2.01704 0 0.00567485 0
0.132 2.28182 0 -2.02471 0 0.00569642 0
0.1325 2.29047 0 -2.03238 0 0.005718 0
0.133 2.29911 0 -2.04005 0 0.00573958 0
0.1335 2.30775 0 -2.04772 0 0.00576115 0
0.134 2.3164 0 -2.05539 0 0.00578273 0
0.1345 2.32504 0 -2.06306 0 0.00580431 0
0.135 2.33368 0 -2.07073 0 0.00582589 0
0.1355 2.34233 0 -2.07839 0 0.00584746 0
0.136 2.35097 0 -2.08606 0 0.00586904 0
0.1365 2.35961 0 -2.09373 0 0.00589062 0
0.137 2.36826 0 -2.1014 0 0.0059122 0
0.1375 2.3769 0 -2.10907 0 0.00593377 0
0.138 2.38554 0 -2.11674 0 0.00595535 0
0.1385 2.39419 0 -2.12441 0 0.00597693 0
0.139 2.40283 0 -2.13208 0 0.00599851 0
0.1395 2.41147 0 -2.13975 0 0.00602008 0
0.14 2.42012 0 -2.14742 0 0.00604166 0
0.1405 2.42876 0 -2.15509 0 0.00606324 0
0.141 2.4374 0 -2.16276 0 0.00608481 0
0.1415 2.44605 0 -2.17043 0 0.00610639 0
0.142 2.45469 0 -2.1781 0 0.00612797 0
0.1425 2.46333 0 -2.18577 0 0.00614955 0
0.143 2.47198 0 -2.19343 0 0.00617112 0
0.1435 2.48062 0 -2.2011 0 0.0061927 0
0.144 2.48926 0 -2.20877 0 0.00621428 0
0.1445 2.49791 0 -2.21644 0 0.00623586 0
0.145 2.50655 0 -2.22411 0 0.00625743 0
0.1455 2.51519 0 -2.23178 0 0.00627901 0
0.146 2.52384 0 -2.23945 0 0.00630059 0
0.1465 2.53248 0 -2.24712 0 0.00632217 0
0.147 2.54112 0 -2.25479 0 0.00634374 0
0.1475 2.54976 0 -2.26246 0 0.00636532 0
0.148 2.55841 0 -2.27013 0 0.0063869 0
0.1485 2.56705 0 -2.2778 0 0.00640848 0
0.149 2.57569 0 -2.28547 0 0.00643005 0
0.1495 2.58434 0 -2.29314 0 0.00645163 0
0.15 2.59298 0 -2.30081 0 0.00647321 0
0.1505 2.60162 0 -2.30848 0 0.00649478 0
0.151 2.61027 0 -2.31614 0 0.00651636 0
0.1515 2.61891 0 -2.32381 0 0.00653794 0
0.152 2.62755 0 -2.33148 0 0.00655952 0
0.1525 2.6362 0 -2.33915 0 0.00658109 0
0.153 2.64484 0 -2.34682 0 0.00660267 0
0.1535 2.65348 0 -2.35449 0 0.00662425 0
0.154 2.66213 0 -2.36216 0 0.00664583 0
0.1545 2.67077 0 -2.36983 0 0.0066674 0
0.155 2.67941 0 -2.3775 0 0.00668898 0
0.1555 2.68806 0 -2.38517 0 0.00671056 0
0.156 2.6967 0 -2.39284 0 0.00673214 0
0.1565 2.70534 0 -2.40051 0 0.00675371 0
0.157 2.71399 0 -2.40818 0 0.00677529 0
0.1575 2.72263 0 -2.41585 0 0.00679687 0
0.158 2.73127 0 -2.42352 0 0.00681845 0
0.1585 2.73992 0 -2.43118 0 0.00684002 0
0.159 2.74856 0 -2.43885 0 0.0068616 0
0.1595 2.7572 0 -2.44652 0 0.00688318 0
0.16 2.76585 0 -2.45419 0 0.00690475 0
0.1605 2.77449 0 -2.46186 0 0.00692633 0
0.161 2.78313 0 -2.46953 0 0.00694791 0
0.1615 2.79178 0 -2.4772 0 0.00696949 0
0.162 2.80042 0 -2.48487 0 0.00699106 0
0.1625 2.80906 0 -2.49254 0 0.00701264 0
0.163 2.81771 0 -2.50021 0 0.00703422 0
0.1635 2.82635 0 -2.50788 0 0.0070558 0
0.164 2.83499 0 -2.51555 0 0.00707737 0
0.1645 2.84364 0 -2.52322 0 0.00709895 0
0.165 2.85228 0 -2.53089 0 0.00712053 0
0.1655 2.86092 0 -2.53856 0 0.00714211 0
0.166 2.86957 0 -2.54623 0 0.00716368 0
0.1665 2.87821 0 -2.55389 0 0.00718526 0
0.167 2.88685 0 -2.56156 0 0.00720684 0
0.1675 2.8955 0 -2.56923 0 0.00722841 0
0.168 2.90414 0 -2.5769 0 0.00724999 0
0.1685 2.91278 0 -2.58457 0 0.00727157 0
0.169 2.92143 0 -2.59224 0 0.00729315 0
0.1695 2.93007 0 -2.59991 0 0.00731472 0
0.17 2.93871 0 -2.60758 0 0.0073363 0
0.1705 2.94736 0 -2.61525 0 0.00735788 0
0.171 2.956 0 -2.62292 0 0.00737946 0
0.1715 2.96464 0 -2.63059 0 0.00740103 0
0.172 2.97329 0 -2.63826 0 0.00742261 0
0.1725 2.98193 0 -2.64593 0 0.00744419 0
0.173 2.99057 0 -2.6536 0 0.00746577 0
0.1735 2.99921 0 -2.66127 0 0.00748734 0
0.174 3.00786 0 -2.66893 0 0.00750892 0
0.1745 3.0165 0 -2.6766 0 0.0075305 0
0.175 3.02514 0 -2.68427 0 0.00755208 0
0.1755 3.03379 0 -2.69194 0 0.00757365 0
0.176 3.04243 0 -2.69961 0 0.00759523 0
0.1765 3.05107 0 -2.70728 0 0.00761681 0
0.177 3.05972 0 -2.71495 0 0.00763838 0
0.1775 3.06836 0 -2.72262 0 0.00765996 0
0.178 3.077 0 -2.73029 0 0.00768154 0
0.1785 3.08565 0 -2.73796 0 0.00770312 0
0.179 3.09429 0 -2.74563 0 0.00772469 0
0.1795 3.10293 0 -2.7533 0 0.00774627 0
0.18 3.11158 0 -2.76097 0 0.00776785 0
0.1805 3.12022 0 -2.76864 0 0.00778943 0
0.181 3.12886 0 -2.77631 0 0.007811 0
0.1815 3.13751 0 -2.78398 0 0.00783258 0
0.182 3.14615 0 -2.79164 0 0.00785416 0
0.1825 3.15479 0 -2.79931 0 0.00787574 0
0.183 3.16344 0 -2.80698 0 0.00789731 0
0.1835 3.17208 0 -2.81465 0 0.00791889 0
0.184 3.18072 0 -2.82232 0 0.00794047 0
0.1845 3.18937 0 -2.82999 0 0.00796204 0
0.185 3.19801 0 -2.83766 0 0.00798362 0
0.1855 3.20665 0 -2.84533 0 0.0080052 0
0.186 3.2153 0 -2.853 0 0.00802678 0
0.1865 3.22394 0 -2.86067 0 0.00804835 0
0.187 3.23258 0 -2.86834 0 0.00806993 0
0.1875 3.24123 0 -2.87601 0 0.00809151 0
0.188 3.24987 0 -2.88368 0 0.00811309 0
0.1885 3.25851 0 -2.89135 0 0.00813466 0
0.189 3.26716 0 -2.89902 0 0.00815624 0
0.1895 3.2758 0 -2.90668 0 0.00817782 0
0.19 3.28444 0 -2.91435 0 0.0081994 0
0.1905 3.29309 0 -2.92202 0 0.00822097 0
0.191 3.30173 0 -2.92969 0 0.00824255 0
0.1915 3.31037 0 -2.93736 0 0.00826413 0
0.192 3.31902 0 -2.94503 0 0.00828571 0
0.1925 3.32766 0 -2.9527 0 0.00830728 0
0.193 3.3363 0 -2.96037 0 0.00832886 0
0.1935 3.34495 0 -2.96804 0 0.00835044 0
0.194 3.35359 0 -2.97571 0 0.00837201 0
0.1945 3.36223 0 -2.98338 0 0.00839359 0
0.195 3.37088 0 -2.99105 0 0.00841517 0
0.1955 3.37952 0 -2.99872 0 0.00843675 0
0.196 3.38816 0 -3.00639 0 0.00845832 0
0.1965 3.39681 0 -3.01406 0 0.0084799 0
0.197 3.40545 0 -3.02173 0 0.00850148 0
0.1975 3.41409 0 -3.02939 0 0.00852306 0
0.198 3.42274 0 -3.03706 0 0.00854463 0
0.1985 3.43138 0 -3.04473 0 0.00856621 0
0.199 3.44002 0 -3.0524 0 0.00858779 0
0.1995 3.44867 0 -3.06007 0 0.00860937 0
0.2 3.45731 0 -3.06774 0 0.00863094 0
0.2005 3.46595 0 -3.07541 0 0.00865252 0
0.201 3.47459 0 -3.08308 0 0.0086741 0
0.2015 3.48324 0 -3.09075 0 0.00869568 0
0.202 3.49188 0 -3.09842 0 0.00871725 0
0.2025 3.50052 0 -3.10609 0 0.00873883 0
0.203 3.50917 0 -3.11376 0 0.00876041 0
0.2035 3.51781 0 -3.12143 0 0.00878198 0
0.204 3.52645 0 -3.1291 0 0.00880356 0
0.2045 3.5351 0 -3.13677 0 0.00882514 0
0.205 3.54374 0 -3.14443 0 0.00884672 0
0.2055 3.55238 0 -3.1521 0 0.00886829 0
0.206 3.56103 0 -3.15977 0 0.00888987 0
0.2065 3.56967 0 -3.16744 0 0.00891145 0
0.207 3.57831 0 -3.17511 0 0.00893303 0
0.2075 3.58696 0 -3.18278 0 0.0089546 0
0.208 3.5956 0 -3.19045 0 0.00897618 0
0.2085 3.60424 0 -3.19812 0 0.00899776 0
0.209 3.61289 0 -3.20579 0 0.00901934 0
0.2095 3.62153 0 -3.21346 0 0.00904091 0
0.21 3.63017 0 -3.22113 0 0.00906249 0
0.2105 3.63882 0 -3.2288 0 0.00908407 0
0.211 3.64746 0 -3.23647 0 0.00910564 0
0.2115 3.6561 0 -3.24414 0 0.00912722 0
0.212 3.66475 0 -3.25181 0 0.0091488 0
0.2125 3.67339 0 -3.25948 0 0.00917038 0
0.213 3.68203 0 -3.26714 0 0.00919195 0
0.2135 3.69068 0 -3.27481 0 0.00921353 0
0.214 3.69932 0 -3.28248 0 0.00923511 0
0.2145 3.70796 0 -3.29015 0 0.00925669 0
0.215 3.71661 0 -3.29782 0 0.00927826 0
0.2155 3.72525 0 -3.30549 0 0.00929984 0
0.216 3.73389 0 -3.31316 0 0.00932142 0
0.2165 3.74254 0 -3.32083 0 0.009343 0
0.217 3.75118 0 -3.3285 0 0.00936457 0
0.2175 3.75982 0 -3.33617 0 0.00938615 0
0.218 3.76847 0 -3.34384 0 0.00940773 0
0.2185 3.77711 0 -3.35151 0 0.00942931 0
0.219 3.78575 0 -3.35918 0 0.00945088 0
0.2195 3.7944 0 -3.36685 0 0.00947246 0
0.22 3.80304 0 -3.37452 0 0.00949404 0
0.2205 3.81168 0 -3.38218 0 0.00951561 0
0.221 3.82033 0 -3.38985 0 0.00953719 0
0.2215 3.82897 0 -3.39752 0 0.00955877 0
0.222 3.83761 0 -3.40519 0 0.00958035 0
0.2225 3.84626 0 -3.41286 0 0.00960192 0
0.223 3.8549 0 -3.42053 0 0.0096235 0
0.2235 3.86354 0 -3.4282 0 0.00964508 0
0.224 3.87219 0 -3.43587 0 0.00966666 0
0.2245 3.88083 0 -3.44354 0 0.00968823 0
0.225 3.88947 0 -3.45121 0 0.00970981 0
0.2255 3.89812 0 -3.45888 0 0.00973139 0
0.226 3.90676 0 -3.46655 0 0.00975297 0
0.2265 3.9154 0 -3.47422 0 0.00977454 0
0.227 3.92404 0 -3.48189 0 0.00979612 0
0.2275 3.93269 0 -3.48956 0 0.0098177 0
0.228 3.94133 0 -3.49722 0 0.00983928 0
0.2285 3.94997 0 -3.50489 0 0.00986085 0
0.229 3.95862 0 -3.51256 0 0.00988243 0
0.2295 3.96726 0 -3.52023 0 0.00990401 0
0.23 3.9759 0 -3.5279 0 0.00992558 0
0.2305 3.98455 0 -3.53557 0 0.00994716 0
0.231 3.99319 0 -3.54324 0 0.00996874 0
0.2315 4.00183 0 -3.55091 0 0.00999032 0
0.232 4.01048 0 -3.55858 0 0.0100119 0
0.2325 4.01912 0 -3.56625 0 0.0100335 0
0.233 4.02776 0 -3.57392 0 0.010055 0
0.2335 4.03641 0 -3.58159 0 0.0100766 0
0.234 4.04505 0 -3.58926 0 0.0100982 0
0.2345 4.05369 0 -3.59693 0 0.0101198 0
0.235 4.06234 0 -3.6046 0 0.0101414 0
0.2355 4.07098 0 -3.61227 0 0.0101629 0
0.236 4.07962 0 -3.61993 0 0.0101845 0
0.2365 4.08827 0 -3.6276 0 0.0102061 0
0.237 4.09691 0 -3.63527 0 0.0102277 0
0.2375 4.10555 0 -3.64294 0 0.0102492 0
0.238 4.1142 0 -3.65061 0 0.0102708 0
0.2385 4.12284 0 -3.65828 0 0.0102924 0
0.239 4.13148 0 -3.66595 0 0.010314 0
0.2395 4.14013 0 -3.67362 0 0.0103356 0
0.24 4.14877 0 -3.68129 0 0.0103571 0
0.2405 4.15741 0 -3.68896 0 0.0103787 0
0.241 4.16606 0 -3.69663 0 0.0104003 0
0.2415 4.1747 0 -3.7043 0 0.0104219 0
0.242 4.18334 0 -3.71197 0 0.0104434 0
0.2425 4.19199 0 -3.71964 0 0.010465 0
0.243 4.20063 0 -3.72731 0 0.0104866 0
0.2435 4.20927 0 -3.73497 0 0.0105082 0
0.244 4.21792 0 -3.74264 0 0.0105298 0
0.2445 4.22656 0 -3.75031 0 0.0105513 0
0.245 4.2352 0 -3.75798 0 0.0105729 0
0.2455 4.24385 0 -3.76565 0 0.0105945 0
0.246 4.25249 0 -3.77332 0 0.0106161 0
0.2465 4.26113 0 -3.78099 0 0.0106376 0
0.247 4.26978 0 -3.78866 0 0.0106592 0
0.2475 4.27842 0 -3.79633 0 0.0106808 0
0.248 4.28706 0 -3.804 0 0.0107024 0
0.2485 4.29571 0 -3.81167 0 0.0107239 0
0.249 4.30435 0 -3.81934 0 0.0107455 0
0.2495 4.31299 0 -3.82701 0 0.0107671 0
0.25 4.32164 0 -3.83468 0 0.0107887 0
0.2505 4.33028 0 -3.84235 0 0.0108103 0
0.251 4.33892 0 -3.85002 0 0.0108318 0
0.2515 4.34757 0 -3.85768 0 0.0108534 0
0.252 4.35621 0 -3.86535 0 0.010875 0
0.2525 4.36485 0 -3.87302 0 0.0108966 0
0.253 4.37349 0 -3.88069 0 0.0109181 0
0.2535 4.38214 0 -3.88836 0 0.0109397 0
0.254 4.39078 0 -3.89603 0 0.0109613 0
0.2545 4.39942 0 -3.9037 0 0.0109829 0
0.255 4.40807 0 -3.91137 0 0.0110045 0
0.2555 4.41671 0 -3.91904 0 0.011026 0
0.256 4.42535 0 -3.92671 0 0.0110476 0
0.2565 4.434 0 -3.93438 0 0.0110692 0
0.257 4.44264 0 -3.94205 0 0.0110908 0
0.2575 4.45128 0 -3.94972 0 0.0111123 0
0.258 4.45993 0 -3.95739 0 0.0111339 0
0.2585 4.46857 0 -3.96506 0 0.0111555 0
0.259 4.47721 0 -3.97272 0 0.0111771 0
0.2595 4.48586 0 -3.98039 0 0.0111986 0
0.26 4.4945 0 -3.98806 0 0.0112202 0
0.2605 4.50314 0 -3.99573 0 0.0112418 0
0.261 4.51179 0 -4.0034 0 0.0112634 0
0.2615 4.52043 0 -4.01107 0 0.011285 0
0.262 4.52907 0 -4.01874 0 0.0113065 0
0.2625 4.53772 0 -4.02641 0 0.0113281 0
0.263 4.54636 0 -4.03408 0 0.0113497 0
0.2635 4.555 0 -4.04175 0 0.0113713 0
0.264 4.56365 0 -4.04942 0 0.0113928 0
0.2645 4.57229 0 -4.05709 0 0.0114144 0
0.265 4.58093 0 -4.06476 0 0.011436 0
0.2655 4.58958 0 -4.07243 0 0.0114576 0
0.266 4.59822 0 -4.0801 0 0.0114792 0
0.2665 4.60686 0 -4.08777 0 0.0115007 0
0.267 4.61551 0 -4.09543 0 0.0115223 0
0.2675 4.62415 0 -4.1031 0 0.0115439 0
0.268 4.63279 0 -4.11077 0 0.0115655 0
0.2685 4.64144 0 -4.11844 0 0.011587 0
0.269 4.65008 0 -4.12611 0 0.0116086 0
0.2695 4.65872 0 -4.13378 0 0.0116302 0
0.27 4.66737 0 -4.14145 0 0.0116518 0
0.2705 4.67601 0 -4.14912 0 0.0116734 0
0.271 4.68465 0 -4.15679 0 0.0116949 0
0.2715 4.6933 0 -4.16446 0 0.0117165 0
0.272 4.70194 0 -4.17213 0 0.0117381 0
0.2725 4.71058 0 -4.1798 0 0.0117597 0
0.273 4.71923 0 -4.18747 0 0.0117812 0
0.2735 4.72787 0 -4.19514 0 0.0118028 0
0.274 4.73651 0 -4.20281 0 0.0118244 0
0.2745 4.74516 0 -4.21047 0 0.011846 0
0.275 4.7538 0 -4.21814 0 0.0118675 0
0.2755 4.76244 0 -4.22581 0 0.0118891 0
0.276 4.77109 0 -4.23348 0 0.0119107 0
0.2765 4.77973 0 -4.24115 0 0.0119323 0
0.277 4.78837 0 -4.24882 0 0.0119539 0
0.2775 4.79702 0 -4.25649 0 0.0119754 0
0.278 4.80566 0 -4.26416 0 0.011997 0
0.2785 4.8143 0 -4.27183 0 0.0120186 0
0.279 4.82295 0 -4.2795 0 0.0120402 0
0.2795 4.83159 0 -4.28717 0 0.0120617 0
0.28 4.84023 0 -4.29484 0 0.0120833 0
0.2805 4.84887 0 -4.30251 0 0.0121049 0
0.281 4.85752 0 -4.31018 0 0.0121265 0
0.2815 4.86616 0 -4.31785 0 0.0121481 0
0.282 4.8748 0 -4.32552 0 0.0121696 0
0.2825 4.88345 0 -4.33318 0 0.0121912 0
0.283 4.89209 0 -4.34085 0 0.0122128 0
0.2835 4.90073 0 -4.34852 0 0.0122344 0
0.284 4.90938 0 -4.35619 0 0.0122559 0
0.2845 4.91802 0 -4.36386 0 0.0122775 0
0.285 4.92666 0 -4.37153 0 0.0122991 0
0.2855 4.93531 0 -4.3792 0 0.0123207 0
0.286 4.94395 0 -4.38687 0 0.0123422 0
0.2865 4.95259 0 -4.39454 0 0.0123638 0
0.287 4.96124 0 -4.40221 0 0.0123854 0
0.2875 4.96988 0 -4.40988 0 0.012407 0
0.288 4.97852 0 -4.41755 0 0.0124286 0
0.2885 4.98717 0 -4.42522 0 0.0124501 0
0.289 4.99581 0 -4.43289 0 0.0124717 0
0.2895 5.00445 0 -4.44056 0 0.0124933 0
0.29 5.0131 0 -4.44822 0 0.0125149 0
0.2905 5.02174 0 -4.45589 0 0.0125364 0
0.291 5.03038 0 -4.46356 0 0.012558 0
0.2915 5.03903 0 -4.47123 0 0.0125796 0
0.292 5.04767 0 -4.4789 0 0.0126012 0
0.2925 5.05631 0 -4.48657 0 0.0126228 0
0.293 5.06496 0 -4.49424 0 0.0126443 0
0.2935 5.0736 0 -4.50191 0 0.0126659 0
0.294 5.08224 0 -4.50958 0 0.0126875 0
0.2945 5.09089 0 -4.51725 0 0.0127091 0
0.295 5.09953 0 -4.52492 0 0.0127306 0
0.2955 5.10817 0 -4.53259 0 0.0127522 0
0.296 5.11682 0 -4.54026 0 0.0127738 0
0.2965 5.12546 0 -4.54793 0 0.0127954 0
0.297 5.1341 0 -4.5556 0 0.012817 0
0.2975 5.14275 0 -4.56327 0 0.0128385 0
0.298 5.15139 0 -4.57093 0 0.0128601 0
0.2985 5.16003 0 -4.5786 0 0.0128817 0
0.299 5.16868 0 -4.58627 0 0.0129033 0
0.2995 5.17732 0 -4.59394 0 0.0129248 0
0.3 5.18596 0 -4.60161 0 0.0129464 0
0.3005 5.19461 0 -4.60928 0 0.012968 0
0.301 5.20325 0 -4.61695 0 0.0129896 0
0.3015 5.21189 0 -4.62462 0 0.0130111 0
0.302 5.22054 0 -4.63229 0 0.0130327 0
0.3025 5.22918 0 -4.63996 0 0.0130543 0
0.303 5.23782 0 -4.64763 0 0.0130759 0
0.3035 5.24647 0 -4.6553 0 0.0130975 0
0.304 5.25511 0 -4.66297 0 0.013119 0
0.3045 5.26375 0 -4.67064 0 0.0131406 0
0.305 5.2724 0 -4.67831 0 0.0131622 0
0.3055 5.28104 0 -4.68597 0 0.0131838 0
0.306 5.28968 0 -4.69364 0 0.0132053 0
0.3065 5.29832 0 -4.70131 0 0.0132269 0
0.307 5.30697 0 -4.70898 0 0.0132485 0
0.3075 5.31561 0 -4.71665 0 0.0132701 0
0.308 5.32425 0 -4.72432 0 0.0132917 0
0.3085 5.3329 0 -4.73199 0 0.0133132 0
0.309 5.34154 0 -4.73966 0 0.0133348 0
0.3095 5.35018 0 -4.74733 0 0.0133564 0
0.31 5.35883 0 -4.755 0 0.013378 0
0.3105 5.36747 0 -4.76267 0 0.0133995 0
0.311 5.37611 0 -4.77034 0 0.0134211 0
0.3115 5.38476 0 -4.77801 0 0.0134427 0
0.312 5.3934 0 -4.78568 0 0.0134643 0
0.3125 5.40204 0 -4.79335 0 0.0134858 0
0.313 5.41069 0 -4.80101 0 0.0135074 0
0.3135 5.41933 0 -4.80868 0 0.013529 0
0.314 5.42797 0 -4.81635 0 0.0135506 0
0.3145 5.43662 0 -4.82402 0 0.0135722 0
0.315 5.44526 0 -4.83169 0 0.0135937 0
0.3155 5.4539 0 -4.83936 0 0.0136153 0
0.316 5.46255 0 -4.84703 0 0.0136369 0
0.3165 5.47119 0 -4.8547 0 0.0136585 0
0.317 5.47983 0 -4.86237 0 0.01368 0
0.3175 5.48848 0 -4.87004 0 0.0137016 0
0.318 5.49712 0 -4.87771 0 0.0137232 0
0.3185 5.50576 0 -4.88538 0 0.0137448 0
0.319 5.51441 0 -4.89305 0 0.0137664 0
0.3195 5.52305 0 -4.90072 0 0.0137879 0
0.32 5.53169 0 -4.90839 0 0.0138095 0
0.3205 5.54034 0 -4.91606 0 0.0138311 0
0.321 5.54898 0 -4.92372 0 0.0138527 0
0.3215 5.55762 0 -4.93139 0 0.0138742 0
0.322 5.56627 0 -4.93906 0 0.0138958 0
0.3225 5.57491 0 -4.94673 0 0.0139174 0
0.323 5.58355 0 -4.9544 0 0.013939 0
0.3235 5.5922 0 -4.96207 0 0.0139606 0
0.324 5.60084 0 -4.96974 0 0.0139821 0
0.3245 5.60948 0 -4.97741 0 0.0140037 0
0.325 5.61813 0 -4.98508 0 0.0140253 0
0.3255 5.62677 0 -4.99275 0 0.0140469 0
0.326 5.63541 0 -5.00042 0 0.0140684 0
0.3265 5.64406 0 -5.00809 0 0.01409 0
0.327 5.6527 0 -5.01576 0 0.0141116 0
0.3275 5.66134 0 -5.02343 0 0.0141332 0
0.328 5.66999 0 -5.0311 0 0.0141547 0
0.3285 5.67863 0 -5.03876 0 0.0141763 0
0.329 5.68727 0 -5.04643 0 0.0141979 0
0.3295 5.69592 0 -5.0541 0 0.0142195 0
0.33 5.70456 0 -5.06177 0 0.0142411 0
0.3305 5.7132 0 -5.06944 0 0.0142626 0
0.331 5.72185 0 -5.07711 0 0.0142842 0
0.3315 5.73049 0 -5.08478 0 0.0143058 0
0.332 5.73913 0 -5.09245 0 0.0143274 0
0.3325 5.74778 0 -5.10012 0 0.0143489 0
0.333 5.75642 0 -5.10779 0 0.0143705 0
0.3335 5.76506 0 -5.11546 0 0.0143921 0
0.334 5.7737 0 -5.12313 0 0.0144137 0
0.3345 5.78235 0 -5.1308 0 0.0144353 0
0.335 5.79099 0 -5.13847 0 0.0144568 0
0.3355 5.79963 0 -5.14614 0 0.0144784 0
0.336 5.80828 0 -5.15381 0 0.0145 0
0.3365 5.81692 0 -5.16147 0 0.0145216 0
0.337 5.82556 0 -5.16914 0 0.0145431 0
0.3375 5.83421 0 -5.17681 0 0.0145647 0
0.338 5.84285 0 -5.18448 0 0.0145863 0
0.3385 5.85149 0 -5.19215 0 0.0146079 0
0.339 5.86014 0 -5.19982 0 0.0146294 0
0.3395 5.86878 0 -5.20749 0 0.014651 0
0.34 5.87742 0 -5.21516 0 0.0146726 0
0.3405 5.88607 0 -5.22283 0 0.0146942 0
0.341 5.89471 0 -5.2305 0 0.0147158 0
0.3415 5.90335 0 -5.23817 0 0.0147373 0
0.342 5.912 0 -5.24584 0 0.0147589 0
0.3425 5.92064 0 -5.25351 0 0.0147805 0
0.343 5.92928 0 -5.26118 0 0.0148021 0
0.3435 5.93793 0 -5.26885 0 0.0148236 0
0.344 5.94657 0 -5.27651 0 0.0148452 0
0.3445 5.95521 0 -5.28418 0 0.0148668 0
0.345 5.96386 0 -5.29185 0 0.0148884 0
0.3455 5.9725 0 -5.29952 0 0.01491 0
0.346 5.98114 0 -5.30719 0 0.0149315 0
0.3465 5.98979 0 -5.31486 0 0.0149531 0
0.347 5.99843 0 -5.32253 0 0.0149747 0
0.3475 6.00707 0 -5.3302 0 0.0149963 0
0.348 6.01572 0 -5.33787 0 0.0150178 0
0.3485 6.02436 0 -5.34554 0 0.0150394 0
0.349 6.033 0 -5.35321 0 0.015061 0
0.3495 6.04165 0 -5.36088 0 0.0150826 0
0.35 6.05029 0 -5.36855 0 0.0151042 0
0.3505 6.05893 0 -5.37622 0 0.0151257 0
0.351 6.06758 0 -5.38389 0 0.0151473 0
0.3515 6.07622 0 -5.39156 0 0.0151689 0
0.352 6.08486 0 -5.39922 0 0.0151905 0
0.3525 6.09351 0 -5.40689 0 0.015212 0
0.353 6.10215 0 -5.41456 0 0.0152336 0
0.3535 6.11079 0 -5.42223 0 0.0152552 0
0.354 6.11944 0 -5.4299 0 0.0152768 0
0.3545 6.12808 0 -5.43757 0 0.0152983 0
0.355 6.13672 0 -5.44524 0 0.0153199 0
0.3555 6.14537 0 -5.45291 0 0.0153415 0
0.356 6.15401 0 -5.46058 0 0.0153631 0
0.3565 6.16265 0 -5.46825 0 0.0153847 0
0.357 6.1713 0 -5.47592 0 0.0154062 0
0.3575 6.17994 0 -5.48359 0 0.0154278 0
0.358 6.18858 0 -5.49126 0 0.0154494 0
0.3585 6.19723 0 -5.49893 0 0.015471 0
0.359 6.20587 0 -5.5066 0 0.0154925 0
0.3595 6.21451 0 -5.51426 0 0.0155141 0
0.36 6.22315 0 -5.52193 0 0.0155357 0
0.3605 6.2318 0 -5.5296 0 0.0155573 0
0.361 6.24044 0 -5.53727 0 0.0155789 0
0.3615 6.24908 0 -5.54494 0 0.0156004 0
0.362 6.25773 0 -5.55261 0 0.015622 0
0.3625 6.26637 0 -5.56028 0 0.0156436 0
0.363 6.27501 0 -5.56795 0 0.0156652 0
0.3635 6.28366 0 -5.57562 0 0.0156867 0
0.364 6.2923 0 -5.58329 0 0.0157083 0
0.3645 6.30094 0 -5.59096 0 0.0157299 0
0.365 6.30959 0 -5.59863 0 0.0157515 0
0.3655 6.31823 0 -5.6063 0 0.015773 0
0.366 6.32687 0 -5.61397 0 0.0157946 0
0.3665 6.33552 0 -5.62164 0 0.0158162 0
0.367 6.34416 0 -5.62931 0 0.0158378 0
0.3675 6.3528 0 -5.63697 0 0.0158594 0
0.368 6.36145 0 -5.64464 0 0.0158809 0
0.3685 6.37009 0 -5.65231 0 0.0159025 0
0.369 6.37873 0 -5.65998 0 0.0159241 0
0.3695 6.38738 0 -5.66765 0 0.0159457 0
0.37 6.39602 0 -5.67532 0 0.0159672 0
0.3705 6.40466 0 -5.68299 0 0.0159888 0
0.371 6.41331 0 -5.69066 0 0.0160104 0
0.3715 6.42195 0 -5.69833 0 0.016032 0
0.372 6.43059 0 -5.706 0 0.0160536 0
0.3725 6.43924 0 -5.71367 0 0.0160751 0
0.373 6.44788 0 -5.72134 0 0.0160967 0
0.3735 6.45652 0 -5.72901 0 0.0161183 0
0.374 6.46517 0 -5.73668 0 0.0161399 0
0.3745 6.47381 0 -5.74435 0 0.0161614 0
0.375 6.48245 0 -5.75201 0 0.016183 0
0.3755 6.4911 0 -5.75968 0 0.0162046 0
0.376 6.49974 0 -5.76735 0 0.0162262 0
0.3765 6.50838 0 -5.77502 0 0.0162478 0
0.377 6.51703 0 -5.78269 0 0.0162693 0
0.3775 6.52567 0 -5.79036 0 0.0162909 0
0.378 6.53431 0 -5.79803 0 0.0163125 0
0.3785 6.54296 0 -5.8057 0 0.0163341 0
0.379 6.5516 0 -5.81337 0 0.0163556 0
0.3795 6.56024 0 -5.82104 0 0.0163772 0
0.38 6.56889 0 -5.82871 0 0.0163988 0
0.3805 6.57753 0 -5.83638 0 0.0164204 0
0.381 6.58617 0 -5.84405 0 0.0164419 0
0.3815 6.59482 0 -5.85172 0 0.0164635 0
0.382 6.60346 0 -5.85939 0 0.0164851 0
0.3825 6.6121 0 -5.86706 0 0.0165067 0
0.383 6.62075 0 -5.87472 0 0.0165283 0
0.3835 6.62939 0 -5.88239 0 0.0165498 0
0.384 6.63803 0 -5.89006 0 0.0165714 0
0.3845 6.64668 0 -5.89773 0 0.016593 0
0.385 6.65532 0 -5.9054 0 0.0166146 0
0.3855 6.66396 0 -5.91307 0 0.0166361 0
0.386 6.67261 0 -5.92074 0 0.0166577 0
0.3865 6.68125 0 -5.92841 0 0.0166793 0
0.387 6.68989 0 -5.93608 0 0.0167009 0
0.3875 6.69853 0 -5.94375 0 0.0167225 0
0.388 6.70718 0 -5.95142 0 0.016744 0
0.3885 6.71582 0 -5.95909 0 0.0167656 0
0.389 6.72446 0 -5.96676 0 0.0167872 0
0.3895 6.73311 0 -5.97443 0 0.0168088 0
0.39 6.74175 0 -5.9821 0 0.0168303 0
0.3905 6.75039 0 -5.98976 0 0.0168519 0
0.391 6.75904 0 -5.99743 0 0.0168735 0
0.3915 6.76768 0 -6.0051 0 0.0168951 0
0.392 6.77632 0 -6.01277 0 0.0169166 0
0.3925 6.78497 0 -6.02044 0 0.0169382 0
0.393 6.79361 0 -6.02811 0 0.0169598 0
0.3935 6.80225 0 -6.03578 0 0.0169814 0
0.394 6.8109 0 -6.04345 0 0.017003 0
0.3945 6.81954 0 -6.05112 0 0.0170245 0
0.395 6.82818 0 -6.05879 0 0.0170461 0
0.3955 6.83683 0 -6.06646 0 0.0170677 0
0.396 6.84547 0 -6.07413 0 0.0170893 0
0.3965 6.85411 0 -6.0818 0 0.0171108 0
0.397 6.86276 0 -6.08947 0 0.0171324 0
0.3975 6.8714 0 -6.09714 0 0.017154 0
0.398 6.88004 0 -6.1048 0 0.0171756 0
0.3985 6.88869 0 -6.11247 0 0.0171972 0
0.399 6.89733 0 -6.12014 0 0.0172187 0
0.3995 6.90597 0 -6.12781 0 0.0172403 0
0.4 6.91462 0 -6.13548 0 0.0172619 0
0.4005 6.92326 0 -6.14315 0 0.0172835 0
0.401 6.9319 0 -6.15082 0 0.017305 0
0.4015 6.94055 0 -6.15849 0 0.0173266 0
0.402 6.94919 0 -6.16616 0 0.0173482 0
0.4025 6.95783 0 -6.17383 0 0.0173698 0
0.403 6.96648 0 -6.1815 0 0.0173914 0
0.4035 6.97512 0 -6.18917 0 0.0174129 0
0.404 6.98376 0 -6.19684 0 0.0174345 0
0.4045 6.99241 0 -6.20451 0 0.0174561 0
0.405 7.00105 0 -6.21218 0 0.0174777 0
0.4055 7.00969 0 -6.21985 0 0.0174992 0
0.406 7.01834 0 -6.22751 0 0.0175208 0
0.4065 7.02698 0 -6.23518 0 0.0175424 0
0.407 7.03562 0 -6.24285 0 0.017564 0
0.4075 7.04427 0 -6.25052 0 0.0175855 0
0.408 7.05291 0 -6.25819 0 0.0176071 0
0.4085 7.06155 0 -6.26586 0 0.0176287 0
0.409 7.0702 0 -6.27353 0 0.0176503 0
0.4095 7.07884 0 -6.2812 0 0.0176719 0
0.41 7.08748 0 -6.28887 0 0.0176934 0
0.4105 7.09613 0 -6.29654 0 0.017715 0
0.411 7.10477 0 -6.30421 0 0.0177366 0
0.4115 7.11341 0 -6.31188 0 0.0177582 0
0.412 7.12206 0 -6.31955 0 0.0177797 0
0.4125 7.1307 0 -6.32722 0 0.0178013 0
0.413 7.13934 0 -6.33489 0 0.0178229 0
0.4135 7.14798 0 -6.34255 0 0.0178445 0
0.414 7.15663 0 -6.35022 0 0.0178661 0
0.4145 7.16527 0 -6.35789 0 0.0178876 0
0.415 7.17391 0 -6.36556 0 0.0179092 0
0.4155 7.18256 0 -6.37323 0 0.0179308 0
0.416 7.1912 0 -6.3809 0 0.0179524 0
0.4165 7.19984 0 -6.38857 0 0.0179739 0
0.417 7.20849 0 -6.39624 0 0.0179955 0
0.4175 7.21713 0 -6.40391 0 0.0180171 0
0.418 7.22577 0 -6.41158 0 0.0180387 0
0.4185 7.23442 0 -6.41925 0 0.0180602 0
0.419 7.24306 0 -6.42692 0 0.0180818 0
0.4195 7.2517 0 -6.43459 0 0.0181034 0
0.42 7.26035 0 -6.44226 0 0.018125 0
0.4205 7.26899 0 -6.44993 0 0.0181466 0
0.421 7.27763 0 -6.4576 0 0.0181681 0
0.4215 7.28628 0 -6.46526 0 0.0181897 0
0.422 7.29492 0 -6.47293 0 0.0182113 0
0.4225 7.30356 0 -6.4806 0 0.0182329 0
0.423 7.31221 0 -6.48827 0 0.0182544 0
0.4235 7.32085 0 -6.49594 0 0.018276 0
0.424 7.32949 0 -6.50361 0 0.0182976 0
0.4245 7.33814 0 -6.51128 0 0.0183192 0
0.425 7.34678 0 -6.51895 0 0.0183408 0
0.4255 7.35542 0 -6.52662 0 0.0183623 0
0.426 7.36407 0 -6.53429 0 0.0183839 0
0.4265 7.37271 0 -6.54196 0 0.0184055 0
0.427 7.38135 0 -6.54963 0 0.0184271 0
0.4275 7.39 0 -6.5573 0 0.0184486 0
0.428 7.39864 0 -6.56497 0 0.0184702 0
0.4285 7.40728 0 -6.57264 0 0.0184918 0
0.429 7.41593 0 -6.5803 0 0.0185134 0
0.4295 7.42457 0 -6.58797 0 0.018535 0
0.43 7.43321 0 -6.59564 0 0.0185565 0
0.4305 7.44186 0 -6.60331 0 0.0185781 0
0.431 7.4505 0 -6.61098 0 0.0185997 0
0.4315 7.45914 0 -6.61865 0 0.0186213 0
0.432 7.46779 0 -6.62632 0 0.0186428 0
0.4325 7.47643 0 -6.63399 0 0.0186644 0
0.433 7.48507 0 -6.64166 0 0.018686 0
0.4335 7.49372 0 -6.64933 0 0.0187076 0
0.434 7.50236 0 -6.657 0 0.0187291 0
0.4345 7.511 0 -6.66467 0 0.0187507 0
0.435 7.51965 0 -6.67234 0 0.0187723 0
0.4355 7.52829 0 -6.68001 0 0.0187939 0
0.436 7.53693 0 -6.68768 0 0.0188155 0
0.4365 7.54558 0 -6.69535 0 0.018837 0
0.437 7.55422 0 -6.70301 0 0.0188586 0
0.4375 7.56286 0 -6.71068 0 0.0188802 0
0.438 7.57151 0 -6.71835 0 0.0189018 0
0.4385 7.58015 0 -6.72602 0 0.0189233 0
0.439 7.58879 0 -6.73369 0 0.0189449 0
0.4395 7.59743 0 -6.74136 0 0.0189665 0
0.44 7.60608 0 -6.74903 0 0.0189881 0
0.4405 7.61472 0 -6.7567 0 0.0190097 0
0.441 7.62336 0 -6.76437 0 0.0190312 0
0.4415 7.63201 0 -6.77204 0 0.0190528 0
0.442 7.64065 0 -6.77971 0 0.0190744 0
0.4425 7.64929 0 -6.78738 0 0.019096 0
0.443 7.65794 0 -6.79505 0 0.0191175 0
0.4435 7.66658 0 -6.80272 0 0.0191391 0
0.444 7.67522 0 -6.81039 0 0.0191607 0
0.4445 7.68387 0 -6.81805 0 0.0191823 0
0.445 7.69251 0 -6.82572 0 0.0192038 0
0.4455 7.70115 0 -6.83339 0 0.0192254 0
0.446 7.7098 0 -6.84106 0 0.019247 0
0.4465 7.71844 0 -6.84873 0 0.0192686 0
0.447 7.72708 0 -6.8564 0 0.0192902 0
0.4475 7.73573 0 -6.86407 0 0.0193117 0
0.448 7.74437 0 -6.87174 0 0.0193333 0
0.4485 7.75301 0 -6.87941 0 0.0193549 0
0.449 7.76166 0 -6.88708 0 0.0193765 0
0.4495 7.7703 0 -6.89475 0 0.019398 0
0.45 7.77894 0 -6.90242 0 0.0194196 0
0.4505 7.78759 0 -6.91009 0 0.0194412 0
0.451 7.79623 0 -6.91776 0 0.0194628 0
0.4515 7.80487 0 -6.92543 0 0.0194844 0
0.452 7.81352 0 -6.9331 0 0.0195059 0
0.4525 7.82216 0 -6.94076 0 0.0195275 0
0.453 7.8308 0 -6.94843 0 0.0195491 0
0.4535 7.83945 0 -6.9561 0 0.0195707 0
0.454 7.84809 0 -6.96377 0 0.0195922 0
0.4545 7.85673 0 -6.97144 0 0.0196138 0
0.455 7.86538 0 -6.97911 0 0.0196354 0
0.4555 7.87402 0 -6.98678 0 0.019657 0
0.456 7.88266 0 -6.99445 0 0.0196786 0
0.4565 7.89131 0 -7.00212 0 0.0197001 0
0.457 7.89995 0 -7.00979 0 0.0197217 0
0.4575 7.90859 0 -7.01746 0 0.0197433 0
0.458 7.91724 0 -7.02513 0 0.0197649 0
0.4585 7.92588 0 -7.0328 0 0.0197864 0
0.459 7.93452 0 -7.04047 0 0.019808 0
0.4595 7.94317 0 -7.04814 0 0.0198296 0
0.46 7.95181 0 -7.0558 0 0.0198512 0
0.4605 7.96045 0 -7.06347 0 0.0198727 0
0.461 7.9691 0 -7.07114 0 0.0198943 0
0.4615 7.97774 0 -7.07881 0 0.0199159 0
0.462 7.98638 0 -7.08648 0 0.0199375 0
0.4625 7.99503 0 -7.09415 0 0.0199591 0
0.463 8.00367 0 -7.10182 0 0.0199806 0
0.4635 8.01231 0 -7.10949 0 0.0200022 0
0.464 8.02096 0 -7.11716 0 0.0200238 0
0.4645 8.0296 0 -7.12483 0 0.0200454 0
0.465 8.03824 0 -7.1325 0 0.0200669 0
0.4655 8.04689 0 -7.14017 0 0.0200885 0
0.466 8.05553 0 -7.14784 0 0.0201101 0
0.4665 8.06417 0 -7.15551 0 0.0201317 0
0.467 8.07281 0 -7.16318 0 0.0201533 0
0.4675 8.08146 0 -7.17085 0 0.0201748 0
0.468 8.0901 0 -7.17851 0 0.0201964 0
0.4685 8.09874 0 -7.18618 0 0.020218 0
0.469 8.10739 0 -7.19385 0 0.0202396 0
0.4695 8.11603 0 -7.20152 0 0.0202611 0
0.47 8.12467 0 -7.20919 0 0.0202827 0
0.4705 8.13332 0 -7.21686 0 0.0203043 0
0.471 8.14196 0 -7.22453 0 0.0203259 0
0.4715 8.1506 0 -7.2322 0 0.0203474 0
0.472 8.15925 0 -7.23987 0 0.020369 0
0.4725 8.16789 0 -7.24754 0 0.0203906 0
0.473 8.17653 0 -7.25521 0 0.0204122 0
0.4735 8.18518 0 -7.26288 0 0.0204338 0
0.474 8.19382 0 -7.27055 0 0.0204553 0
0.4745 8.20246 0 -7.27822 0 0.0204769 0
0.475 8.21111 0 -7.28589 0 0.0204985 0
0.4755 8.21975 0 -7.29355 0 0.0205201 0
0.476 8.22839 0 -7.30122 0 0.0205416 0
0.4765 8.23704 0 -7.30889 0 0.0205632 0
0.477 8.24568 0 -7.31656 0 0.0205848 0
0.4775 8.25432 0 -7.32423 0 0.0206064 0
0.478 8.26297 0 -7.3319 0 0.020628 0
0.4785 8.27161 0 -7.33957 0 0.0206495 0
0.479 8.28025 0 -7.34724 0 0.0206711 0
0.4795 8.2889 0 -7.35491 0 0.0206927 0
0.48 8.29754 0 -7.36258 0 0.0207143 0
0.4805 8.30618 0 -7.37025 0 0.0207358 0
0.481 8.31483 0 -7.37792 0 0.0207574 0
0.4815 8.32347 0 -7.38559 0 0.020779 0
0.482 8.33211 0 -7.39326 0 0.0208006 0
0.4825 8.34076 0 -7.40093 0 0.0208222 0
0.483 8.3494 0 -7.4086 0 0.0208437 0
0.4835 8.35804 0 -7.41626 0 0.0208653 0
0.484 8.36669 0 -7.42393 0 0.0208869 0
0.4845 8.37533 0 -7.4316 0 0.0209085 0
0.485 8.38397 0 -7.43927 0 0.02093 0
0.4855 8.39262 0 -7.44694 0 0.0209516 0
0.486 8.40126 0 -7.45461 0 0.0209732 0
0.4865 8.4099 0 -7.46228 0 0.0209948 0
0.487 8.41855 0 -7.46995 0 0.0210163 0
0.4875 8.42719 0 -7.47762 0 0.0210379 0
0.488 8.43583 0 -7.48529 0 0.0210595 0
0.4885 8.44448 0 -7.49296 0 0.0210811 0
0.489 8.45312 0 -7.50063 0 0.0211027 0
0.4895 8.46176 0 -7.5083 0 0.0211242 0
0.49 8.47041 0 -7.51597 0 0.0211458 0
0.4905 8.47905 0 -7.52364 0 0.0211674 0
0.491 8.48769 0 -7.5313 0 0.021189 0
0.4915 8.49634 0 -7.53897 0 0.0212105 0
0.492 8.50498 0 -7.54664 0 0.0212321 0
0.4925 8.51362 0 -7.55431 0 0.0212537 0
0.493 8.52226 0 -7.56198 0 0.0212753 0
0.4935 8.53091 0 -7.56965 0 0.0212969 0
0.494 8.53955 0 -7.57732 0 0.0213184 0
0.4945 8.54819 0 -7.58499 0 0.02134 0
0.495 8.55684 0 -7.59266 0 0.0213616 0
0.4955 8.56548 0 -7.60033 0 0.0213832 0
0.496 8.57412 0 -7.608 0 0.0214047 0
0.4965 8.58277 0 -7.61567 0 0.0214263 0
0.497 8.59141 0 -7.62334 0 0.0214479 0
0.4975 8.60005 0 -7.63101 0 0.0214695 0
0.498 8.6087 0 -7.63868 0 0.021491 0
0.4985 8.61734 0 -7.64634 0 0.0215126 0
0.499 8.62598 0 -7.65401 0 0.0215342 0
0.4995 8.63463 0 -7.66168 0 0.0215558 0
0.5 8.64327 0 -7.66935 0 0.0215774 0
0.5005 8.65191 0 -7.67702 0 0.0215989 0
0.501 8.66056 0 -7.68469 0 0.0216205 0
0.5015 8.6692 0 -7.69236 0 0.0216421 0
0.502 8.67784 0 -7.70003 0 0.0216637 0
0.5025 8.68649 0 -7.7077 0 0.0216852 0
0.503 8.69513 0 -7.71537 0 0.0217068 0
0.5035 8.70377 0 -7.72304 0 0.0217284 0
0.504 8.71242 0 -7.73071 0 0.02175 0
0.5045 8.72106 0 -7.73838 0 0.0217716 0
0.505 8.7297 0 -7.74605 0 0.0217931 0
0.5055 8.73835 0 -7.75372 0 0.0218147 0
0.506 8.74699 0 -7.76139 0 0.0218363 0
0.5065 8.75563 0 -7.76905 0 0.0218579 0
0.507 8.76428 0 -7.77672 0 0.0218794 0
0.5075 8.77292 0 -7.78439 0 0.021901 0
0.508 8.78156 0 -7.79206 0 0.0219226 0
0.5085 8.79021 0 -7.79973 0 0.0219442 0
0.509 8.79885 0 -7.8074 0 0.0219658 0
0.5095 8.80749 0 -7.81507 0 0.0219873 0
0.51 8.81614 0 -7.82274 0 0.0220089 0
0.5105 8.82478 0 -7.83041 0 0.0220305 0
0.511 8.83342 0 -7.83808 0 0.0220521 0
0.5115 8.84207 0 -7.84575 0 0.0220736 0
0.512 8.85071 0 -7.85342 0 0.0220952 0
0.5125 8.85935 0 -7.86109 0 0.0221168 0
0.513 8.868 0 -7.86876 0 0.0221384 0
0.5135 8.87664 0 -7.87643 0 0.0221599 0
0.514 8.88528 0 -7.88409 0 0.0221815 0
0.5145 8.89393 0 -7.89176 0 0.0222031 0
0.515 8.90257 0 -7.89943 0 0.0222247 0
0.5155 8.91121 0 -7.9071 0 0.0222463 0
0.516 8.91986 0 -7.91477 0 0.0222678 0
0.5165 8.9285 0 -7.92244 0 0.0222894 0
0.517 8.93714 0 -7.93011 0 0.022311 0
0.5175 8.94579 0 -7.93778 0 0.0223326 0
0.518 8.95443 0 -7.94545 0 0.0223541 0
0.5185 8.96307 0 -7.95312 0 0.0223757 0
0.519 8.97172 0 -7.96079 0 0.0223973 0
0.5195 8.98036 0 -7.96846 0 0.0224189 0
0.52 8.989 0 -7.97613 0 0.0224405 0
0.5205 8.99764 0 -7.9838 0 0.022462 0
0.521 9.00629 0 -7.99147 0 0.0224836 0
0.5215 9.01493 0 -7.99914 0 0.0225052 0
0.522 9.02357 0 -8.0068 0 0.0225268 0
0.5225 9.03222 0 -8.01447 0 0.0225483 0
0.523 9.04086 0 -8.02214 0 0.0225699 0
0.5235 9.0495 0 -8.02981 0 0.0225915 0
0.524 9.05815 0 -8.03748 0 0.0226131 0
0.5245 9.06679 0 -8.04515 0 0.0226346 0
0.525 9.07543 0 -8.05282 0 0.0226562 0
0.5255 9.08408 0 -8.06049 0 0.0226778 0
0.526 9.09272 0 -8.06816 0 0.0226994 0
0.5265 9.10136 0 -8.07583 0 0.022721 0
0.527 9.11001 0 -8.0835 0 0.0227425 0
0.5275 9.11865 0 -8.09117 0 0.0227641 0
0.528 9.12729 0 -8.09884 0 0.0227857 0
0.5285 9.13594 0 -8.10651 0 0.0228073 0
0.529 9.14458 0 -8.11418 0 0.0228288 0
0.5295 9.15322 0 -8.12184 0 0.0228504 0
0.53 9.16187 0 -8.12951 0 0.022872 0
0.5305 9.17051 0 -8.13718 0 0.0228936 0
0.531 9.17915 0 -8.14485 0 0.0229152 0
0.5315 9.1878 0 -8.15252 0 0.0229367 0
0.532 9.19644 0 -8.16019 0 0.0229583 0
0.5325 9.20508 0 -8.16786 0 0.0229799 0
0.533 9.21373 0 -8.17553 0 0.0230015 0
0.5335 9.22237 0 -8.1832 0 0.023023 0
0.534 9.23101 0 -8.19087 0 0.0230446 0
0.5345 9.23966 0 -8.19854 0 0.0230662 0
0.535 9.2483 0 -8.20621 0 0.0230878 0
0.5355 9.25694 0 -8.21388 0 0.0231094 0
0.536 9.26559 0 -8.22155 0 0.0231309 0
0.5365 9.27423 0 -8.22922 0 0.0231525 0
0.537 9.28287 0 -8.23689 0 0.0231741 0
0.5375 9.29152 0 -8.24455 0 0.0231957 0
0.538 9.30016 0 -8.25222 0 0.0232172 0
0.5385 9.3088 0 -8.25989 0 0.0232388 0
0.539 9.31745 0 -8.26756 0 0.0232604 0
0.5395 9.32609 0 -8.27523 0 0.023282 0
0.54 9.33473 0 -8.2829 0 0.0233035 0
0.5405 9.34338 0 -8.29057 0 0.0233251 0
0.541 9.35202 0 -8.29824 0 0.0233467 0
0.5415 9.36066 0 -8.30591 0 0.0233683 0
0.542 9.36931 0 -8.31358 0 0.0233899 0
0.5425 9.37795 0 -8.32125 0 0.0234114 0
0.543 9.38659 0 -8.32892 0 0.023433 0
0.5435 9.39524 0 -8.33659 0 0.0234546 0
0.544 9.40388 0 -8.34426 0 0.0234762 0
0.5445 9.41252 0 -8.35193 0 0.0234977 0
0.545 9.42117 0 -8.35959 0 0.0235193 0
0.5455 9.42981 0 -8.36726 0 0.0235409 0
0.546 9.43845 0 -8.37493 0 0.0235625 0
0.5465 9.44709 0 -8.3826 0 0.0235841 0
0.547 9.45574 0 -8.39027 0 0.0236056 0
0.5475 9.46438 0 -8.39794 0 0.0236272 0
0.548 9.47302 0 -8.40561 0 0.0236488 0
0.5485 9.48167 0 -8.41328 0 0.0236704 0
0.549 9.49031 0 -8.42095 0 0.0236919 0
0.5495 9.49895 0 -8.42862 0 0.0237135 0
0.55 9.5076 0 -8.43629 0 0.0237351 0
0.5505 9.51624 0 -8.44396 0 0.0237567 0
0.551 9.52488 0 -8.45163 0 0.0237782 0
0.5515 9.53353 0 -8.4593 0 0.0237998 0
0.552 9.54217 0 -8.46697 0 0.0238214 0
0.5525 9.55081 0 -8.47464 0 0.023843 0
0.553 9.55946 0 -8.4823 0 0.0238646 0
0.5535 9.5681 0 -8.48997 0 0.0238861 0
0.554 9.57674 0 -8.49764 0 0.0239077 0
0.5545 9.58539 0 -8.50531 0 0.0239293 0
0.555 9.59403 0 -8.51298 0 0.0239509 0
0.5555 9.60267 0 -8.52065 0 0.0239724 0
0.556 9.61132 0 -8.52832 0 0.023994 0
0.5565 9.61996 0 -8.53599 0 0.0240156 0
0.557 9.6286 0 -8.54366 0 0.0240372 0
0.5575 9.63725 0 -8.55133 0 0.0240588 0
0.558 9.64589 0 -8.559 0 0.0240803 0
0.5585 9.65453 0 -8.56667 0 0.0241019 0
0.559 9.66318 0 -8.57434 0 0.0241235 0
0.5595 9.67182 0 -8.58201 0 0.0241451 0
0.56 9.68046 0 -8.58968 0 0.0241666 0
0.5605 9.68911 0 -8.59734 0 0.0241882 0
0.561 9.69775 0 -8.60501 0 0.0242098 0
0.5615 9.70639 0 -8.61268 0 0.0242314 0
0.562 9.71504 0 -8.62035 0 0.024253 0
0.5625 9.72368 0 -8.62802 0 0.0242745 0
0.563 9.73232 0 -8.63569 0 0.0242961 0
0.5635 9.74097 0 -8.64336 0 0.0243177 0
0.564 9.74961 0 -8.65103 0 0.0243393 0
0.5645 9.75825 0 -8.6587 0 0.0243608 0
0.565 9.7669 0 -8.66637 0 0.0243824 0
0.5655 9.77554 0 -8.67404 0 0.024404 0
0.566 9.78418 0 -8.68171 0 0.0244256 0
0.5665 9.79283 0 -8.68938 0 0.0244471 0
0.567 9.80147 0 -8.69705 0 0.0244687 0
0.5675 9.81011 0 -8.70472 0 0.0244903 0
0.568 9.81876 0 -8.71239 0 0.0245119 0
0.5685 9.8274 0 -8.72005 0 0.0245335 0
0.569 9.83604 0 -8.72772 0 0.024555 0
0.5695 9.84469 0 -8.73539 0 0.0245766 0
0.57 9.85333 0 -8.74306 0 0.0245982 0
0.5705 9.86197 0 -8.75073 0 0.0246198 0
0.571 9.87062 0 -8.7584 0 0.0246413 0
0.5715 9.87926 0 -8.76607 0 0.0246629 0
0.572 9.8879 0 -8.77374 0 0.0246845 0
0.5725 9.89655 0 -8.78141 0 0.0247061 0
0.573 9.90519 0 -8.78908 0 0.0247277 0
0.5735 9.91383 0 -8.79675 0 0.0247492 0
0.574 9.92247 0 -8.80442 0 0.0247708 0
0.5745 9.93112 0 -8.81209 0 0.0247924 0
0.575 9.93976 0 -8.81976 0 0.024814 0
0.5755 9.9484 0 -8.82743 0 0.0248355 0
0.576 9.95705 0 -8.83509 0 0.0248571 0
0.5765 9.96569 0 -8.84276 0 0.0248787 0
0.577 9.97433 0 -8.85043 0 0.0249003 0
0.5775 9.98298 0 -8.8581 0 0.0249218 0
0.578 9.99162 0 -8.86577 0 0.0249434 0
0.5785 10.0003 0 -8.87344 0 0.024965 0
0.579 10.0089 0 -8.88111 0 0.0249866 0
0.5795 10.0176 0 -8.88878 0 0.0250082 0
0.58 10.0262 0 -8.89645 0 0.0250297 0
0.5805 10.0348 0 -8.90412 0 0.0250513 0
0.581 10.0435 0 -8.91179 0 0.0250729 0
0.5815 10.0521 0 -8.91946 0 0.0250945 0
0.582 10.0608 0 -8.92713 0 0.025116 0
0.5825 10.0694 0 -8.9348 0 0.0251376 0
0.583 10.0781 0 -8.94247 0 0.0251592 0
0.5835 10.0867 0 -8.95013 0 0.0251808 0
0.584 10.0953 0 -8.9578 0 0.0252024 0
0.5845 10.104 0 -8.96547 0 0.0252239 0
0.585 10.1126 0 -8.97314 0 0.0252455 0
0.5855 10.1213 0 -8.98081 0 0.0252671 0
0.586 10.1299 0 -8.98848 0 0.0252887 0
0.5865 10.1386 0 -8.99615 0 0.0253102 0
0.587 10.1472 0 -9.00382 0 0.0253318 0
0.5875 10.1558 0 -9.01149 0 0.0253534 0
0.588 10.1645 0 -9.01916 0 0.025375 0
0.5885 10.1731 0 -9.02683 0 0.0253965 0
0.589 10.1818 0 -9.0345 0 0.0254181 0
0.5895 10.1904 0 -9.04217 0 0.0254397 0
0.59 10.1991 0 -9.04984 0 0.0254613 0
0.5905 10.2077 0 -9.05751 0 0.0254829 0
0.591 10.2163 0 -9.06518 0 0.0255044 0
0.5915 10.225 0 -9.07284 0 0.025526 0
0.592 10.2336 0 -9.08051 0 0.0255476 0
0.5925 10.2423 0 -9.08818 0 0.0255692 0
0.593 10.2509 0 -9.09585 0 0.0255907 0
0.5935 10.2596 0 -9.10352 0 0.0256123 0
0.594 10.2682 0 -9.11119 0 0.0256339 0
0.5945 10.2768 0 -9.11886 0 0.0256555 0
0.595 10.2855 0 -9.12653 0 0.0256771 0
0.5955 10.2941 0 -9.1342 0 0.0256986 0
0.596 10.3028 0 -9.14187 0 0.0257202 0
0.5965 10.3114 0 -9.14954 0 0.0257418 0
0.597 10.3201 0 -9.15721 0 0.0257634 0
0.5975 10.3287 0 -9.16488 0 0.0257849 0
0.598 10.3374 0 -9.17255 0 0.0258065 0
0.5985 10.346 0 -9.18022 0 0.0258281 0
0.599 10.3546 0 -9.18788 0 0.0258497 0
0.5995 10.3633 0 -9.19555 0 0.0258713 0
0.6 10.3719 0 -9.20322 0 0.0258928 0
0.6005 10.3806 0 -9.21089 0 0.0259144 0
0.601 10.3892 0 -9.21856 0 0.025936 0
0.6015 10.3979 0 -9.22623 0 0.0259576 0
0.602 10.4065 0 -9.2339 0 0.0259791 0
0.6025 10.4151 0 -9.24157 0 0.0260007 0
0.603 10.4238 0 -9.24924 0 0.0260223 0
0.6035 10.4324 0 -9.25691 0 0.0260439 0
0.604 10.4411 0 -9.26458 0 0.0260654 0
0.6045 10.4497 0 -9.27225 0 0.026087 0
0.605 10.4584 0 -9.27992 0 0.0261086 0
0.6055 10.467 0 -9.28759 0 0.0261302 0
0.606 10.4756 0 -9.29526 0 0.0261518 0
0.6065 10.4843 0 -9.30293 0 0.0261733 0
0.607 10.4929 0 -9.31059 0 0.0261949 0
0.6075 10.5016 0 -9.31826 0 0.0262165 0
0.608 10.5102 0 -9.32593 0 0.0262381 0
0.6085 10.5189 0 -9.3336 0 0.0262596 0
0.609 10.5275 0 -9.34127 0 0.0262812 0
0.6095 10.5361 0 -9.34894 0 0.0263028 0
0.61 10.5448 0 -9.35661 0 0.0263244 0
0.6105 10.5534 0 -9.36428 0 0.026346 0
0.611 10.5621 0 -9.37195 0 0.0263675 0
0.6115 10.5707 0 -9.37962 0 0.0263891 0
0.612 10.5794 0 -9.38729 0 0.0264107 0
0.6125 10.588 0 -9.39496 0 0.0264323 0
0.613 10.5966 0 -9.40263 0 0.0264538 0
0.6135 10.6053 0 -9.4103 0 0.0264754 0
0.614 10.6139 0 -9.41797 0 0.026497 0
0.6145 10.6226 0 -9.42563 0 0.0265186 0
0.615 10.6312 0 -9.4333 0 0.0265401 0
0.6155 10.6399 0 -9.44097 0 0.0265617 0
0.616 10.6485 0 -9.44864 0 0.0265833 0
0.6165 10.6572 0 -9.45631 0 0.0266049 0
0.617 10.6658 0 -9.46398 0 0.0266265 0
0.6175 10.6744 0 -9.47165 0 0.026648 0
0.618 10.6831 0 -9.47932 0 0.0266696 0
0.6185 10.6917 0 -9.48699 0 0.0266912 0
0.619 10.7004 0 -9.49466 0 0.0267128 0
0.6195 10.709 0 -9.50233 0 0.0267343 0
0.62 10.7177 0 -9.51 0 0.0267559 0
0.6205 10.7263 0 -9.51767 0 0.0267775 0
0.621 10.7349 0 -9.52534 0 0.0267991 0
0.6215 10.7436 0 -9.53301 0 0.0268207 0
0.622 10.7522 0 -9.54068 0 0.0268422 0
0.6225 10.7609 0 -9.54834 0 0.0268638 0
0.623 10.7695 0 -9.55601 0 0.0268854 0
0.6235 10.7782 0 -9.56368 0 0.026907 0
0.624 10.7868 0 -9.57135 0 0.0269285 0
0.6245 10.7954 0 -9.57902 0 0.0269501 0
0.625 10.8041 0 -9.58669 0 0.0269717 0
0.6255 10.8127 0 -9.59436 0 0.0269933 0
0.626 10.8214 0 -9.60203 0 0.0270149 0
0.6265 10.83 0 -9.6097 0 0.0270364 0
0.627 10.8387 0 -9.61737 0 0.027058 0
0.6275 10.8473 0 -9.62504 0 0.0270796 0
0.628 10.8559 0 -9.63271 0 0.0271012 0
0.6285 10.8646 0 -9.64038 0 0.0271227 0
0.629 10.8732 0 -9.64805 0 0.0271443 0
0.6295 10.8819 0 -9.65572 0 0.0271659 0
0.63 10.8905 0 -9.66338 0 0.0271875 0
0.6305 10.8992 0 -9.67105 0 0.027209 0
0.631 10.9078 0 -9.67872 0 0.0272306 0
0.6315 10.9165 0 -9.68639 0 0.0272522 0
0.632 10.9251 0 -9.69406 0 0.0272738 0
0.6325 10.9337 0 -9.70173 0 0.0272954 0
0.633 10.9424 0 -9.7094 0 0.0273169 0
0.6335 10.951 0 -9.71707 0 0.0273385 0
0.634 10.9597 0 -9.72474 0 0.0273601 0
0.6345 10.9683 0 -9.73241 0 0.0273817 0
0.635 10.977 0 -9.74008 0 0.0274032 0
0.6355 10.9856 0 -9.74775 0 0.0274248 0
0.636 10.9942 0 -9.75542 0 0.0274464 0
0.6365 11.0029 0 -9.76309 0 0.027468 0
0.637 11.0115 0 -9.77076 0 0.0274896 0
0.6375 11.0202 0 -9.77843 0 0.0275111 0
0.638 11.0288 0 -9.78609 0 0.0275327 0
0.6385 11.0375 0 -9.79376 0 0.0275543 0
0.639 11.0461 0 -9.80143 0 0.0275759 0
0.6395 11.0547 0 -9.8091 0 0.0275974 0
0.64 11.0634 0 -9.81677 0 0.027619 0
0.6405 11.072 0 -9.82444 0 0.0276406 0
0.641 11.0807 0 -9.83211 0 0.0276622 0
0.6415 11.0893 0 -9.83978 0 0.0276837 0
0.642 11.098 0 -9.84745 0 0.0277053 0
0.6425 11.1066 0 -9.85512 0 0.0277269 0
0.643 11.1152 0 -9.86279 0 0.0277485 0
0.6435 11.1239 0 -9.87046 0 0.0277701 0
0.644 11.1325 0 -9.87813 0 0.0277916 0
0.6445 11.1412 0 -9.8858 0 0.0278132 0
0.645 11.1498 0 -9.89347 0 0.0278348 0
0.6455 11.1585 0 -9.90113 0 0.0278564 0
0.646 11.1671 0 -9.9088 0 0.0278779 0
0.6465 11.1757 0 -9.91647 0 0.0278995 0
0.647 11.1844 0 -9.92414 0 0.0279211 0
0.6475 11.193 0 -9.93181 0 0.0279427 0
0.648 11.2017 0 -9.93948 0 0.0279643 0
0.6485 11.2103 0 -9.94715 0 0.0279858 0
0.649 11.219 0 -9.95482 0 0.0280074 0
0.6495 11.2276 0 -9.96249 0 0.028029 0
0.65 11.2363 0 -9.97016 0 0.0280506 0
0.6505 11.2449 0 -9.97783 0 0.0280721 0
0.651 11.2535 0 -9.9855 0 0.0280937 0
0.6515 11.2622 0 -9.99317 0 0.0281153 0
0.652 11.2708 0 -10.0008 0 0.0281369 0
0.6525 11.2795 0 -10.0085 0 0.0281585 0
0.653 11.2881 0 -10.0162 0 0.02818 0
0.6535 11.2968 0 -10.0238 0 0.0282016 0
0.654 11.3054 0 -10.0315 0 0.0282232 0
0.6545 11.314 0 -10.0392 0 0.0282448 0
0.655 11.3227 0 -10.0469 0 0.0282663 0
0.6555 11.3313 0 -10.0545 0 0.0282879 0
0.656 11.34 0 -10.0622 0 0.0283095 0
0.6565 11.3486 0 -10.0699 0 0.0283311 0
0.657 11.3573 0 -10.0775 0 0.0283526 0
0.6575 11.3659 0 -10.0852 0 0.0283742 0
0.658 11.3745 0 -10.0929 0 0.0283958 0
0.6585 11.3832 0 -10.1005 0 0.0284174 0
0.659 11.3918 0 -10.1082 0 0.028439 0
0.6595 11.4005 0 -10.1159 0 0.0284605 0
0.66 11.4091 0 -10.1235 0 0.0284821 0
0.6605 11.4178 0 -10.1312 0 0.0285037 0
0.661 11.4264 0 -10.1389 0 0.0285253 0
0.6615 11.435 0 -10.1466 0 0.0285468 0
0.662 11.4437 0 -10.1542 0 0.0285684 0
0.6625 11.4523 0 -10.1619 0 0.02859 0
0.663 11.461 0 -10.1696 0 0.0286116 0
0.6635 11.4696 0 -10.1772 0 0.0286332 0
0.664 11.4783 0 -10.1849 0 0.0286547 0
0.6645 11.4869 0 -10.1926 0 0.0286763 0
0.665 11.4956 0 -10.2002 0 0.0286979 0
0.6655 11.5042 0 -10.2079 0 0.0287195 0
0.666 11.5128 0 -10.2156 0 0.028741 0
0.6665 11.5215 0 -10.2232 0 0.0287626 0
0.667 11.5301 0 -10.2309 0 0.0287842 0
0.6675 11.5388 0 -10.2386 0 0.0288058 0
0.668 11.5474 0 -10.2463 0 0.0288273 0
0.6685 11.5561 0 -10.2539 0 0.0288489 0
0.669 11.5647 0 -10.2616 0 0.0288705 0
0.6695 11.5733 0 -10.2693 0 0.0288921 0
0.67 11.582 0 -10.2769 0 0.0289137 0
0.6705 11.5906 0 -10.2846 0 0.0289352 0
0.671 11.5993 0 -10.2923 0 0.0289568 0
0.6715 11.6079 0 -10.2999 0 0.0289784 0
0.672 11.6166 0 -10.3076 0 0.029 0
0.6725 11.6252 0 -10.3153 0 0.0290215 0
0.673 11.6338 0 -10.3229 0 0.0290431 0
0.6735 11.6425 0 -10.3306 0 0.0290647 0
0.674 11.6511 0 -10.3383 0 0.0290863 0
0.6745 11.6598 0 -10.346 0 0.0291079 0
0.675 11.6684 0 -10.3536 0 0.0291294 0
0.6755 11.6771 0 -10.3613 0 0.029151 0
0.676 11.6857 0 -10.369 0 0.0291726 0
0.6765 11.6943 0 -10.3766 0 0.0291942 0
0.677 11.703 0 -10.3843 0 0.0292157 0
0.6775 11.7116 0 -10.392 0 0.0292373 0
0.678 11.7203 0 -10.3996 0 0.0292589 0
0.6785 11.7289 0 -10.4073 0 0.0292805 0
0.679 11.7376 0 -10.415 0 0.0293021 0
0.6795 11.7462 0 -10.4227 0 0.0293236 0
0.68 11.7548 0 -10.4303 0 0.0293452 0
0.6805 11.7635 0 -10.438 0 0.0293668 0
0.681 11.7721 0 -10.4457 0 0.0293884 0
0.6815 11.7808 0 -10.4533 0 0.0294099 0
0.682 11.7894 0 -10.461 0 0.0294315 0
0.6825 11.7981 0 -10.4687 0 0.0294531 0
0.683 11.8067 0 -10.4763 0 0.0294747 0
0.6835 11.8154 0 -10.484 0 0.0294962 0
0.684 11.824 0 -10.4917 0 0.0295178 0
0.6845 11.8326 0 -10.4993 0 0.0295394 0
0.685 11.8413 0 -10.507 0 0.029561 0
0.6855 11.8499 0 -10.5147 0 0.0295826 0
0.686 11.8586 0 -10.5224 0 0.0296041 0
0.6865 11.8672 0 -10.53 0 0.0296257 0
0.687 11.8759 0 -10.5377 0 0.0296473 0
0.6875 11.8845 0 -10.5454 0 0.0296689 0
0.688 11.8931 0 -10.553 0 0.0296904 0
0.6885 11.9018 0 -10.5607 0 0.029712 0
0.689 11.9104 0 -10.5684 0 0.0297336 0
0.6895 11.9191 0 -10.576 0 0.0297552 0
0.69 11.9277 0 -10.5837 0 0.0297768 0
0.6905 11.9364 0 -10.5914 0 0.0297983 0
0.691 11.945 0 -10.599 0 0.0298199 0
0.6915 11.9536 0 -10.6067 0 0.0298415 0
0.692 11.9623 0 -10.6144 0 0.0298631 0
0.6925 11.9709 0 -10.6221 0 0.0298846 0
0.693 11.9796 0 -10.6297 0 0.0299062 0
0.6935 11.9882 0 -10.6374 0 0.0299278 0
0.694 11.9969 0 -10.6451 0 0.0299494 0
0.6945 12.0055 0 -10.6527 0 0.0299709 0
0.695 12.0141 0 -10.6604 0 0.0299925 0
0.6955 12.0228 0 -10.6681 0 0.0300141 0
0.696 12.0314 0 -10.6757 0 0.0300357 0
0.6965 12.0401 0 -10.6834 0 0.0300573 0
0.697 12.0487 0 -10.6911 0 0.0300788 0
0.6975 12.0574 0 -10.6987 0 0.0301004 0
0.698 12.066 0 -10.7064 0 0.030122 0
0.6985 12.0746 0 -10.7141 0 0.0301436 0
0.699 12.0833 0 -10.7218 0 0.0301651 0
0.6995 12.0919 0 -10.7294 0 0.0301867 0
0.7 12.1006 0 -10.7371 0 0.0302083 0
0.7005 12.1092 0 -10.7448 0 0.0302299 0
0.701 12.1179 0 -10.7524 0 0.0302515 0
0.7015 12.1265 0 -10.7601 0 0.030273 0
0.702 12.1352 0 -10.7678 0 0.0302946 0
0.7025 12.1438 0 -10.7754 0 0.0303162 0
0.703 12.1524 0 -10.7831 0 0.0303378 0
0.7035 12.1611 0 -10.7908 0 0.0303593 0
0.704 12.1697 0 -10.7984 0 0.0303809 0
0.7045 12.1784 0 -10.8061 0 0.0304025 0
0.705 12.187 0 -10.8138 0 0.0304241 0
0.7055 12.1957 0 -10.8215 0 0.0304457 0
0.706 12.2043 0 -10.8291 0 0.0304672 0
0.7065 12.2129 0 -10.8368 0 0.0304888 0
0.707 12.2216 0 -10.8445 0 0.0305104 0
0.7075 12.2302 0 -10.8521 0 0.030532 0
0.708 12.2389 0 -10.8598 0 0.0305535 0
0.7085 12.2475 0 -10.8675 0 0.0305751 0
0.709 12.2562 0 -10.8751 0 0.0305967 0
0.7095 12.2648 0 -10.8828 0 0.0306183 0
0.71 12.2734 0 -10.8905 0 0.0306398 0
0.7105 12.2821 0 -10.8982 0 0.0306614 0
0.711 12.2907 0 -10.9058 0 0.030683 0
0.7115 12.2994 0 -10.9135 0 0.0307046 0
0.712 12.308 0 -10.9212 0 0.0307262 0
0.7125 12.3167 0 -10.9288 0 0.0307477 0
0.713 12.3253 0 -10.9365 0 0.0307693 0
0.7135 12.3339 0 -10.9442 0 0.0307909 0
0.714 12.3426 0 -10.9518 0 0.0308125 0
0.7145 12.3512 0 -10.9595 0 0.030834 0
0.715 12.3599 0 -10.9672 0 0.0308556 0
0.7155 12.3685 0 -10.9748 0 0.0308772 0
0.716 12.3772 0 -10.9825 0 0.0308988 0
0.7165 12.3858 0 -10.9902 0 0.0309204 0
0.717 12.3945 0 -10.9979 0 0.0309419 0
0.7175 12.4031 0 -11.0055 0 0.0309635 0
0.718 12.4117 0 -11.0132 0 0.0309851 0
0.7185 12.4204 0 -11.0209 0 0.0310067 0
0.719 12.429 0 -11.0285 0 0.0310282 0
0.7195 12.4377 0 -11.0362 0 0.0310498 0
0.72 12.4463 0 -11.0439 0 0.0310714 0
0.7205 12.455 0 -11.0515 0 0.031093 0
0.721 12.4636 0 -11.0592 0 0.0311145 0
0.7215 12.4722 0 -11.0669 0 0.0311361 0
0.722 12.4809 0 -11.0745 0 0.0311577 0
0.7225 12.4895 0 -11.0822 0 0.0311793 0
0.723 12.4982 0 -11.0899 0 0.0312009 0
0.7235 12.5068 0 -11.0976 0 0.0312224 0
0.724 12.5155 0 -11.1052 0 0.031244 0
0.7245 12.5241 0 -11.1129 0 0.0312656 0
0.725 12.5327 0 -11.1206 0 0.0312872 0
0.7255 12.5414 0 -11.1282 0 0.0313087 0
0.726 12.55 0 -11.1359 0 0.0313303 0
0.7265 12.5587 0 -11.1436 0 0.0313519 0
0.727 12.5673 0 -11.1512 0 0.0313735 0
0.7275 12.576 0 -11.1589 0 0.0313951 0
0.728 12.5846 0 -11.1666 0 0.0314166 0
0.7285 12.5932 0 -11.1742 0 0.0314382 0
0.729 12.6019 0 -11.1819 0 0.0314598 0
0.7295 12.6105 0 -11.1896 0 0.0314814 0
0.73 12.6192 0 -11.1973 0 0.0315029 0
0.7305 12.6278 0 -11.2049 0 0.0315245 0
0.731 12.6365 0 -11.2126 0 0.0315461 0
0.7315 12.6451 0 -11.2203 0 0.0315677 0
0.732 12.6537 0 -11.2279 0 0.0315893 0
0.7325 12.6624 0 -11.2356 0 0.0316108 0
0.733 12.671 0 -11.2433 0 0.0316324 0
0.7335 12.6797 0 -11.2509 0 0.031654 0
0.734 12.6883 0 -11.2586 0 0.0316756 0
0.7345 12.697 0 -11.2663 0 0.0316971 0
0.735 12.7056 0 -11.2739 0 0.0317187 0
0.7355 12.7143 0 -11.2816 0 0.0317403 0
0.736 12.7229 0 -11.2893 0 0.0317619 0
0.7365 12.7315 0 -11.297 0 0.0317834 0
0.737 12.7402 0 -11.3046 0 0.031805 0
0.7375 12.7488 0 -11.3123 0 0.0318266 0
0.738 12.7575 0 -11.32 0 0.0318482 0
0.7385 12.7661 0 -11.3276 0 0.0318698 0
0.739 12.7748 0 -11.3353 0 0.0318913 0
0.7395 12.7834 0 -11.343 0 0.0319129 0
0.74 12.792 0 -11.3506 0 0.0319345 0
0.7405 12.8007 0 -11.3583 0 0.0319561 0
0.741 12.8093 0 -11.366 0 0.0319776 0
0.7415 12.818 0 -11.3737 0 0.0319992 0
0.742 12.8266 0 -11.3813 0 0.0320208 0
0.7425 12.8353 0 -11.389 0 0.0320424 0
0.743 12.8439 0 -11.3967 0 0.032064 0
0.7435 12.8525 0 -11.4043 0 0.0320855 0
0.744 12.8612 0 -11.412 0 0.0321071 0
0.7445 12.8698 0 -11.4197 0 0.0321287 0
0.745 12.8785 0 -11.4273 0 0.0321503 0
0.7455 12.8871 0 -11.435 0 0.0321718 0
0.746 12.8958 0 -11.4427 0 0.0321934 0
0.7465 12.9044 0 -11.4503 0 0.032215 0
0.747 12.913 0 -11.458 0 0.0322366 0
0.7475 12.9217 0 -11.4657 0 0.0322581 0
0.748 12.9303 0 -11.4734 0 0.0322797 0
0.7485 12.939 0 -11.481 0 0.0323013 0
0.749 12.9476 0 -11.4887 0 0.0323229 0
0.7495 12.9563 0 -11.4964 0 0.0323445 0
0.75 12.9649 0 -11.504 0 0.032366 0
0.7505 12.9735 0 -11.5117 0 0.0323876 0
0.751 12.9822 0 -11.5194 0 0.0324092 0
0.7515 12.9908 0 -11.527 0 0.0324308 0
0.752 12.9995 0 -11.5347 0 0.0324523 0
0.7525 13.0081 0 -11.5424 0 0.0324739 0
0.753 13.0168 0 -11.55 0 0.0324955 0
0.7535 13.0254 0 -11.5577 0 0.0325171 0
0.754 13.0341 0 -11.5654 0 0.0325387 0
0.7545 13.0427 0 -11.5731 0 0.0325602 0
0.755 13.0513 0 -11.5807 0 0.0325818 0
0.7555 13.06 0 -11.5884 0 0.0326034 0
0.756 13.0686 0 -11.5961 0 0.032625 0
0.7565 13.0773 0 -11.6037 0 0.0326465 0
0.757 13.0859 0 -11.6114 0 0.0326681 0
0.7575 13.0946 0 -11.6191 0 0.0326897 0
0.758 13.1032 0 -11.6267 0 0.0327113 0
0.7585 13.1118 0 -11.6344 0 0.0327329 0
0.759 13.1205 0 -11.6421 0 0.0327544 0
0.7595 13.1291 0 -11.6497 0 0.032776 0
0.76 13.1378 0 -11.6574 0 0.0327976 0
0.7605 13.1464 0 -11.6651 0 0.0328192 0
0.761 13.1551 0 -11.6728 0 0.0328407 0
0.7615 13.1637 0 -11.6804 0 0.0328623 0
0.762 13.1723 0 -11.6881 0 0.0328839 0
0.7625 13.181 0 -11.6958 0 0.0329055 0
0.763 13.1896 0 -11.7034 0 0.032927 0
0.7635 13.1983 0 -11.7111 0 0.0329486 0
0.764 13.2069 0 -11.7188 0 0.0329702 0
0.7645 13.2156 0 -11.7264 0 0.0329918 0
0.765 13.2242 0 -11.7341 0 0.0330134 0
0.7655 13.2328 0 -11.7418 0 0.0330349 0
0.766 13.2415 0 -11.7494 0 0.0330565 0
0.7665 13.2501 0 -11.7571 0 0.0330781 0
0.767 13.2588 0 -11.7648 0 0.0330997 0
0.7675 13.2674 0 -11.7725 0 0.0331212 0
0.768 13.2761 0 -11.7801 0 0.0331428 0
0.7685 13.2847 0 -11.7878 0 0.0331644 0
0.769 13.2934 0 -11.7955 0 0.033186 0
0.7695 13.302 0 -11.8031 0 0.0332076 0
0.77 13.3106 0 -11.8108 0 0.0332291 0
0.7705 13.3193 0 -11.8185 0 0.0332507 0
0.771 13.3279 0 -11.8261 0 0.0332723 0
0.7715 13.3366 0 -11.8338 0 0.0332939 0
0.772 13.3452 0 -11.8415 0 0.0333154 0
0.7725 13.3539 0 -11.8492 0 0.033337 0
0.773 13.3625 0 -11.8568 0 0.0333586 0
0.7735 13.3711 0 -11.8645 0 0.0333802 0
0.774 13.3798 0 -11.8722 0 0.0334017 0
0.7745 13.3884 0 -11.8798 0 0.0334233 0
0.775 13.3971 0 -11.8875 0 0.0334449 0
0.7755 13.4057 0 -11.8952 0 0.0334665 0
0.776 13.4144 0 -11.9028 0 0.0334881 0
0.7765 13.423 0 -11.9105 0 0.0335096 0
0.777 13.4316 0 -11.9182 0 0.0335312 0
0.7775 13.4403 0 -11.9258 0 0.0335528 0
0.778 13.4489 0 -11.9335 0 0.0335744 0
0.7785 13.4576 0 -11.9412 0 0.0335959 0
0.779 13.4662 0 -11.9489 0 0.0336175 0
0.7795 13.4749 0 -11.9565 0 0.0336391 0
0.78 13.4835 0 -11.9642 0 0.0336607 0
0.7805 13.4921 0 -11.9719 0 0.0336823 0
0.781 13.5008 0 -11.9795 0 0.0337038 0
0.7815 13.5094 0 -11.9872 0 0.0337254 0
0.782 13.5181 0 -11.9949 0 0.033747 0
0.7825 13.5267 0 -12.0025 0 0.0337686 0
0.783 13.5354 0 -12.0102 0 0.0337901 0
0.7835 13.544 0 -12.0179 0 0.0338117 0
0.784 13.5526 0 -12.0255 0 0.0338333 0
0.7845 13.5613 0 -12.0332 0 0.0338549 0
0.785 13.5699 0 -12.0409 0 0.0338765 0
0.7855 13.5786 0 -12.0486 0 0.033898 0
0.786 13.5872 0 -12.0562 0 0.0339196 0
0.7865 13.5959 0 -12.0639 0 0.0339412 0
0.787 13.6045 0 -12.0716 0 0.0339628 0
0.7875 13.6132 0 -12.0792 0 0.0339843 0
0.788 13.6218 0 -12.0869 0 0.0340059 0
0.7885 13.6304 0 -12.0946 0 0.0340275 0
0.789 13.6391 0 -12.1022 0 0.0340491 0
0.7895 13.6477 0 -12.1099 0 0.0340706 0
0.79 13.6564 0 -12.1176 0 0.0340922 0
0.7905 13.665 0 -12.1252 0 0.0341138 0
0.791 13.6737 0 -12.1329 0 0.0341354 0
0.7915 13.6823 0 -12.1406 0 0.034157 0
0.792 13.6909 0 -12.1483 0 0.0341785 0
0.7925 13.6996 0 -12.1559 0 0.0342001 0
0.793 13.7082 0 -12.1636 0 0.0342217 0
0.7935 13.7169 0 -12.1713 0 0.0342433 0
0.794 13.7255 0 -12.1789 0 0.0342648 0
0.7945 13.7342 0 -12.1866 0 0.0342864 0
0.795 13.7428 0 -12.1943 0 0.034308 0
0.7955 13.7514 0 -12.2019 0 0.0343296 0
0.796 13.7601 0 -12.2096 0 0.0343512 0
0.7965 13.7687 0 -12.2173 0 0.0343727 0
0.797 13.7774 0 -12.2249 0 0.0343943 0
0.7975 13.786 0 -12.2326 0 0.0344159 0
0.798 13.7947 0 -12.2403 0 0.0344375 0
0.7985 13.8033 0 -12.248 0 0.034459 0
0.799 13.8119 0 -12.2556 0 0.0344806 0
0.7995 13.8206 0 -12.2633 0 0.0345022 0
0.8 13.8292 0 -12.271 0 0.0345238 0
0.8005 13.8379 0 -12.2786 0 0.0345453 0
0.801 13.8465 0 -12.2863 0 0.0345669 0
0.8015 13.8552 0 -12.294 0 0.0345885 0
0.802 13.8638 0 -12.3016 0 0.0346101 0
0.8025 13.8724 0 -12.3093 0 0.0346317 0
0.803 13.8811 0 -12.317 0 0.0346532 0
0.8035 13.8897 0 -12.3247 0 0.0346748 0
0.804 13.8984 0 -12.3323 0 0.0346964 0
0.8045 13.907 0 -12.34 0 0.034718 0
0.805 13.9157 0 -12.3477 0 0.0347395 0
0.8055 13.9243 0 -12.3553 0 0.0347611 0
0.806 13.933 0 -12.363 0 0.0347827 0
0.8065 13.9416 0 -12.3707 0 0.0348043 0
0.807 13.9502 0 -12.3783 0 0.0348259 0
0.8075 13.9589 0 -12.386 0 0.0348474 0
0.808 13.9675 0 -12.3937 0 0.034869 0
0.8085 13.9762 0 -12.4013 0 0.0348906 0
0.809 13.9848 0 -12.409 0 0.0349122 0
0.8095 13.9935 0 -12.4167 0 0.0349337 0
0.81 14.0021 0 -12.4244 0 0.0349553 0
0.8105 14.0107 0 -12.432 0 0.0349769 0
0.811 14.0194 0 -12.4397 0 0.0349985 0
0.8115 14.028 0 -12.4474 0 0.0350201 0
0.812 14.0367 0 -12.455 0 0.0350416 0
0.8125 14.0453 0 -12.4627 0 0.0350632 0
0.813 14.054 0 -12.4704 0 0.0350848 0
0.8135 14.0626 0 -12.478 0 0.0351064 0
0.814 14.0712 0 -12.4857 0 0.0351279 0
0.8145 14.0799 0 -12.4934 0 0.0351495 0
0.815 14.0885 0 -12.501 0 0.0351711 0
0.8155 14.0972 0 -12.5087 0 0.0351927 0
0.816 14.1058 0 -12.5164 0 0.0352142 0
0.8165 14.1145 0 -12.5241 0 0.0352358 0
0.817 14.1231 0 -12.5317 0 0.0352574 0
0.8175 14.1317 0 -12.5394 0 0.035279 0
0.818 14.1404 0 -12.5471 0 0.0353006 0
0.8185 14.149 0 -12.5547 0 0.0353221 0
0.819 14.1577 0 -12.5624 0 0.0353437 0
0.8195 14.1663 0 -12.5701 0 0.0353653 0
0.82 14.175 0 -12.5777 0 0.0353869 0
0.8205 14.1836 0 -12.5854 0 0.0354084 0
0.821 14.1923 0 -12.5931 0 0.03543 0
0.8215 14.2009 0 -12.6007 0 0.0354516 0
0.822 14.2095 0 -12.6084 0 0.0354732 0
0.8225 14.2182 0 -12.6161 0 0.0354948 0
0.823 14.2268 0 -12.6238 0 0.0355163 0
0.8235 14.2355 0 -12.6314 0 0.0355379 0
0.824 14.2441 0 -12.6391 0 0.0355595 0
0.8245 14.2528 0 -12.6468 0 0.0355811 0
0.825 14.2614 0 -12.6544 0 0.0356026 0
0.8255 14.27 0 -12.6621 0 0.0356242 0
0.826 14.2787 0 -12.6698 0 0.0356458 0
0.8265 14.2873 0 -12.6774 0 0.0356674 0
0.827 14.296 0 -12.6851 0 0.0356889 0
0.8275 14.3046 0 -12.6928 0 0.0357105 0
0.828 14.3133 0 -12.7004 0 0.0357321 0
0.8285 14.3219 0 -12.7081 0 0.0357537 0
0.829 14.3305 0 -12.7158 0 0.0357753 0
0.8295 14.3392 0 -12.7235 0 0.0357968 0
0.83 14.3478 0 -12.7311 0 0.0358184 0
0.8305 14.3565 0 -12.7388 0 0.03584 0
0.831 14.3651 0 -12.7465 0 0.0358616 0
0.8315 14.3738 0 -12.7541 0 0.0358831 0
0.832 14.3824 0 -12.7618 0 0.0359047 0
0.8325 14.391 0 -12.7695 0 0.0359263 0
0.833 14.3997 0 -12.7771 0 0.0359479 0
0.8335 14.4083 0 -12.7848 0 0.0359695 0
0.834 14.417 0 -12.7925 0 0.035991 0
0.8345 14.4256 0 -12.8002 0 0.0360126 0
0.835 14.4343 0 -12.8078 0 0.0360342 0
0.8355 14.4429 0 -12.8155 0 0.0360558 0
0.836 14.4515 0 -12.8232 0 0.0360773 0
0.8365 14.4602 0 -12.8308 0 0.0360989 0
0.837 14.4688 0 -12.8385 0 0.0361205 0
0.8375 14.4775 0 -12.8462 0 0.0361421 0
0.838 14.4861 0 -12.8538 0 0.0361637 0
0.8385 14.4948 0 -12.8615 0 0.0361852 0
0.839 14.5034 0 -12.8692 0 0.0362068 0
0.8395 14.5121 0 -12.8768 0 0.0362284 0
0.84 14.5207 0 -12.8845 0 0.03625 0
0.8405 14.5293 0 -12.8922 0 0.0362715 0
0.841 14.538 0 -12.8999 0 0.0362931 0
0.8415 14.5466 0 -12.9075 0 0.0363147 0
0.842 14.5553 0 -12.9152 0 0.0363363 0
0.8425 14.5639 0 -12.9229 0 0.0363578 0
0.843 14.5726 0 -12.9305 0 0.0363794 0
0.8435 14.5812 0 -12.9382 0 0.036401 0
0.844 14.5898 0 -12.9459 0 0.0364226 0
0.8445 14.5985 0 -12.9535 0 0.0364442 0
0.845 14.6071 0 -12.9612 0 0.0364657 0
0.8455 14.6158 0 -12.9689 0 0.0364873 0
0.846 14.6244 0 -12.9765 0 0.0365089 0
0.8465 14.6331 0 -12.9842 0 0.0365305 0
0.847 14.6417 0 -12.9919 0 0.036552 0
0.8475 14.6503 0 -12.9996 0 0.0365736 0
0.848 14.659 0 -13.0072 0 0.0365952 0
0.8485 14.6676 0 -13.0149 0 0.0366168 0
0.849 14.6763 0 -13.0226 0 0.0366384 0
0.8495 14.6849 0 -13.0302 0 0.0366599 0
0.85 14.6936 0 -13.0379 0 0.0366815 0
0.8505 14.7022 0 -13.0456 0 0.0367031 0
0.851 14.7108 0 -13.0532 0 0.0367247 0
0.8515 14.7195 0 -13.0609 0 0.0367462 0
0.852 14.7281 0 -13.0686 0 0.0367678 0
0.8525 14.7368 0 -13.0762 0 0.0367894 0
0.853 14.7454 0 -13.0839 0 0.036811 0
0.8535 14.7541 0 -13.0916 0 0.0368325 0
0.854 14.7627 0 -13.0993 0 0.0368541 0
0.8545 14.7713 0 -13.1069 0 0.0368757 0
0.855 14.78 0 -13.1146 0 0.0368973 0
0.8555 14.7886 0 -13.1223 0 0.0369189 0
0.856 14.7973 0 -13.1299 0 0.0369404 0
0.8565 14.8059 0 -13.1376 0 0.036962 0
0.857 14.8146 0 -13.1453 0 0.0369836 0
0.8575 14.8232 0 -13.1529 0 0.0370052 0
0.858 14.8319 0 -13.1606 0 0.0370267 0
0.8585 14.8405 0 -13.1683 0 0.0370483 0
0.859 14.8491 0 -13.1759 0 0.0370699 0
0.8595 14.8578 0 -13.1836 0 0.0370915 0
0.86 14.8664 0 -13.1913 0 0.0371131 0
0.8605 14.8751 0 -13.199 0 0.0371346 0
0.861 14.8837 0 -13.2066 0 0.0371562 0
0.8615 14.8924 0 -13.2143 0 0.0371778 0
0.862 14.901 0 -13.222 0 0.0371994 0
0.8625 14.9096 0 -13.2296 0 0.0372209 0
0.863 14.9183 0 -13.2373 0 0.0372425 0
0.8635 14.9269 0 -13.245 0 0.0372641 0
0.864 14.9356 0 -13.2526 0 0.0372857 0
0.8645 14.9442 0 -13.2603 0 0.0373073 0
0.865 14.9529 0 -13.268 0 0.0373288 0
0.8655 14.9615 0 -13.2757 0 0.0373504 0
0.866 14.9701 0 -13.2833 0 0.037372 0
0.8665 14.9788 0 -13.291 0 0.0373936 0
0.867 14.9874 0 -13.2987 0 0.0374151 0
0.8675 14.9961 0 -13.3063 0 0.0374367 0
0.868 15.0047 0 -13.314 0 0.0374583 0
0.8685 15.0134 0 -13.3217 0 0.0374799 0
0.869 15.022 0 -13.3293 0 0.0375014 0
0.8695 15.0306 0 -13.337 0 0.037523 0
0.87 15.0393 0 -13.3447 0 0.0375446 0
0.8705 15.0479 0 -13.3523 0 0.0375662 0
0.871 15.0566 0 -13.36 0 0.0375878 0
0.8715 15.0652 0 -13.3677 0 0.0376093 0
0.872 15.0739 0 -13.3754 0 0.0376309 0
0.8725 15.0825 0 -13.383 0 0.0376525 0
0.873 15.0912 0 -13.3907 0 0.0376741 0
0.8735 15.0998 0 -13.3984 0 0.0376956 0
0.874 15.1084 0 -13.406 0 0.0377172 0
0.8745 15.1171 0 -13.4137 0 0.0377388 0
0.875 15.1257 0 -13.4214 0 0.0377604 0
0.8755 15.1344 0 -13.429 0 0.037782 0
0.876 15.143 0 -13.4367 0 0.0378035 0
0.8765 15.1517 0 -13.4444 0 0.0378251 0
0.877 15.1603 0 -13.452 0 0.0378467 0
0.8775 15.1689 0 -13.4597 0 0.0378683 0
0.878 15.1776 0 -13.4674 0 0.0378898 0
0.8785 15.1862 0 -13.4751 0 0.0379114 0
0.879 15.1949 0 -13.4827 0 0.037933 0
0.8795 15.2035 0 -13.4904 0 0.0379546 0
0.88 15.2122 0 -13.4981 0 0.0379761 0
0.8805 15.2208 0 -13.5057 0 0.0379977 0
0.881 15.2294 0 -13.5134 0 0.0380193 0
0.8815 15.2381 0 -13.5211 0 0.0380409 0
0.882 15.2467 0 -13.5287 0 0.0380625 0
0.8825 15.2554 0 -13.5364 0 0.038084 0
0.883 15.264 0 -13.5441 0 0.0381056 0
0.8835 15.2727 0 -13.5517 0 0.0381272 0
0.884 15.2813 0 -13.5594 0 0.0381488 0
0.8845 15.2899 0 -13.5671 0 0.0381703 0
0.885 15.2986 0 -13.5748 0 0.0381919 0
0.8855 15.3072 0 -13.5824 0 0.0382135 0
0.886 15.3159 0 -13.5901 0 0.0382351 0
0.8865 15.3245 0 -13.5978 0 0.0382567 0
0.887 15.3332 0 -13.6054 0 0.0382782 0
0.8875 15.3418 0 -13.6131 0 0.0382998 0
0.888 15.3504 0 -13.6208 0 0.0383214 0
0.8885 15.3591 0 -13.6284 0 0.038343 0
0.889 15.3677 0 -13.6361 0 0.0383645 0
0.8895 15.3764 0 -13.6438 0 0.0383861 0
0.89 15.385 0 -13.6514 0 0.0384077 0
0.8905 15.3937 0 -13.6591 0 0.0384293 0
0.891 15.4023 0 -13.6668 0 0.0384509 0
0.8915 15.411 0 -13.6745 0 0.0384724 0
0.892 15.4196 0 -13.6821 0 0.038494 0
0.8925 15.4282 0 -13.6898 0 0.0385156 0
0.893 15.4369 0 -13.6975 0 0.0385372 0
0.8935 15.4455 0 -13.7051 0 0.0385587 0
0.894 15.4542 0 -13.7128 0 0.0385803 0
0.8945 15.4628 0 -13.7205 0 0.0386019 0
0.895 15.4715 0 -13.7281 0 0.0386235 0
0.8955 15.4801 0 -13.7358 0 0.038645 0
0.896 15.4887 0 -13.7435 0 0.0386666 0
0.8965 15.4974 0 -13.7511 0 0.0386882 0
0.897 15.506 0 -13.7588 0 0.0387098 0
0.8975 15.5147 0 -13.7665 0 0.0387314 0
0.898 15.5233 0 -13.7742 0 0.0387529 0
0.8985 15.532 0 -13.7818 0 0.0387745 0
0.899 15.5406 0 -13.7895 0 0.0387961 0
0.8995 15.5492 0 -13.7972 0 0.0388177 0
0.9 15.5579 0 -13.8048 0 0.0388392 0
0.9005 15.5665 0 -13.8125 0 0.0388608 0
0.901 15.5752 0 -13.8202 0 0.0388824 0
0.9015 15.5838 0 -13.8278 0 0.038904 0
0.902 15.5925 0 -13.8355 0 0.0389256 0
0.9025 15.6011 0 -13.8432 0 0.0389471 0
0.903 15.6097 0 -13.8509 0 0.0389687 0
0.9035 15.6184 0 -13.8585 0 0.0389903 0
0.904 15.627 0 -13.8662 0 0.0390119 0
0.9045 15.6357 0 -13.8739 0 0.0390334 0
0.905 15.6443 0 -13.8815 0 0.039055 0
0.9055 15.653 0 -13.8892 0 0.0390766 0
0.906 15.6616 0 -13.8969 0 0.0390982 0
0.9065 15.6702 0 -13.9045 0 0.0391197 0
0.907 15.6789 0 -13.9122 0 0.0391413 0
0.9075 15.6875 0 -13.9199 0 0.0391629 0
0.908 15.6962 0 -13.9275 0 0.0391845 0
0.9085 15.7048 0 -13.9352 0 0.0392061 0
0.909 15.7135 0 -13.9429 0 0.0392276 0
0.9095 15.7221 0 -13.9506 0 0.0392492 0
0.91 15.7308 0 -13.9582 0 0.0392708 0
0.9105 15.7394 0 -13.9659 0 0.0392924 0
0.911 15.748 0 -13.9736 0 0.0393139 0
0.9115 15.7567 0 -13.9812 0 0.0393355 0
0.912 15.7653 0 -13.9889 0 0.0393571 0
0.9125 15.774 0 -13.9966 0 0.0393787 0
0.913 15.7826 0 -14.0042 0 0.0394003 0
0.9135 15.7913 0 -14.0119 0 0.0394218 0
0.914 15.7999 0 -14.0196 0 0.0394434 0
0.9145 15.8085 0 -14.0272 0 0.039465 0
0.915 15.8172 0 -14.0349 0 0.0394866 0
0.9155 15.8258 0 -14.0426 0 0.0395081 0
0.916 15.8345 0 -14.0503 0 0.0395297 0
0.9165 15.8431 0 -14.0579 0 0.0395513 0
0.917 15.8518 0 -14.0656 0 0.0395729 0
0.9175 15.8604 0 -14.0733 0 0.0395945 0
0.918 15.869 0 -14.0809 0 0.039616 0
0.9185 15.8777 0 -14.0886 0 0.0396376 0
0.919 15.8863 0 -14.0963 0 0.0396592 0
0.9195 15.895 0 -14.1039 0 0.0396808 0
0.92 15.9036 0 -14.1116 0 0.0397023 0
0.9205 15.9123 0 -14.1193 0 0.0397239 0
0.921 15.9209 0 -14.1269 0 0.0397455 0
0.9215 15.9295 0 -14.1346 0 0.0397671 0
0.922 15.9382 0 -14.1423 0 0.0397886 0
0.9225 15.9468 0 -14.15 0 0.0398102 0
0.923 15.9555 0 -14.1576 0 0.0398318 0
0.9235 15.9641 0 -14.1653 0 0.0398534 0
0.924 15.9728 0 -14.173 0 0.039875 0
0.9245 15.9814 0 -14.1806 0 0.0398965 0
0.925 15.9901 0 -14.1883 0 0.0399181 0
0.9255 15.9987 0 -14.196 0 0.0399397 0
0.926 16.0073 0 -14.2036 0 0.0399613 0
0.9265 16.016 0 -14.2113 0 0.0399828 0
0.927 16.0246 0 -14.219 0 0.0400044 0
0.9275 16.0333 0 -14.2266 0 0.040026 0
0.928 16.0419 0 -14.2343 0 0.0400476 0
0.9285 16.0506 0 -14.242 0 0.0400692 0
0.929 16.0592 0 -14.2497 0 0.0400907 0
0.9295 16.0678 0 -14.2573 0 0.0401123 0
0.93 16.0765 0 -14.265 0 0.0401339 0
0.9305 16.0851 0 -14.2727 0 0.0401555 0
0.931 16.0938 0 -14.2803 0 0.040177 0
0.9315 16.1024 0 -14.288 0 0.0401986 0
0.932 16.1111 0 -14.2957 0 0.0402202 0
0.9325 16.1197 0 -14.3033 0 0.0402418 0
0.933 16.1283 0 -14.311 0 0.0402633 0
0.9335 16.137 0 -14.3187 0 0.0402849 0
0.934 16.1456 0 -14.3264 0 0.0403065 0
0.9345 16.1543 0 -14.334 0 0.0403281 0
0.935 16.1629 0 -14.3417 0 0.0403497 0
0.9355 16.1716 0 -14.3494 0 0.0403712 0
0.936 16.1802 0 -14.357 0 0.0403928 0
0.9365 16.1888 0 -14.3647 0 0.0404144 0
0.937 16.1975 0 -14.3724 0 0.040436 0
0.9375 16.2061 0 -14.38 0 0.0404575 0
0.938 16.2148 0 -14.3877 0 0.0404791 0
0.9385 16.2234 0 -14.3954 0 0.0405007 0
0.939 16.2321 0 -14.403 0 0.0405223 0
0.9395 16.2407 0 -14.4107 0 0.0405439 0
0.94 16.2493 0 -14.4184 0 0.0405654 0
0.9405 16.258 0 -14.4261 0 0.040587 0
0.941 16.2666 0 -14.4337 0 0.0406086 0
0.9415 16.2753 0 -14.4414 0 0.0406302 0
0.942 16.2839 0 -14.4491 0 0.0406517 0
0.9425 16.2926 0 -14.4567 0 0.0406733 0
0.943 16.3012 0 -14.4644 0 0.0406949 0
0.9435 16.3099 0 -14.4721 0 0.0407165 0
0.944 16.3185 0 -14.4797 0 0.0407381 0
0.9445 16.3271 0 -14.4874 0 0.0407596 0
0.945 16.3358 0 -14.4951 0 0.0407812 0
0.9455 16.3444 0 -14.5027 0 0.0408028 0
0.946 16.3531 0 -14.5104 0 0.0408244 0
0.9465 16.3617 0 -14.5181 0 0.0408459 0
0.947 16.3704 0 -14.5258 0 0.0408675 0
0.9475 16.379 0 -14.5334 0 0.0408891 0
0.948 16.3876 0 -14.5411 0 0.0409107 0
0.9485 16.3963 0 -14.5488 0 0.0409322 0
0.949 16.4049 0 -14.5564 0 0.0409538 0
0.9495 16.4136 0 -14.5641 0 0.0409754 0
0.95 16.4222 0 -14.5718 0 0.040997 0
0.9505 16.4309 0 -14.5794 0 0.0410186 0
0.951 16.4395 0 -14.5871 0 0.0410401 0
0.9515 16.4481 0 -14.5948 0 0.0410617 0
0.952 16.4568 0 -14.6024 0 0.0410833 0
0.9525 16.4654 0 -14.6101 0 0.0411049 0
0.953 16.4741 0 -14.6178 0 0.0411264 0
0.9535 16.4827 0 -14.6255 0 0.041148 0
0.954 16.4914 0 -14.6331 0 0.0411696 0
0.9545 16.5 0 -14.6408 0 0.0411912 0
0.955 16.5086 0 -14.6485 0 0.0412128 0
0.9555 16.5173 0 -14.6561 0 0.0412343 0
0.956 16.5259 0 -14.6638 0 0.0412559 0
0.9565 16.5346 0 -14.6715 0 0.0412775 0
0.957 16.5432 0 -14.6791 0 0.0412991 0
0.9575 16.5519 0 -14.6868 0 0.0413206 0
0.958 16.5605 0 -14.6945 0 0.0413422 0
0.9585 16.5692 0 -14.7021 0 0.0413638 0
0.959 16.5778 0 -14.7098 0 0.0413854 0
0.9595 16.5864 0 -14.7175 0 0.0414069 0
0.96 16.5951 0 -14.7252 0 0.0414285 0
0.9605 16.6037 0 -14.7328 0 0.0414501 0
0.961 16.6124 0 -14.7405 0 0.0414717 0
0.9615 16.621 0 -14.7482 0 0.0414933 0
0.962 16.6297 0 -14.7558 0 0.0415148 0
0.9625 16.6383 0 -14.7635 0 0.0415364 0
0.963 16.6469 0 -14.7712 0 0.041558 0
0.9635 16.6556 0 -14.7788 0 0.0415796 0
0.964 16.6642 0 -14.7865 0 0.0416011 0
0.9645 16.6729 0 -14.7942 0 0.0416227 0
0.965 16.6815 0 -14.8019 0 0.0416443 0
0.9655 16.6902 0 -14.8095 0 0.0416659 0
0.966 16.6988 0 -14.8172 0 0.0416875 0
0.9665 16.7074 0 -14.8249 0 0.041709 0
0.967 16.7161 0 -14.8325 0 0.0417306 0
0.9675 16.7247 0 -14.8402 0 0.0417522 0
0.968 16.7334 0 -14.8479 0 0.0417738 0
0.9685 16.742 0 -14.8555 0 0.0417953 0
0.969 16.7507 0 -14.8632 0 0.0418169 0
0.9695 16.7593 0 -14.8709 0 0.0418385 0
0.97 16.7679 0 -14.8785 0 0.0418601 0
0.9705 16.7766 0 -14.8862 0 0.0418817 0
0.971 16.7852 0 -14.8939 0 0.0419032 0
0.9715 16.7939 0 -14.9016 0 0.0419248 0
0.972 16.8025 0 -14.9092 0 0.0419464 0
0.9725 16.8112 0 -14.9169 0 0.041968 0
0.973 16.8198 0 -14.9246 0 0.0419895 0
0.9735 16.8284 0 -14.9322 0 0.0420111 0
0.974 16.8371 0 -14.9399 0 0.0420327 0
0.9745 16.8457 0 -14.9476 0 0.0420543 0
0.975 16.8544 0 -14.9552 0 0.0420758 0
0.9755 16.863 0 -14.9629 0 0.0420974 0
0.976 16.8717 0 -14.9706 0 0.042119 0
0.9765 16.8803 0 -14.9782 0 0.0421406 0
0.977 16.889 0 -14.9859 0 0.0421622 0
0.9775 16.8976 0 -14.9936 0 0.0421837 0
0.978 16.9062 0 -15.0013 0 0.0422053 0
0.9785 16.9149 0 -15.0089 0 0.0422269 0
0.979 16.9235 0 -15.0166 0 0.0422485 0
0.9795 16.9322 0 -15.0243 0 0.04227 0
0.98 16.9408 0 -15.0319 0 0.0422916 0
0.9805 16.9495 0 -15.0396 0 0.0423132 0
0.981 16.9581 0 -15.0473 0 0.0423348 0
0.9815 16.9667 0 -15.0549 0 0.0423564 0
0.982 16.9754 0 -15.0626 0 0.0423779 0
0.9825 16.984 0 -15.0703 0 0.0423995 0
0.983 16.9927 0 -15.0779 0 0.0424211 0
0.9835 17.0013 0 -15.0856 0 0.0424427 0
0.984 17.01 0 -15.0933 0 0.0424642 0
0.9845 17.0186 0 -15.101 0 0.0424858 0
0.985 17.0272 0 -15.1086 0 0.0425074 0
0.9855 17.0359 0 -15.1163 0 0.042529 0
0.986 17.0445 0 -15.124 0 0.0425505 0
0.9865 17.0532 0 -15.1316 0 0.0425721 0
0.987 17.0618 0 -15.1393 0 0.0425937 0
0.9875 17.0705 0 -15.147 0 0.0426153 0
0.988 17.0791 0 -15.1546 0 0.0426369 0
0.9885 17.0877 0 -15.1623 0 0.0426584 0
0.989 17.0964 0 -15.17 0 0.04268 0
0.9895 17.105 0 -15.1776 0 0.0427016 0
0.99 17.1137 0 -15.1853 0 0.0427232 0
0.9905 17.1223 0 -15.193 0 0.0427447 0
0.991 17.131 0 -15.2007 0 0.0427663 0
0.9915 17.1396 0 -15.2083 0 0.0427879 0
0.992 17.1482 0 -15.216 0 0.0428095 0
0.9925 17.1569 0 -15.2237 0 0.0428311 0
0.993 17.1655 0 -15.2313 0 0.0428526 0
0.9935 17.1742 0 -15.239 0 0.0428742 0
0.994 17.1828 0 -15.2467 0 0.0428958 0
0.9945 17.1915 0 -15.2543 0 0.0429174 0
0.995 17.2001 0 -15.262 0 0.0429389 0
0.9955 17.2088 0 -15.2697 0 0.0429605 0
0.996 17.2174 0 -15.2774 0 0.0429821 0
0.9965 17.226 0 -15.285 0 0.0430037 0
0.997 17.2347 0 -15.2927 0 0.0430253 0
0.9975 17.2433 0 -15.3004 0 0.0430468 0
0.998 17.252 0 -15.308 0 0.0430684 0
0.9985 17.2606 0 -15.3157 0 0.04309 0
0.999 17.2693 0 -15.3234 0 0.0431116 0
0.9995 17.2779 0 -15.331 0 0.0431331 0
1 17.2865 0 -15.3387 0 0.0431547 0
