0.0005 0.0173198 0 -0.0077054 0 2.06079e-05 0
0.001 0.0346396 0 -0.0154108 0 4.12157e-05 0
0.0015 0.0519593 0 -0.0231162 0 6.18236e-05 0
0.002 0.0692791 0 -0.0308216 0 8.24314e-05 0
0.0025 0.0865989 0 -0.038527 0 0.000103039 0
0.003 0.103919 0 -0.0462324 0 0.000123647 0
0.0035 0.121238 0 -0.0539378 0 0.000144255 0
0.004 0.138558 0 -0.0616432 0 0.000164863 0
0.0045 0.155878 0 -0.0693486 0 0.000185471 0
0.005 0.173198 0 -0.077054 0 0.000206079 0
0.0055 0.190518 0 -0.0847594 0 0.000226686 0
0.006 0.207837 0 -0.0924648 0 0.000247294 0
0.0065 0.225157 0 -0.10017 0 0.000267902 0
0.007 0.242477 0 -0.107876 0 0.00028851 0
0.0075 0.259797 0 -0.115581 0 0.000309118 0
0.008 0.277116 0 -0.123286 0 0.000329726 0
0.0085 0.294436 0 -0.130992 0 0.000350334 0
0.009 0.311756 0 -0.138697 0 0.000370941 0
0.0095 0.329076 0 -0.146403 0 0.000391549 0
0.01 0.346396 0 -0.154108 0 0.000412157 0
0.0105 0.363715 0 -0.161813 0 0.000432765 0
0.011 0.381035 0 -0.169519 0 0.000453373 0
0.0115 0.398355 0 -0.177224 0 0.000473981 0
0.012 0.415675 0 -0.18493 0 0.000494589 0
0.0125 0.432994 0 -0.192635 0 0.000515197 0
0.013 0.450314 0 -0.200341 0 0.000535804 0
0.0135 0.467634 0 -0.208046 0 0.000556412 0
0.014 0.484954 0 -0.215751 0 0.00057702 0
0.0145 0.502274 0 -0.223457 0 0.000597628 0
0.015 0.519593 0 -0.231162 0 0.000618236 0
0.0155 0.536913 0 -0.238868 0 0.000638844 0
0.016 0.554233 0 -0.246573 0 0.000659452 0
0.0165 0.571553 0 -0.254278 0 0.000680059 0
0.017 0.588872 0 -0.261984 0 0.000700667 0
0.0175 0.606192 0 -0.269689 0 0.000721275 0
0.018 0.623512 0 -0.277395 0 0.000741883 0
0.0185 0.640832 0 -0.2851 0 0.000762491 0
0.019 0.658152 0 -0.292805 0 0.000783099 0
0.0195 0.675471 0 -0.300511 0 0.000803707 0
0.02 0.692791 0 -0.308216 0 0.000824314 0
0.0205 0.710111 0 -0.315922 0 0.000844922 0
0.021 0.727431 0 -0.323627 0 0.00086553 0
0.0215 0.74475 0 -0.331332 0 0.000886138 0
0.022 0.76207 0 -0.339038 0 0.000906746 0
0.0225 0.77939 0 -0.346743 0 0.000927354 0
0.023 0.79671 0 -0.354449 0 0.000947962 0
0.0235 0.81403 0 -0.362154 0 0.000968569 0
0.024 0.831349 0 -0.369859 0 0.000989177 0
0.0245 0.848669 0 -0.377565 0 0.00100979 0
0.025 0.865989 0 -0.38527 0 0.00103039 0
0.0255 0.883309 0 -0.392976 0 0.001051 0
0.026 0.900628 0 -0.400681 0 0.00107161 0
0.0265 0.917948 0 -0.408386 0 0.00109222 0
0.027 0.935268 0 -0.416092 0 0.00111282 0
0.0275 0.952588 0 -0.423797 0 0.00113343 0
0.028 0.969907 0 -0.431503 0 0.00115404 0
0.0285 0.987227 0 -0.439208 0 0.00117465 0
0.029 1.00455 0 -0.446913 0 0.00119526 0
0.0295 1.02187 0 -0.454619 0 0.00121586 0
0.03 1.03919 0 -0.462324 0 0.00123647 0
0.0305 1.05651 0 -0.47003 0 0.00125708 0
0.031 1.07383 0 -0.477735 0 0.00127769 0
0.0315 1.09115 0 -0.48544 0 0.0012983 0
0.032 1.10847 0 -0.493146 0 0.0013189 0
0.0325 1.12579 0 -0.500851 0 0.00133951 0
0.033 1.14311 0 -0.508557 0 0.00136012 0
0.0335 1.16043 0 -0.516262 0 0.00138073 0
0.034 1.17774 0 -0.523967 0 0.00140133 0
0.0345 1.19506 0 -0.531673 0 0.00142194 0
0.035 1.21238 0 -0.539378 0 0.00144255 0
0.0355 1.2297 0 -0.547084 0 0.00146316 0
0.036 1.24702 0 -0.554789 0 0.00148377 0
0.0365 1.26434 0 -0.562494 0 0.00150437 0
0.037 1.28166 0 -0.5702 0 0.00152498 0
0.0375 1.29898 0 -0.577905 0 0.00154559 0
0.038 1.3163 0 -0.585611 0 0.0015662 0
0.0385 1.33362 0 -0.593316 0 0.00158681 0
0.039 1.35094 0 -0.601022 0 0.00160741 0
0.0395 1.36826 0 -0.608727 0 0.00162802 0
0.04 1.38558 0 -0.616432 0 0.00164863 0
0.0405 1.4029 0 -0.624138 0 0.00166924 0
0.041 1.42022 0 -0.631843 0 0.00168984 0
0.0415 1.43754 0 -0.639549 0 0.00171045 0
0.042 1.45486 0 -0.647254 0 0.00173106 0
0.0425 1.47218 0 -0.654959 0 0.00175167 0
0.043 1.4895 0 -0.662665 0 0.00177228 0
0.0435 1.50682 0 -0.67037 0 0.00179288 0
0.044 1.52414 0 -0.678076 0 0.00181349 0
0.0445 1.54146 0 -0.685781 0 0.0018341 0
0.045 1.55878 0 -0.693486 0 0.00185471 0
0.0455 1.5761 0 -0.701192 0 0.00187532 0
0.046 1.59342 0 -0.708897 0 0.00189592 0
0.0465 1.61074 0 -0.716603 0 0.00191653 0
0.047 1.62806 0 -0.724308 0 0.00193714 0
0.0475 1.64538 0 -0.732013 0 0.00195775 0
0.048 1.6627 0 -0.739719 0 0.00197835 0
0.0485 1.68002 0 -0.747424 0 0.00199896 0
0.049 1.69734 0 -0.75513 0 0.00201957 0
0.0495 1.71466 0 -0.762835 0 0.00204018 0
0.05 1.73198 0 -0.77054 0 0.00206079 0
0.0505 1.7493 0 -0.778246 0 0.00208139 0
0.051 1.76662 0 -0.785951 0 0.002102 0
0.0515 1.78394 0 -0.793657 0 0.00212261 0
0.052 1.80126 0 -0.801362 0 0.00214322 0
0.0525 1.81858 0 -0.809067 0 0.00216383 0
0.053 1.8359 0 -0.816773 0 0.00218443 0
0.0535 1.85322 0 -0.824478 0 0.00220504 0
0.054 1.87054 0 -0.832184 0 0.00222565 0
0.0545 1.88786 0 -0.839889 0 0.00224626 0
0.055 1.90518 0 -0.847594 0 0.00226686 0
0.0555 1.9225 0 -0.8553 0 0.00228747 0
0.056 1.93981 0 -0.863005 0 0.00230808 0
0.0565 1.95713 0 -0.870711 0 0.00232869 0
0.057 1.97445 0 -0.878416 0 0.0023493 0
0.0575 1.99177 0 -0.886121 0 0.0023699 0
0.058 2.00909 0 -0.893827 0 0.00239051 0
0.0585 2.02641 0 -0.901532 0 0.00241112 0
0.059 2.04373 0 -0.909238 0 0.00243173 0
0.0595 2.06105 0 -0.916943 0 0.00245234 0
0.06 2.07837 0 -0.924648 0 0.00247294 0
0.0605 2.09569 0 -0.932354 0 0.00249355 0
0.061 2.11301 0 -0.940059 0 0.00251416 0
0.0615 2.13033 0 -0.947765 0 0.00253477 0
0.062 2.14765 0 -0.95547 0 0.00255537 0
0.0625 2.16497 0 -0.963176 0 0.00257598 0
0.063 2.18229 0 -0.970881 0 0.00259659 0
0.0635 2.19961 0 -0.978586 0 0.0026172 0
0.064 2.21693 0 -0.986292 0 0.00263781 0
0.0645 2.23425 0 -0.993997 0 0.00265841 0
0.065 2.25157 0 -1.0017 0 0.00267902 0
0.0655 2.26889 0 -1.00941 0 0.00269963 0
0.066 2.28621 0 -1.01711 0 0.00272024 0
0.0665 2.30353 0 -1.02482 0 0.00274085 0
0.067 2.32085 0 -1.03252 0 0.00276145 0
0.0675 2.33817 0 -1.04023 0 0.00278206 0
0.068 2.35549 0 -1.04793 0 0.00280267 0
0.0685 2.37281 0 -1.05564 0 0.00282328 0
0.069 2.39013 0 -1.06335 0 0.00284388 0
0.0695 2.40745 0 -1.07105 0 0.00286449 0
0.07 2.42477 0 -1.07876 0 0.0028851 0
0.0705 2.44209 0 -1.08646 0 0.00290571 0
0.071 2.45941 0 -1.09417 0 0.00292632 0
0.0715 2.47673 0 -1.10187 0 0.00294692 0
0.072 2.49405 0 -1.10958 0 0.00296753 0
0.0725 2.51137 0 -1.11728 0 0.00298814 0
0.073 2.52869 0 -1.12499 0 0.00300875 0
0.0735 2.54601 0 -1.13269 0 0.00302936 0
0.074 2.56333 0 -1.1404 0 0.00304996 0
0.0745 2.58065 0 -1.14811 0 0.00307057 0
0.075 2.59797 0 -1.15581 0 0.00309118 0
0.0755 2.61529 0 -1.16352 0 0.00311179 0
0.076 2.63261 0 -1.17122 0 0.00313239 0
0.0765 2.64993 0 -1.17893 0 0.003153 0
0.077 2.66725 0 -1.18663 0 0.00317361 0
0.0775 2.68457 0 -1.19434 0 0.00319422 0
0.078 2.70189 0 -1.20204 0 0.00321483 0
0.0785 2.7192 0 -1.20975 0 0.00323543 0
0.079 2.73652 0 -1.21745 0 0.00325604 0
0.0795 2.75384 0 -1.22516 0 0.00327665 0
0.08 2.77116 0 -1.23286 0 0.00329726 0
0.0805 2.78848 0 -1.24057 0 0.00331787 0
0.081 2.8058 0 -1.24828 0 0.00333847 0
0.0815 2.82312 0 -1.25598 0 0.00335908 0
0.082 2.84044 0 -1.26369 0 0.00337969 0
0.0825 2.85776 0 -1.27139 0 0.0034003 0
0.083 2.87508 0 -1.2791 0 0.0034209 0
0.0835 2.8924 0 -1.2868 0 0.00344151 0
0.084 2.90972 0 -1.29451 0 0.00346212 0
0.0845 2.92704 0 -1.30221 0 0.00348273 0
0.085 2.94436 0 -1.30992 0 0.00350334 0
0.0855 2.96168 0 -1.31762 0 0.00352394 0
0.086 2.979 0 -1.32533 0 0.00354455 0
0.0865 2.99632 0 -1.33303 0 0.00356516 0
0.087 3.01364 0 -1.34074 0 0.00358577 0
0.0875 3.03096 0 -1.34845 0 0.00360638 0
0.088 3.04828 0 -1.35615 0 0.00362698 0
0.0885 3.0656 0 -1.36386 0 0.00364759 0
0.089 3.08292 0 -1.37156 0 0.0036682 0
0.0895 3.10024 0 -1.37927 0 0.00368881 0
0.09 3.11756 0 -1.38697 0 0.00370941 0
0.0905 3.13488 0 -1.39468 0 0.00373002 0
0.091 3.1522 0 -1.40238 0 0.00375063 0
0.0915 3.16952 0 -1.41009 0 0.00377124 0
0.092 3.18684 0 -1.41779 0 0.00379185 0
0.0925 3.20416 0 -1.4255 0 0.00381245 0
0.093 3.22148 0 -1.43321 0 0.00383306 0
0.0935 3.2388 0 -1.44091 0 0.00385367 0
0.094 3.25612 0 -1.44862 0 0.00387428 0
0.0945 3.27344 0 -1.45632 0 0.00389489 0
0.095 3.29076 0 -1.46403 0 0.00391549 0
0.0955 3.30808 0 -1.47173 0 0.0039361 0
0.096 3.3254 0 -1.47944 0 0.00395671 0
0.0965 3.34272 0 -1.48714 0 0.00397732 0
0.097 3.36004 0 -1.49485 0 0.00399792 0
0.0975 3.37736 0 -1.50255 0 0.00401853 0
0.098 3.39468 0 -1.51026 0 0.00403914 0
0.0985 3.412 0 -1.51796 0 0.00405975 0
0.099 3.42932 0 -1.52567 0 0.00408036 0
0.0995 3.44664 0 -1.53338 0 0.00410096 0
0.1 3.46396 0 -1.54108 0 0.00412157 0
0.1005 3.48128 0 -1.54879 0 0.00414218 0
0.101 3.49859 0 -1.55649 0 0.00416279 0
0.1015 3.51591 0 -1.5642 0 0.0041834 0
0.102 3.53323 0 -1.5719 0 0.004204 0
0.1025 3.55055 0 -1.57961 0 0.00422461 0
0.103 3.56787 0 -1.58731 0 0.00424522 0
0.1035 3.58519 0 -1.59502 0 0.00426583 0
0.104 3.60251 0 -1.60272 0 0.00428643 0
0.1045 3.61983 0 -1.61043 0 0.00430704 0
0.105 3.63715 0 -1.61813 0 0.00432765 0
0.1055 3.65447 0 -1.62584 0 0.00434826 0
0.106 3.67179 0 -1.63355 0 0.00436887 0
0.1065 3.68911 0 -1.64125 0 0.00438947 0
0.107 3.70643 0 -1.64896 0 0.00441008 0
0.1075 3.72375 0 -1.65666 0 0.00443069 0
0.108 3.74107 0 -1.66437 0 0.0044513 0
0.1085 3.75839 0 -1.67207 0 0.00447191 0
0.109 3.77571 0 -1.67978 0 0.00449251 0
0.1095 3.79303 0 -1.68748 0 0.00451312 0
0.11 3.81035 0 -1.69519 0 0.00453373 0
0.1105 3.82767 0 -1.70289 0 0.00455434 0
0.111 3.84499 0 -1.7106 0 0.00457494 0
0.1115 3.86231 0 -1.71831 0 0.00459555 0
0.112 3.87963 0 -1.72601 0 0.00461616 0
0.1125 3.89695 0 -1.73372 0 0.00463677 0
0.113 3.91427 0 -1.74142 0 0.00465738 0
0.1135 3.93159 0 -1.74913 0 0.00467798 0
0.114 3.94891 0 -1.75683 0 0.00469859 0
0.1145 3.96623 0 -1.76454 0 0.0047192 0
0.115 3.98355 0 -1.77224 0 0.00473981 0
0.1155 4.00087 0 -1.77995 0 0.00476042 0
0.116 4.01819 0 -1.78765 0 0.00478102 0
0.1165 4.03551 0 -1.79536 0 0.00480163 0
0.117 4.05283 0 -1.80306 0 0.00482224 0
0.1175 4.07015 0 -1.81077 0 0.00484285 0
0.118 4.08747 0 -1.81848 0 0.00486345 0
0.1185 4.10479 0 -1.82618 0 0.00488406 0
0.119 4.12211 0 -1.83389 0 0.00490467 0
0.1195 4.13943 0 -1.84159 0 0.00492528 0
0.12 4.15675 0 -1.8493 0 0.00494589 0
0.1205 4.17407 0 -1.857 0 0.00496649 0
0.121 4.19139 0 -1.86471 0 0.0049871 0
0.1215 4.20871 0 -1.87241 0 0.00500771 0
0.122 4.22603 0 -1.88012 0 0.00502832 0
0.1225 4.24335 0 -1.88782 0 0.00504893 0
0.123 4.26067 0 -1.89553 0 0.00506953 0
0.1235 4.27798 0 -1.90323 0 0.00509014 0
0.124 4.2953 0 -1.91094 0 0.00511075 0
0.1245 4.31262 0 -1.91865 0 0.00513136 0
0.125 4.32994 0 -1.92635 0 0.00515197 0
0.1255 4.34726 0 -1.93406 0 0.00517257 0
0.126 4.36458 0 -1.94176 0 0.00519318 0
0.1265 4.3819 0 -1.94947 0 0.00521379 0
0.127 4.39922 0 -1.95717 0 0.0052344 0
0.1275 4.41654 0 -1.96488 0 0.005255 0
0.128 4.43386 0 -1.97258 0 0.00527561 0
0.1285 4.45118 0 -1.98029 0 0.00529622 0
0.129 4.4685 0 -1.98799 0 0.00531683 0
0.1295 4.48582 0 -1.9957 0 0.00533744 0
0.13 4.50314 0 -2.00341 0 0.00535804 0
0.1305 4.52046 0 -2.01111 0 0.00537865 0
0.131 4.53778 0 -2.01882 0 0.00539926 0
0.1315 4.5551 0 -2.02652 0 0.00541987 0
0.132 4.57242 0 -2.03423 0 0.00544048 0
0.1325 4.58974 0 -2.04193 0 0.00546108 0
0.133 4.60706 0 -2.04964 0 0.00548169 0
0.1335 4.62438 0 -2.05734 0 0.0055023 0
0.134 4.6417 0 -2.06505 0 0.00552291 0
0.1345 4.65902 0 -2.07275 0 0.00554351 0
0.135 4.67634 0 -2.08046 0 0.00556412 0
0.1355 4.69366 0 -2.08816 0 0.00558473 0
0.136 4.71098 0 -2.09587 0 0.00560534 0
0.1365 4.7283 0 -2.10358 0 0.00562595 0
0.137 4.74562 0 -2.11128 0 0.00564655 0
0.1375 4.76294 0 -2.11899 0 0.00566716 0
0.138 4.78026 0 -2.12669 0 0.00568777 0
0.1385 4.79758 0 -2.1344 0 0.00570838 0
0.139 4.8149 0 -2.1421 0 0.00572899 0
0.1395 4.83222 0 -2.14981 0 0.00574959 0
0.14 4.84954 0 -2.15751 0 0.0057702 0
0.1405 4.86686 0 -2.16522 0 0.00579081 0
0.141 4.88418 0 -2.17292 0 0.00581142 0
0.1415 4.9015 0 -2.18063 0 0.00583202 0
0.142 4.91882 0 -2.18833 0 0.00585263 0
0.1425 4.93614 0 -2.19604 0 0.00587324 0
0.143 4.95346 0 -2.20375 0 0.00589385 0
0.1435 4.97078 0 -2.21145 0 0.00591446 0
0.144 4.9881 0 -2.21916 0 0.00593506 0
0.1445 5.00542 0 -2.22686 0 0.00595567 0
0.145 5.02274 0 -2.23457 0 0.00597628 0
0.1455 5.04006 0 -2.24227 0 0.00599689 0
0.146 5.05737 0 -2.24998 0 0.0060175 0
0.1465 5.07469 0 -2.25768 0 0.0060381 0
0.147 5.09201 0 -2.26539 0 0.00605871 0
0.1475 5.10933 0 -2.27309 0 0.00607932 0
0.148 5.12665 0 -2.2808 0 0.00609993 0
0.1485 5.14397 0 -2.2885 0 0.00612053 0
0.149 5.16129 0 -2.29621 0 0.00614114 0
0.1495 5.17861 0 -2.30392 0 0.00616175 0
0.15 5.19593 0 -2.31162 0 0.00618236 0
0.1505 5.21325 0 -2.31933 0 0.00620297 0
0.151 5.23057 0 -2.32703 0 0.00622357 0
0.1515 5.24789 0 -2.33474 0 0.00624418 0
0.152 5.26521 0 -2.34244 0 0.00626479 0
0.1525 5.28253 0 -2.35015 0 0.0062854 0
0.153 5.29985 0 -2.35785 0 0.00630601 0
0.1535 5.31717 0 -2.36556 0 0.00632661 0
0.154 5.33449 0 -2.37326 0 0.00634722 0
0.1545 5.35181 0 -2.38097 0 0.00636783 0
0.155 5.36913 0 -2.38868 0 0.00638844 0
0.1555 5.38645 0 -2.39638 0 0.00640904 0
0.156 5.40377 0 -2.40409 0 0.00642965 0
0.1565 5.42109 0 -2.41179 0 0.00645026 0
0.157 5.43841 0 -2.4195 0 0.00647087 0
0.1575 5.45573 0 -2.4272 0 0.00649148 0
0.158 5.47305 0 -2.43491 0 0.00651208 0
0.1585 5.49037 0 -2.44261 0 0.00653269 0
0.159 5.50769 0 -2.45032 0 0.0065533 0
0.1595 5.52501 0 -2.45802 0 0.00657391 0
0.16 5.54233 0 -2.46573 0 0.00659452 0
0.1605 5.55965 0 -2.47343 0 0.00661512 0
0.161 5.57697 0 -2.48114 0 0.00663573 0
0.1615 5.59429 0 -2.48885 0 0.00665634 0
0.162 5.61161 0 -2.49655 0 0.00667695 0
0.1625 5.62893 0 -2.50426 0 0.00669755 0
0.163 5.64625 0 -2.51196 0 0.00671816 0
0.1635 5.66357 0 -2.51967 0 0.00673877 0
0.164 5.68089 0 -2.52737 0 0.00675938 0
0.1645 5.69821 0 -2.53508 0 0.00677999 0
0.165 5.71553 0 -2.54278 0 0.00680059 0
0.1655 5.73285 0 -2.55049 0 0.0068212 0
0.166 5.75017 0 -2.55819 0 0.00684181 0
0.1665 5.76749 0 -2.5659 0 0.00686242 0
0.167 5.78481 0 -2.5736 0 0.00688303 0
0.1675 5.80213 0 -2.58131 0 0.00690363 0
0.168 5.81944 0 -2.58902 0 0.00692424 0
0.1685 5.83676 0 -2.59672 0 0.00694485 0
0.169 5.85408 0 -2.60443 0 0.00696546 0
0.1695 5.8714 0 -2.61213 0 0.00698606 0
0.17 5.88872 0 -2.61984 0 0.00700667 0
0.1705 5.90604 0 -2.62754 0 0.00702728 0
0.171 5.92336 0 -2.63525 0 0.00704789 0
0.1715 5.94068 0 -2.64295 0 0.0070685 0
0.172 5.958 0 -2.65066 0 0.0070891 0
0.1725 5.97532 0 -2.65836 0 0.00710971 0
0.173 5.99264 0 -2.66607 0 0.00713032 0
0.1735 6.00996 0 -2.67378 0 0.00715093 0
0.174 6.02728 0 -2.68148 0 0.00717154 0
0.1745 6.0446 0 -2.68919 0 0.00719214 0
0.175 6.06192 0 -2.69689 0 0.00721275 0
0.1755 6.07924 0 -2.7046 0 0.00723336 0
0.176 6.09656 0 -2.7123 0 0.00725397 0
0.1765 6.11388 0 -2.72001 0 0.00727457 0
0.177 6.1312 0 -2.72771 0 0.00729518 0
0.1775 6.14852 0 -2.73542 0 0.00731579 0
0.178 6.16584 0 -2.74312 0 0.0073364 0
0.1785 6.18316 0 -2.75083 0 0.00735701 0
0.179 6.20048 0 -2.75853 0 0.00737761 0
0.1795 6.2178 0 -2.76624 0 0.00739822 0
0.18 6.23512 0 -2.77395 0 0.00741883 0
0.1805 6.25244 0 -2.78165 0 0.00743944 0
0.181 6.26976 0 -2.78936 0 0.00746005 0
0.1815 6.28708 0 -2.79706 0 0.00748065 0
0.182 6.3044 0 -2.80477 0 0.00750126 0
0.1825 6.32172 0 -2.81247 0 0.00752187 0
0.183 6.33904 0 -2.82018 0 0.00754248 0
0.1835 6.35636 0 -2.82788 0 0.00756308 0
0.184 6.37368 0 -2.83559 0 0.00758369 0
0.1845 6.391 0 -2.84329 0 0.0076043 0
0.185 6.40832 0 -2.851 0 0.00762491 0
0.1855 6.42564 0 -2.8587 0 0.00764552 0
0.186 6.44296 0 -2.86641 0 0.00766612 0
0.1865 6.46028 0 -2.87412 0 0.00768673 0
0.187 6.4776 0 -2.88182 0 0.00770734 0
0.1875 6.49492 0 -2.88953 0 0.00772795 0
0.188 6.51224 0 -2.89723 0 0.00774856 0
0.1885 6.52956 0 -2.90494 0 0.00776916 0
0.189 6.54688 0 -2.91264 0 0.00778977 0
0.1895 6.5642 0 -2.92035 0 0.00781038 0
0.19 6.58152 0 -2.92805 0 0.00783099 0
0.1905 6.59883 0 -2.93576 0 0.00785159 0
0.191 6.61615 0 -2.94346 0 0.0078722 0
0.1915 6.63347 0 -2.95117 0 0.00789281 0
0.192 6.65079 0 -2.95888 0 0.00791342 0
0.1925 6.66811 0 -2.96658 0 0.00793403 0
0.193 6.68543 0 -2.97429 0 0.00795463 0
0.1935 6.70275 0 -2.98199 0 0.00797524 0
0.194 6.72007 0 -2.9897 0 0.00799585 0
0.1945 6.73739 0 -2.9974 0 0.00801646 0
0.195 6.75471 0 -3.00511 0 0.00803707 0
0.1955 6.77203 0 -3.01281 0 0.00805767 0
0.196 6.78935 0 -3.02052 0 0.00807828 0
0.1965 6.80667 0 -3.02822 0 0.00809889 0
0.197 6.82399 0 -3.03593 0 0.0081195 0
0.1975 6.84131 0 -3.04363 0 0.0081401 0
0.198 6.85863 0 -3.05134 0 0.00816071 0
0.1985 6.87595 0 -3.05905 0 0.00818132 0
0.199 6.89327 0 -3.06675 0 0.00820193 0
0.1995 6.91059 0 -3.07446 0 0.00822254 0
0.2 6.92791 0 -3.08216 0 0.00824314 0
0.2005 6.94523 0 -3.08987 0 0.00826375 0
0.201 6.96255 0 -3.09757 0 0.00828436 0
0.2015 6.97987 0 -3.10528 0 0.00830497 0
0.202 6.99719 0 -3.11298 0 0.00832558 0
0.2025 7.01451 0 -3.12069 0 0.00834618 0
0.203 7.03183 0 -3.12839 0 0.00836679 0
0.2035 7.04915 0 -3.1361 0 0.0083874 0
0.204 7.06647 0 -3.1438 0 0.00840801 0
0.2045 7.08379 0 -3.15151 0 0.00842861 0
0.205 7.10111 0 -3.15922 0 0.00844922 0
0.2055 7.11843 0 -3.16692 0 0.00846983 0
0.206 7.13575 0 -3.17463 0 0.00849044 0
0.2065 7.15307 0 -3.18233 0 0.00851105 0
0.207 7.17039 0 -3.19004 0 0.00853165 0
0.2075 7.18771 0 -3.19774 0 0.00855226 0
0.208 7.20503 0 -3.20545 0 0.00857287 0
0.2085 7.22235 0 -3.21315 0 0.00859348 0
0.209 7.23967 0 -3.22086 0 0.00861409 0
0.2095 7.25699 0 -3.22856 0 0.00863469 0
0.21 7.27431 0 -3.23627 0 0.0086553 0
0.2105 7.29163 0 -3.24398 0 0.00867591 0
0.211 7.30895 0 -3.25168 0 0.00869652 0
0.2115 7.32627 0 -3.25939 0 0.00871712 0
0.212 7.34359 0 -3.26709 0 0.00873773 0
0.2125 7.36091 0 -3.2748 0 0.00875834 0
0.213 7.37822 0 -3.2825 0 0.00877895 0
0.2135 7.39554 0 -3.29021 0 0.00879956 0
0.214 7.41286 0 -3.29791 0 0.00882016 0
0.2145 7.43018 0 -3.30562 0 0.00884077 0
0.215 7.4475 0 -3.31332 0 0.00886138 0
0.2155 7.46482 0 -3.32103 0 0.00888199 0
0.216 7.48214 0 -3.32873 0 0.0089026 0
0.2165 7.49946 0 -3.33644 0 0.0089232 0
0.217 7.51678 0 -3.34415 0 0.00894381 0
0.2175 7.5341 0 -3.35185 0 0.00896442 0
0.218 7.55142 0 -3.35956 0 0.00898503 0
0.2185 7.56874 0 -3.36726 0 0.00900563 0
0.219 7.58606 0 -3.37497 0 0.00902624 0
0.2195 7.60338 0 -3.38267 0 0.00904685 0
0.22 7.6207 0 -3.39038 0 0.00906746 0
0.2205 7.63802 0 -3.39808 0 0.00908807 0
0.221 7.65534 0 -3.40579 0 0.00910867 0
0.2215 7.67266 0 -3.41349 0 0.00912928 0
0.222 7.68998 0 -3.4212 0 0.00914989 0
0.2225 7.7073 0 -3.4289 0 0.0091705 0
0.223 7.72462 0 -3.43661 0 0.00919111 0
0.2235 7.74194 0 -3.44432 0 0.00921171 0
0.224 7.75926 0 -3.45202 0 0.00923232 0
0.2245 7.77658 0 -3.45973 0 0.00925293 0
0.225 7.7939 0 -3.46743 0 0.00927354 0
0.2255 7.81122 0 -3.47514 0 0.00929414 0
0.226 7.82854 0 -3.48284 0 0.00931475 0
0.2265 7.84586 0 -3.49055 0 0.00933536 0
0.227 7.86318 0 -3.49825 0 0.00935597 0
0.2275 7.8805 0 -3.50596 0 0.00937658 0
0.228 7.89782 0 -3.51366 0 0.00939718 0
0.2285 7.91514 0 -3.52137 0 0.00941779 0
0.229 7.93246 0 -3.52908 0 0.0094384 0
0.2295 7.94978 0 -3.53678 0 0.00945901 0
0.23 7.9671 0 -3.54449 0 0.00947962 0
0.2305 7.98442 0 -3.55219 0 0.00950022 0
0.231 8.00174 0 -3.5599 0 0.00952083 0
0.2315 8.01906 0 -3.5676 0 0.00954144 0
0.232 8.03638 0 -3.57531 0 0.00956205 0
0.2325 8.0537 0 -3.58301 0 0.00958265 0
0.233 8.07102 0 -3.59072 0 0.00960326 0
0.2335 8.08834 0 -3.59842 0 0.00962387 0
0.234 8.10566 0 -3.60613 0 0.00964448 0
0.2345 8.12298 0 -3.61383 0 0.00966509 0
0.235 8.1403 0 -3.62154 0 0.00968569 0
0.2355 8.15761 0 -3.62925 0 0.0097063 0
0.236 8.17493 0 -3.63695 0 0.00972691 0
0.2365 8.19225 0 -3.64466 0 0.00974752 0
0.237 8.20957 0 -3.65236 0 0.00976813 0
0.2375 8.22689 0 -3.66007 0 0.00978873 0
0.238 8.24421 0 -3.66777 0 0.00980934 0
0.2385 8.26153 0 -3.67548 0 0.00982995 0
0.239 8.27885 0 -3.68318 0 0.00985056 0
0.2395 8.29617 0 -3.69089 0 0.00987117 0
0.24 8.31349 0 -3.69859 0 0.00989177 0
0.2405 8.33081 0 -3.7063 0 0.00991238 0
0.241 8.34813 0 -3.714 0 0.00993299 0
0.2415 8.36545 0 -3.72171 0 0.0099536 0
0.242 8.38277 0 -3.72942 0 0.0099742 0
0.2425 8.40009 0 -3.73712 0 0.00999481 0
0.243 8.41741 0 -3.74483 0 0.0100154 0
0.2435 8.43473 0 -3.75253 0 0.010036 0
0.244 8.45205 0 -3.76024 0 0.0100566 0
0.2445 8.46937 0 -3.76794 0 0.0100772 0
0.245 8.48669 0 -3.77565 0 0.0100979 0
0.2455 8.50401 0 -3.78335 0 0.0101185 0
0.246 8.52133 0 -3.79106 0 0.0101391 0
0.2465 8.53865 0 -3.79876 0 0.0101597 0
0.247 8.55597 0 -3.80647 0 0.0101803 0
0.2475 8.57329 0 -3.81417 0 0.0102009 0
0.248 8.59061 0 -3.82188 0 0.0102215 0
0.2485 8.60793 0 -3.82959 0 0.0102421 0
0.249 8.62525 0 -3.83729 0 0.0102627 0
0.2495 8.64257 0 -3.845 0 0.0102833 0
0.25 8.65989 0 -3.8527 0 0.0103039 0
0.2505 8.67721 0 -3.86041 0 0.0103245 0
0.251 8.69453 0 -3.86811 0 0.0103451 0
0.2515 8.71185 0 -3.87582 0 0.0103658 0
0.252 8.72917 0 -3.88352 0 0.0103864 0
0.2525 8.74649 0 -3.89123 0 0.010407 0
0.253 8.76381 0 -3.89893 0 0.0104276 0
0.2535 8.78113 0 -3.90664 0 0.0104482 0
0.254 8.79845 0 -3.91435 0 0.0104688 0
0.2545 8.81577 0 -3.92205 0 0.0104894 0
0.255 8.83309 0 -3.92976 0 0.01051 0
0.2555 8.85041 0 -3.93746 0 0.0105306 0
0.256 8.86773 0 -3.94517 0 0.0105512 0
0.2565 8.88505 0 -3.95287 0 0.0105718 0
0.257 8.90237 0 -3.96058 0 0.0105924 0
0.2575 8.91969 0 -3.96828 0 0.010613 0
0.258 8.937 0 -3.97599 0 0.0106337 0
0.2585 8.95432 0 -3.98369 0 0.0106543 0
0.259 8.97164 0 -3.9914 0 0.0106749 0
0.2595 8.98896 0 -3.9991 0 0.0106955 0
0.26 9.00628 0 -4.00681 0 0.0107161 0
0.2605 9.0236 0 -4.01452 0 0.0107367 0
0.261 9.04092 0 -4.02222 0 0.0107573 0
0.2615 9.05824 0 -4.02993 0 0.0107779 0
0.262 9.07556 0 -4.03763 0 0.0107985 0
0.2625 9.09288 0 -4.04534 0 0.0108191 0
0.263 9.1102 0 -4.05304 0 0.0108397 0
0.2635 9.12752 0 -4.06075 0 0.0108603 0
0.264 9.14484 0 -4.06845 0 0.010881 0
0.2645 9.16216 0 -4.07616 0 0.0109016 0
0.265 9.17948 0 -4.08386 0 0.0109222 0
0.2655 9.1968 0 -4.09157 0 0.0109428 0
0.266 9.21412 0 -4.09927 0 0.0109634 0
0.2665 9.23144 0 -4.10698 0 0.010984 0
0.267 9.24876 0 -4.11469 0 0.0110046 0
0.2675 9.26608 0 -4.12239 0 0.0110252 0
0.268 9.2834 0 -4.1301 0 0.0110458 0
0.2685 9.30072 0 -4.1378 0 0.0110664 0
0.269 9.31804 0 -4.14551 0 0.011087 0
0.2695 9.33536 0 -4.15321 0 0.0111076 0
0.27 9.35268 0 -4.16092 0 0.0111282 0
0.2705 9.37 0 -4.16862 0 0.0111489 0
0.271 9.38732 0 -4.17633 0 0.0111695 0
0.2715 9.40464 0 -4.18403 0 0.0111901 0
0.272 9.42196 0 -4.19174 0 0.0112107 0
0.2725 9.43928 0 -4.19945 0 0.0112313 0
0.273 9.4566 0 -4.20715 0 0.0112519 0
0.2735 9.47392 0 -4.21486 0 0.0112725 0
0.274 9.49124 0 -4.22256 0 0.0112931 0
0.2745 9.50856 0 -4.23027 0 0.0113137 0
0.275 9.52588 0 -4.23797 0 0.0113343 0
0.2755 9.5432 0 -4.24568 0 0.0113549 0
0.276 9.56052 0 -4.25338 0 0.0113755 0
0.2765 9.57784 0 -4.26109 0 0.0113961 0
0.277 9.59516 0 -4.26879 0 0.0114168 0
0.2775 9.61248 0 -4.2765 0 0.0114374 0
0.278 9.6298 0 -4.2842 0 0.011458 0
0.2785 9.64712 0 -4.29191 0 0.0114786 0
0.279 9.66444 0 -4.29962 0 0.0114992 0
0.2795 9.68176 0 -4.30732 0 0.0115198 0
0.28 9.69907 0 -4.31503 0 0.0115404 0
0.2805 9.71639 0 -4.32273 0 0.011561 0
0.281 9.73371 0 -4.33044 0 0.0115816 0
0.2815 9.75103 0 -4.33814 0 0.0116022 0
0.282 9.76835 0 -4.34585 0 0.0116228 0
0.2825 9.78567 0 -4.35355 0 0.0116434 0
0.283 9.80299 0 -4.36126 0 0.011664 0
0.2835 9.82031 0 -4.36896 0 0.0116847 0
0.284 9.83763 0 -4.37667 0 0.0117053 0
0.2845 9.85495 0 -4.38437 0 0.0117259 0
0.285 9.87227 0 -4.39208 0 0.0117465 0
0.2855 9.88959 0 -4.39979 0 0.0117671 0
0.286 9.90691 0 -4.40749 0 0.0117877 0
0.2865 9.92423 0 -4.4152 0 0.0118083 0
0.287 9.94155 0 -4.4229 0 0.0118289 0
0.2875 9.95887 0 -4.43061 0 0.0118495 0
0.288 9.97619 0 -4.43831 0 0.0118701 0
0.2885 9.99351 0 -4.44602 0 0.0118907 0
0.289 10.0108 0 -4.45372 0 0.0119113 0
0.2895 10.0282 0 -4.46143 0 0.011932 0
0.29 10.0455 0 -4.46913 0 0.0119526 0
0.2905 10.0628 0 -4.47684 0 0.0119732 0
0.291 10.0801 0 -4.48455 0 0.0119938 0
0.2915 10.0974 0 -4.49225 0 0.0120144 0
0.292 10.1147 0 -4.49996 0 0.012035 0
0.2925 10.1321 0 -4.50766 0 0.0120556 0
0.293 10.1494 0 -4.51537 0 0.0120762 0
0.2935 10.1667 0 -4.52307 0 0.0120968 0
0.294 10.184 0 -4.53078 0 0.0121174 0
0.2945 10.2013 0 -4.53848 0 0.012138 0
0.295 10.2187 0 -4.54619 0 0.0121586 0
0.2955 10.236 0 -4.55389 0 0.0121792 0
0.296 10.2533 0 -4.5616 0 0.0121999 0
0.2965 10.2706 0 -4.5693 0 0.0122205 0
0.297 10.2879 0 -4.57701 0 0.0122411 0
0.2975 10.3053 0 -4.58472 0 0.0122617 0
0.298 10.3226 0 -4.59242 0 0.0122823 0
0.2985 10.3399 0 -4.60013 0 0.0123029 0
0.299 10.3572 0 -4.60783 0 0.0123235 0
0.2995 10.3745 0 -4.61554 0 0.0123441 0
0.3 10.3919 0 -4.62324 0 0.0123647 0
0.3005 10.4092 0 -4.63095 0 0.0123853 0
0.301 10.4265 0 -4.63865 0 0.0124059 0
0.3015 10.4438 0 -4.64636 0 0.0124265 0
0.302 10.4611 0 -4.65406 0 0.0124471 0
0.3025 10.4785 0 -4.66177 0 0.0124678 0
0.303 10.4958 0 -4.66947 0 0.0124884 0
0.3035 10.5131 0 -4.67718 0 0.012509 0
0.304 10.5304 0 -4.68489 0 0.0125296 0
0.3045 10.5477 0 -4.69259 0 0.0125502 0
0.305 10.5651 0 -4.7003 0 0.0125708 0
0.3055 10.5824 0 -4.708 0 0.0125914 0
0.306 10.5997 0 -4.71571 0 0.012612 0
0.3065 10.617 0 -4.72341 0 0.0126326 0
0.307 10.6343 0 -4.73112 0 0.0126532 0
0.3075 10.6517 0 -4.73882 0 0.0126738 0
0.308 10.669 0 -4.74653 0 0.0126944 0
0.3085 10.6863 0 -4.75423 0 0.012715 0
0.309 10.7036 0 -4.76194 0 0.0127357 0
0.3095 10.7209 0 -4.76965 0 0.0127563 0
0.31 10.7383 0 -4.77735 0 0.0127769 0
0.3105 10.7556 0 -4.78506 0 0.0127975 0
0.311 10.7729 0 -4.79276 0 0.0128181 0
0.3115 10.7902 0 -4.80047 0 0.0128387 0
0.312 10.8075 0 -4.80817 0 0.0128593 0
0.3125 10.8249 0 -4.81588 0 0.0128799 0
0.313 10.8422 0 -4.82358 0 0.0129005 0
0.3135 10.8595 0 -4.83129 0 0.0129211 0
0.314 10.8768 0 -4.83899 0 0.0129417 0
0.3145 10.8941 0 -4.8467 0 0.0129623 0
0.315 10.9115 0 -4.8544 0 0.012983 0
0.3155 10.9288 0 -4.86211 0 0.0130036 0
0.316 10.9461 0 -4.86982 0 0.0130242 0
0.3165 10.9634 0 -4.87752 0 0.0130448 0
0.317 10.9807 0 -4.88523 0 0.0130654 0
0.3175 10.9981 0 -4.89293 0 0.013086 0
0.318 11.0154 0 -4.90064 0 0.0131066 0
0.3185 11.0327 0 -4.90834 0 0.0131272 0
0.319 11.05 0 -4.91605 0 0.0131478 0
0.3195 11.0673 0 -4.92375 0 0.0131684 0
0.32 11.0847 0 -4.93146 0 0.013189 0
0.3205 11.102 0 -4.93916 0 0.0132096 0
0.321 11.1193 0 -4.94687 0 0.0132302 0
0.3215 11.1366 0 -4.95457 0 0.0132509 0
0.322 11.1539 0 -4.96228 0 0.0132715 0
0.3225 11.1713 0 -4.96999 0 0.0132921 0
0.323 11.1886 0 -4.97769 0 0.0133127 0
0.3235 11.2059 0 -4.9854 0 0.0133333 0
0.324 11.2232 0 -4.9931 0 0.0133539 0
0.3245 11.2405 0 -5.00081 0 0.0133745 0
0.325 11.2579 0 -5.00851 0 0.0133951 0
0.3255 11.2752 0 -5.01622 0 0.0134157 0
0.326 11.2925 0 -5.02392 0 0.0134363 0
0.3265 11.3098 0 -5.03163 0 0.0134569 0
0.327 11.3271 0 -5.03933 0 0.0134775 0
0.3275 11.3445 0 -5.04704 0 0.0134981 0
0.328 11.3618 0 -5.05475 0 0.0135188 0
0.3285 11.3791 0 -5.06245 0 0.0135394 0
0.329 11.3964 0 -5.07016 0 0.01356 0
0.3295 11.4137 0 -5.07786 0 0.0135806 0
0.33 11.4311 0 -5.08557 0 0.0136012 0
0.3305 11.4484 0 -5.09327 0 0.0136218 0
0.331 11.4657 0 -5.10098 0 0.0136424 0
0.3315 11.483 0 -5.10868 0 0.013663 0
0.332 11.5003 0 -5.11639 0 0.0136836 0
0.3325 11.5177 0 -5.12409 0 0.0137042 0
0.333 11.535 0 -5.1318 0 0.0137248 0
0.3335 11.5523 0 -5.1395 0 0.0137454 0
0.334 11.5696 0 -5.14721 0 0.0137661 0
0.3345 11.5869 0 -5.15492 0 0.0137867 0
0.335 11.6043 0 -5.16262 0 0.0138073 0
0.3355 11.6216 0 -5.17033 0 0.0138279 0
0.336 11.6389 0 -5.17803 0 0.0138485 0
0.3365 11.6562 0 -5.18574 0 0.0138691 0
0.337 11.6735 0 -5.19344 0 0.0138897 0
0.3375 11.6908 0 -5.20115 0 0.0139103 0
0.338 11.7082 0 -5.20885 0 0.0139309 0
0.3385 11.7255 0 -5.21656 0 0.0139515 0
0.339 11.7428 0 -5.22426 0 0.0139721 0
0.3395 11.7601 0 -5.23197 0 0.0139927 0
0.34 11.7774 0 -5.23967 0 0.0140133 0
0.3405 11.7948 0 -5.24738 0 0.014034 0
0.341 11.8121 0 -5.25509 0 0.0140546 0
0.3415 11.8294 0 -5.26279 0 0.0140752 0
0.342 11.8467 0 -5.2705 0 0.0140958 0
0.3425 11.864 0 -5.2782 0 0.0141164 0
0.343 11.8814 0 -5.28591 0 0.014137 0
0.3435 11.8987 0 -5.29361 0 0.0141576 0
0.344 11.916 0 -5.30132 0 0.0141782 0
0.3445 11.9333 0 -5.30902 0 0.0141988 0
0.345 11.9506 0 -5.31673 0 0.0142194 0
0.3455 11.968 0 -5.32443 0 0.01424 0
0.346 11.9853 0 -5.33214 0 0.0142606 0
0.3465 12.0026 0 -5.33984 0 0.0142812 0
0.347 12.0199 0 -5.34755 0 0.0143019 0
0.3475 12.0372 0 -5.35526 0 0.0143225 0
0.348 12.0546 0 -5.36296 0 0.0143431 0
0.3485 12.0719 0 -5.37067 0 0.0143637 0
0.349 12.0892 0 -5.37837 0 0.0143843 0
0.3495 12.1065 0 -5.38608 0 0.0144049 0
0.35 12.1238 0 -5.39378 0 0.0144255 0
0.3505 12.1412 0 -5.40149 0 0.0144461 0
0.351 12.1585 0 -5.40919 0 0.0144667 0
0.3515 12.1758 0 -5.4169 0 0.0144873 0
0.352 12.1931 0 -5.4246 0 0.0145079 0
0.3525 12.2104 0 -5.43231 0 0.0145285 0
0.353 12.2278 0 -5.44002 0 0.0145491 0
0.3535 12.2451 0 -5.44772 0 0.0145698 0
0.354 12.2624 0 -5.45543 0 0.0145904 0
0.3545 12.2797 0 -5.46313 0 0.014611 0
0.355 12.297 0 -5.47084 0 0.0146316 0
0.3555 12.3144 0 -5.47854 0 0.0146522 0
0.356 12.3317 0 -5.48625 0 0.0146728 0
0.3565 12.349 0 -5.49395 0 0.0146934 0
0.357 12.3663 0 -5.50166 0 0.014714 0
0.3575 12.3836 0 -5.50936 0 0.0147346 0
0.358 12.401 0 -5.51707 0 0.0147552 0
0.3585 12.4183 0 -5.52477 0 0.0147758 0
0.359 12.4356 0 -5.53248 0 0.0147964 0
0.3595 12.4529 0 -5.54019 0 0.0148171 0
0.36 12.4702 0 -5.54789 0 0.0148377 0
0.3605 12.4876 0 -5.5556 0 0.0148583 0
0.361 12.5049 0 -5.5633 0 0.0148789 0
0.3615 12.5222 0 -5.57101 0 0.0148995 0
0.362 12.5395 0 -5.57871 0 0.0149201 0
0.3625 12.5568 0 -5.58642 0 0.0149407 0
0.363 12.5742 0 -5.59412 0 0.0149613 0
0.3635 12.5915 0 -5.60183 0 0.0149819 0
0.364 12.6088 0 -5.60953 0 0.0150025 0
0.3645 12.6261 0 -5.61724 0 0.0150231 0
0.365 12.6434 0 -5.62494 0 0.0150437 0
0.3655 12.6608 0 -5.63265 0 0.0150643 0
0.366 12.6781 0 -5.64036 0 0.015085 0
0.3665 12.6954 0 -5.64806 0 0.0151056 0
0.367 12.7127 0 -5.65577 0 0.0151262 0
0.3675 12.73 0 -5.66347 0 0.0151468 0
0.368 12.7474 0 -5.67118 0 0.0151674 0
0.3685 12.7647 0 -5.67888 0 0.015188 0
0.369 12.782 0 -5.68659 0 0.0152086 0
0.3695 12.7993 0 -5.69429 0 0.0152292 0
0.37 12.8166 0 -5.702 0 0.0152498 0
0.3705 12.834 0 -5.7097 0 0.0152704 0
0.371 12.8513 0 -5.71741 0 0.015291 0
0.3715 12.8686 0 -5.72512 0 0.0153116 0
0.372 12.8859 0 -5.73282 0 0.0153322 0
0.3725 12.9032 0 -5.74053 0 0.0153529 0
0.373 12.9206 0 -5.74823 0 0.0153735 0
0.3735 12.9379 0 -5.75594 0 0.0153941 0
0.374 12.9552 0 -5.76364 0 0.0154147 0
0.3745 12.9725 0 -5.77135 0 0.0154353 0
0.375 12.9898 0 -5.77905 0 0.0154559 0
0.3755 13.0072 0 -5.78676 0 0.0154765 0
0.376 13.0245 0 -5.79446 0 0.0154971 0
0.3765 13.0418 0 -5.80217 0 0.0155177 0
0.377 13.0591 0 -5.80987 0 0.0155383 0
0.3775 13.0764 0 -5.81758 0 0.0155589 0
0.378 13.0938 0 -5.82529 0 0.0155795 0
0.3785 13.1111 0 -5.83299 0 0.0156002 0
0.379 13.1284 0 -5.8407 0 0.0156208 0
0.3795 13.1457 0 -5.8484 0 0.0156414 0
0.38 13.163 0 -5.85611 0 0.015662 0
0.3805 13.1804 0 -5.86381 0 0.0156826 0
0.381 13.1977 0 -5.87152 0 0.0157032 0
0.3815 13.215 0 -5.87922 0 0.0157238 0
0.382 13.2323 0 -5.88693 0 0.0157444 0
0.3825 13.2496 0 -5.89463 0 0.015765 0
0.383 13.2669 0 -5.90234 0 0.0157856 0
0.3835 13.2843 0 -5.91004 0 0.0158062 0
0.384 13.3016 0 -5.91775 0 0.0158268 0
0.3845 13.3189 0 -5.92546 0 0.0158474 0
0.385 13.3362 0 -5.93316 0 0.0158681 0
0.3855 13.3535 0 -5.94087 0 0.0158887 0
0.386 13.3709 0 -5.94857 0 0.0159093 0
0.3865 13.3882 0 -5.95628 0 0.0159299 0
0.387 13.4055 0 -5.96398 0 0.0159505 0
0.3875 13.4228 0 -5.97169 0 0.0159711 0
0.388 13.4401 0 -5.97939 0 0.0159917 0
0.3885 13.4575 0 -5.9871 0 0.0160123 0
0.389 13.4748 0 -5.9948 0 0.0160329 0
0.3895 13.4921 0 -6.00251 0 0.0160535 0
0.39 13.5094 0 -6.01022 0 0.0160741 0
0.3905 13.5267 0 -6.01792 0 0.0160947 0
0.391 13.5441 0 -6.02563 0 0.0161153 0
0.3915 13.5614 0 -6.03333 0 0.016136 0
0.392 13.5787 0 -6.04104 0 0.0161566 0
0.3925 13.596 0 -6.04874 0 0.0161772 0
0.393 13.6133 0 -6.05645 0 0.0161978 0
0.3935 13.6307 0 -6.06415 0 0.0162184 0
0.394 13.648 0 -6.07186 0 0.016239 0
0.3945 13.6653 0 -6.07956 0 0.0162596 0
0.395 13.6826 0 -6.08727 0 0.0162802 0
0.3955 13.6999 0 -6.09497 0 0.0163008 0
0.396 13.7173 0 -6.10268 0 0.0163214 0
0.3965 13.7346 0 -6.11039 0 0.016342 0
0.397 13.7519 0 -6.11809 0 0.0163626 0
0.3975 13.7692 0 -6.1258 0 0.0163832 0
0.398 13.7865 0 -6.1335 0 0.0164039 0
0.3985 13.8039 0 -6.14121 0 0.0164245 0
0.399 13.8212 0 -6.14891 0 0.0164451 0
0.3995 13.8385 0 -6.15662 0 0.0164657 0
0.4 13.8558 0 -6.16432 0 0.0164863 0
0.4005 13.8731 0 -6.17203 0 0.0165069 0
0.401 13.8905 0 -6.17973 0 0.0165275 0
0.4015 13.9078 0 -6.18744 0 0.0165481 0
0.402 13.9251 0 -6.19514 0 0.0165687 0
0.4025 13.9424 0 -6.20285 0 0.0165893 0
0.403 13.9597 0 -6.21056 0 0.0166099 0
0.4035 13.9771 0 -6.21826 0 0.0166305 0
0.404 13.9944 0 -6.22597 0 0.0166512 0
0.4045 14.0117 0 -6.23367 0 0.0166718 0
0.405 14.029 0 -6.24138 0 0.0166924 0
0.4055 14.0463 0 -6.24908 0 0.016713 0
0.406 14.0637 0 -6.25679 0 0.0167336 0
0.4065 14.081 0 -6.26449 0 0.0167542 0
0.407 14.0983 0 -6.2722 0 0.0167748 0
0.4075 14.1156 0 -6.2799 0 0.0167954 0
0.408 14.1329 0 -6.28761 0 0.016816 0
0.4085 14.1503 0 -6.29532 0 0.0168366 0
0.409 14.1676 0 -6.30302 0 0.0168572 0
0.4095 14.1849 0 -6.31073 0 0.0168778 0
0.41 14.2022 0 -6.31843 0 0.0168984 0
0.4105 14.2195 0 -6.32614 0 0.0169191 0
0.411 14.2369 0 -6.33384 0 0.0169397 0
0.4115 14.2542 0 -6.34155 0 0.0169603 0
0.412 14.2715 0 -6.34925 0 0.0169809 0
0.4125 14.2888 0 -6.35696 0 0.0170015 0
0.413 14.3061 0 -6.36466 0 0.0170221 0
0.4135 14.3235 0 -6.37237 0 0.0170427 0
0.414 14.3408 0 -6.38007 0 0.0170633 0
0.4145 14.3581 0 -6.38778 0 0.0170839 0
0.415 14.3754 0 -6.39549 0 0.0171045 0
0.4155 14.3927 0 -6.40319 0 0.0171251 0
0.416 14.4101 0 -6.4109 0 0.0171457 0
0.4165 14.4274 0 -6.4186 0 0.0171663 0
0.417 14.4447 0 -6.42631 0 0.017187 0
0.4175 14.462 0 -6.43401 0 0.0172076 0
0.418 14.4793 0 -6.44172 0 0.0172282 0
0.4185 14.4967 0 -6.44942 0 0.0172488 0
0.419 14.514 0 -6.45713 0 0.0172694 0
0.4195 14.5313 0 -6.46483 0 0.01729 0
0.42 14.5486 0 -6.47254 0 0.0173106 0
0.4205 14.5659 0 -6.48024 0 0.0173312 0
0.421 14.5833 0 -6.48795 0 0.0173518 0
0.4215 14.6006 0 -6.49566 0 0.0173724 0
0.422 14.6179 0 -6.50336 0 0.017393 0
0.4225 14.6352 0 -6.51107 0 0.0174136 0
0.423 14.6525 0 -6.51877 0 0.0174342 0
0.4235 14.6699 0 -6.52648 0 0.0174549 0
0.424 14.6872 0 -6.53418 0 0.0174755 0
0.4245 14.7045 0 -6.54189 0 0.0174961 0
0.425 14.7218 0 -6.54959 0 0.0175167 0
0.4255 14.7391 0 -6.5573 0 0.0175373 0
0.426 14.7564 0 -6.565 0 0.0175579 0
0.4265 14.7738 0 -6.57271 0 0.0175785 0
0.427 14.7911 0 -6.58042 0 0.0175991 0
0.4275 14.8084 0 -6.58812 0 0.0176197 0
0.428 14.8257 0 -6.59583 0 0.0176403 0
0.4285 14.843 0 -6.60353 0 0.0176609 0
0.429 14.8604 0 -6.61124 0 0.0176815 0
0.4295 14.8777 0 -6.61894 0 0.0177022 0
0.43 14.895 0 -6.62665 0 0.0177228 0
0.4305 14.9123 0 -6.63435 0 0.0177434 0
0.431 14.9296 0 -6.64206 0 0.017764 0
0.4315 14.947 0 -6.64976 0 0.0177846 0
0.432 14.9643 0 -6.65747 0 0.0178052 0
0.4325 14.9816 0 -6.66517 0 0.0178258 0
0.433 14.9989 0 -6.67288 0 0.0178464 0
0.4335 15.0162 0 -6.68059 0 0.017867 0
0.434 15.0336 0 -6.68829 0 0.0178876 0
0.4345 15.0509 0 -6.696 0 0.0179082 0
0.435 15.0682 0 -6.7037 0 0.0179288 0
0.4355 15.0855 0 -6.71141 0 0.0179494 0
0.436 15.1028 0 -6.71911 0 0.0179701 0
0.4365 15.1202 0 -6.72682 0 0.0179907 0
0.437 15.1375 0 -6.73452 0 0.0180113 0
0.4375 15.1548 0 -6.74223 0 0.0180319 0
0.438 15.1721 0 -6.74993 0 0.0180525 0
0.4385 15.1894 0 -6.75764 0 0.0180731 0
0.439 15.2068 0 -6.76534 0 0.0180937 0
0.4395 15.2241 0 -6.77305 0 0.0181143 0
0.44 15.2414 0 -6.78076 0 0.0181349 0
0.4405 15.2587 0 -6.78846 0 0.0181555 0
0.441 15.276 0 -6.79617 0 0.0181761 0
0.4415 15.2934 0 -6.80387 0 0.0181967 0
0.442 15.3107 0 -6.81158 0 0.0182173 0
0.4425 15.328 0 -6.81928 0 0.018238 0
0.443 15.3453 0 -6.82699 0 0.0182586 0
0.4435 15.3626 0 -6.83469 0 0.0182792 0
0.444 15.38 0 -6.8424 0 0.0182998 0
0.4445 15.3973 0 -6.8501 0 0.0183204 0
0.445 15.4146 0 -6.85781 0 0.018341 0
0.4455 15.4319 0 -6.86551 0 0.0183616 0
0.446 15.4492 0 -6.87322 0 0.0183822 0
0.4465 15.4666 0 -6.88093 0 0.0184028 0
0.447 15.4839 0 -6.88863 0 0.0184234 0
0.4475 15.5012 0 -6.89634 0 0.018444 0
0.448 15.5185 0 -6.90404 0 0.0184646 0
0.4485 15.5358 0 -6.91175 0 0.0184853 0
0.449 15.5532 0 -6.91945 0 0.0185059 0
0.4495 15.5705 0 -6.92716 0 0.0185265 0
0.45 15.5878 0 -6.93486 0 0.0185471 0
0.4505 15.6051 0 -6.94257 0 0.0185677 0
0.451 15.6224 0 -6.95027 0 0.0185883 0
0.4515 15.6398 0 -6.95798 0 0.0186089 0
0.452 15.6571 0 -6.96569 0 0.0186295 0
0.4525 15.6744 0 -6.97339 0 0.0186501 0
0.453 15.6917 0 -6.9811 0 0.0186707 0
0.4535 15.709 0 -6.9888 0 0.0186913 0
0.454 15.7264 0 -6.99651 0 0.0187119 0
0.4545 15.7437 0 -7.00421 0 0.0187325 0
0.455 15.761 0 -7.01192 0 0.0187532 0
0.4555 15.7783 0 -7.01962 0 0.0187738 0
0.456 15.7956 0 -7.02733 0 0.0187944 0
0.4565 15.813 0 -7.03503 0 0.018815 0
0.457 15.8303 0 -7.04274 0 0.0188356 0
0.4575 15.8476 0 -7.05044 0 0.0188562 0
0.458 15.8649 0 -7.05815 0 0.0188768 0
0.4585 15.8822 0 -7.06586 0 0.0188974 0
0.459 15.8996 0 -7.07356 0 0.018918 0
0.4595 15.9169 0 -7.08127 0 0.0189386 0
0.46 15.9342 0 -7.08897 0 0.0189592 0
0.4605 15.9515 0 -7.09668 0 0.0189798 0
0.461 15.9688 0 -7.10438 0 0.0190004 0
0.4615 15.9862 0 -7.11209 0 0.0190211 0
0.462 16.0035 0 -7.11979 0 0.0190417 0
0.4625 16.0208 0 -7.1275 0 0.0190623 0
0.463 16.0381 0 -7.1352 0 0.0190829 0
0.4635 16.0554 0 -7.14291 0 0.0191035 0
0.464 16.0728 0 -7.15061 0 0.0191241 0
0.4645 16.0901 0 -7.15832 0 0.0191447 0
0.465 16.1074 0 -7.16603 0 0.0191653 0
0.4655 16.1247 0 -7.17373 0 0.0191859 0
0.466 16.142 0 -7.18144 0 0.0192065 0
0.4665 16.1594 0 -7.18914 0 0.0192271 0
0.467 16.1767 0 -7.19685 0 0.0192477 0
0.4675 16.194 0 -7.20455 0 0.0192683 0
0.468 16.2113 0 -7.21226 0 0.019289 0
0.4685 16.2286 0 -7.21996 0 0.0193096 0
0.469 16.246 0 -7.22767 0 0.0193302 0
0.4695 16.2633 0 -7.23537 0 0.0193508 0
0.47 16.2806 0 -7.24308 0 0.0193714 0
0.4705 16.2979 0 -7.25079 0 0.019392 0
0.471 16.3152 0 -7.25849 0 0.0194126 0
0.4715 16.3325 0 -7.2662 0 0.0194332 0
0.472 16.3499 0 -7.2739 0 0.0194538 0
0.4725 16.3672 0 -7.28161 0 0.0194744 0
0.473 16.3845 0 -7.28931 0 0.019495 0
0.4735 16.4018 0 -7.29702 0 0.0195156 0
0.474 16.4191 0 -7.30472 0 0.0195363 0
0.4745 16.4365 0 -7.31243 0 0.0195569 0
0.475 16.4538 0 -7.32013 0 0.0195775 0
0.4755 16.4711 0 -7.32784 0 0.0195981 0
0.476 16.4884 0 -7.33554 0 0.0196187 0
0.4765 16.5057 0 -7.34325 0 0.0196393 0
0.477 16.5231 0 -7.35096 0 0.0196599 0
0.4775 16.5404 0 -7.35866 0 0.0196805 0
0.478 16.5577 0 -7.36637 0 0.0197011 0
0.4785 16.575 0 -7.37407 0 0.0197217 0
0.479 16.5923 0 -7.38178 0 0.0197423 0
0.4795 16.6097 0 -7.38948 0 0.0197629 0
0.48 16.627 0 -7.39719 0 0.0197835 0
0.4805 16.6443 0 -7.40489 0 0.0198042 0
0.481 16.6616 0 -7.4126 0 0.0198248 0
0.4815 16.6789 0 -7.4203 0 0.0198454 0
0.482 16.6963 0 -7.42801 0 0.019866 0
0.4825 16.7136 0 -7.43571 0 0.0198866 0
0.483 16.7309 0 -7.44342 0 0.0199072 0
0.4835 16.7482 0 -7.45113 0 0.0199278 0
0.484 16.7655 0 -7.45883 0 0.0199484 0
0.4845 16.7829 0 -7.46654 0 0.019969 0
0.485 16.8002 0 -7.47424 0 0.0199896 0
0.4855 16.8175 0 -7.48195 0 0.0200102 0
0.486 16.8348 0 -7.48965 0 0.0200308 0
0.4865 16.8521 0 -7.49736 0 0.0200514 0
0.487 16.8695 0 -7.50506 0 0.0200721 0
0.4875 16.8868 0 -7.51277 0 0.0200927 0
0.488 16.9041 0 -7.52047 0 0.0201133 0
0.4885 16.9214 0 -7.52818 0 0.0201339 0
0.489 16.9387 0 -7.53589 0 0.0201545 0
0.4895 16.9561 0 -7.54359 0 0.0201751 0
0.49 16.9734 0 -7.5513 0 0.0201957 0
0.4905 16.9907 0 -7.559 0 0.0202163 0
0.491 17.008 0 -7.56671 0 0.0202369 0
0.4915 17.0253 0 -7.57441 0 0.0202575 0
0.492 17.0427 0 -7.58212 0 0.0202781 0
0.4925 17.06 0 -7.58982 0 0.0202987 0
0.493 17.0773 0 -7.59753 0 0.0203194 0
0.4935 17.0946 0 -7.60523 0 0.02034 0
0.494 17.1119 0 -7.61294 0 0.0203606 0
0.4945 17.1293 0 -7.62064 0 0.0203812 0
0.495 17.1466 0 -7.62835 0 0.0204018 0
0.4955 17.1639 0 -7.63606 0 0.0204224 0
0.496 17.1812 0 -7.64376 0 0.020443 0
0.4965 17.1985 0 -7.65147 0 0.0204636 0
0.497 17.2159 0 -7.65917 0 0.0204842 0
0.4975 17.2332 0 -7.66688 0 0.0205048 0
0.498 17.2505 0 -7.67458 0 0.0205254 0
0.4985 17.2678 0 -7.68229 0 0.020546 0
0.499 17.2851 0 -7.68999 0 0.0205666 0
0.4995 17.3025 0 -7.6977 0 0.0205873 0
0.5 17.3198 0 -7.7054 0 0.0206079 0
0.5005 17.3371 0 -7.71311 0 0.0206285 0
0.501 17.3544 0 -7.72081 0 0.0206491 0
0.5015 17.3717 0 -7.72852 0 0.0206697 0
0.502 17.3891 0 -7.73623 0 0.0206903 0
0.5025 17.4064 0 -7.74393 0 0.0207109 0
0.503 17.4237 0 -7.75164 0 0.0207315 0
0.5035 17.441 0 -7.75934 0 0.0207521 0
0.504 17.4583 0 -7.76705 0 0.0207727 0
0.5045 17.4757 0 -7.77475 0 0.0207933 0
0.505 17.493 0 -7.78246 0 0.0208139 0
0.5055 17.5103 0 -7.79016 0 0.0208345 0
0.506 17.5276 0 -7.79787 0 0.0208552 0
0.5065 17.5449 0 -7.80557 0 0.0208758 0
0.507 17.5623 0 -7.81328 0 0.0208964 0
0.5075 17.5796 0 -7.82099 0 0.020917 0
0.508 17.5969 0 -7.82869 0 0.0209376 0
0.5085 17.6142 0 -7.8364 0 0.0209582 0
0.509 17.6315 0 -7.8441 0 0.0209788 0
0.5095 17.6489 0 -7.85181 0 0.0209994 0
0.51 17.6662 0 -7.85951 0 0.02102 0
0.5105 17.6835 0 -7.86722 0 0.0210406 0
0.511 17.7008 0 -7.87492 0 0.0210612 0
0.5115 17.7181 0 -7.88263 0 0.0210818 0
0.512 17.7355 0 -7.89033 0 0.0211024 0
0.5125 17.7528 0 -7.89804 0 0.0211231 0
0.513 17.7701 0 -7.90574 0 0.0211437 0
0.5135 17.7874 0 -7.91345 0 0.0211643 0
0.514 17.8047 0 -7.92116 0 0.0211849 0
0.5145 17.8221 0 -7.92886 0 0.0212055 0
0.515 17.8394 0 -7.93657 0 0.0212261 0
0.5155 17.8567 0 -7.94427 0 0.0212467 0
0.516 17.874 0 -7.95198 0 0.0212673 0
0.5165 17.8913 0 -7.95968 0 0.0212879 0
0.517 17.9086 0 -7.96739 0 0.0213085 0
0.5175 17.926 0 -7.97509 0 0.0213291 0
0.518 17.9433 0 -7.9828 0 0.0213497 0
0.5185 17.9606 0 -7.9905 0 0.0213704 0
0.519 17.9779 0 -7.99821 0 0.021391 0
0.5195 17.9952 0 -8.00591 0 0.0214116 0
0.52 18.0126 0 -8.01362 0 0.0214322 0
0.5205 18.0299 0 -8.02133 0 0.0214528 0
0.521 18.0472 0 -8.02903 0 0.0214734 0
0.5215 18.0645 0 -8.03674 0 0.021494 0
0.522 18.0818 0 -8.04444 0 0.0215146 0
0.5225 18.0992 0 -8.05215 0 0.0215352 0
0.523 18.1165 0 -8.05985 0 0.0215558 0
0.5235 18.1338 0 -8.06756 0 0.0215764 0
0.524 18.1511 0 -8.07526 0 0.021597 0
0.5245 18.1684 0 -8.08297 0 0.0216176 0
0.525 18.1858 0 -8.09067 0 0.0216383 0
0.5255 18.2031 0 -8.09838 0 0.0216589 0
0.526 18.2204 0 -8.10609 0 0.0216795 0
0.5265 18.2377 0 -8.11379 0 0.0217001 0
0.527 18.255 0 -8.1215 0 0.0217207 0
0.5275 18.2724 0 -8.1292 0 0.0217413 0
0.528 18.2897 0 -8.13691 0 0.0217619 0
0.5285 18.307 0 -8.14461 0 0.0217825 0
0.529 18.3243 0 -8.15232 0 0.0218031 0
0.5295 18.3416 0 -8.16002 0 0.0218237 0
0.53 18.359 0 -8.16773 0 0.0218443 0
0.5305 18.3763 0 -8.17543 0 0.0218649 0
0.531 18.3936 0 -8.18314 0 0.0218855 0
0.5315 18.4109 0 -8.19084 0 0.0219062 0
0.532 18.4282 0 -8.19855 0 0.0219268 0
0.5325 18.4456 0 -8.20626 0 0.0219474 0
0.533 18.4629 0 -8.21396 0 0.021968 0
0.5335 18.4802 0 -8.22167 0 0.0219886 0
0.534 18.4975 0 -8.22937 0 0.0220092 0
0.5345 18.5148 0 -8.23708 0 0.0220298 0
0.535 18.5322 0 -8.24478 0 0.0220504 0
0.5355 18.5495 0 -8.25249 0 0.022071 0
0.536 18.5668 0 -8.26019 0 0.0220916 0
0.5365 18.5841 0 -8.2679 0 0.0221122 0
0.537 18.6014 0 -8.2756 0 0.0221328 0
0.5375 18.6188 0 -8.28331 0 0.0221534 0
0.538 18.6361 0 -8.29101 0 0.0221741 0
0.5385 18.6534 0 -8.29872 0 0.0221947 0
0.539 18.6707 0 -8.30643 0 0.0222153 0
0.5395 18.688 0 -8.31413 0 0.0222359 0
0.54 18.7054 0 -8.32184 0 0.0222565 0
0.5405 18.7227 0 -8.32954 0 0.0222771 0
0.541 18.74 0 -8.33725 0 0.0222977 0
0.5415 18.7573 0 -8.34495 0 0.0223183 0
0.542 18.7746 0 -8.35266 0 0.0223389 0
0.5425 18.792 0 -8.36036 0 0.0223595 0
0.543 18.8093 0 -8.36807 0 0.0223801 0
0.5435 18.8266 0 -8.37577 0 0.0224007 0
0.544 18.8439 0 -8.38348 0 0.0224214 0
0.5445 18.8612 0 -8.39118 0 0.022442 0
0.545 18.8786 0 -8.39889 0 0.0224626 0
0.5455 18.8959 0 -8.4066 0 0.0224832 0
0.546 18.9132 0 -8.4143 0 0.0225038 0
0.5465 18.9305 0 -8.42201 0 0.0225244 0
0.547 18.9478 0 -8.42971 0 0.022545 0
0.5475 18.9652 0 -8.43742 0 0.0225656 0
0.548 18.9825 0 -8.44512 0 0.0225862 0
0.5485 18.9998 0 -8.45283 0 0.0226068 0
0.549 19.0171 0 -8.46053 0 0.0226274 0
0.5495 19.0344 0 -8.46824 0 0.022648 0
0.55 19.0518 0 -8.47594 0 0.0226686 0
0.5505 19.0691 0 -8.48365 0 0.0226893 0
0.551 19.0864 0 -8.49136 0 0.0227099 0
0.5515 19.1037 0 -8.49906 0 0.0227305 0
0.552 19.121 0 -8.50677 0 0.0227511 0
0.5525 19.1384 0 -8.51447 0 0.0227717 0
0.553 19.1557 0 -8.52218 0 0.0227923 0
0.5535 19.173 0 -8.52988 0 0.0228129 0
0.554 19.1903 0 -8.53759 0 0.0228335 0
0.5545 19.2076 0 -8.54529 0 0.0228541 0
0.555 19.225 0 -8.553 0 0.0228747 0
0.5555 19.2423 0 -8.5607 0 0.0228953 0
0.556 19.2596 0 -8.56841 0 0.0229159 0
0.5565 19.2769 0 -8.57611 0 0.0229365 0
0.557 19.2942 0 -8.58382 0 0.0229572 0
0.5575 19.3116 0 -8.59153 0 0.0229778 0
0.558 19.3289 0 -8.59923 0 0.0229984 0
0.5585 19.3462 0 -8.60694 0 0.023019 0
0.559 19.3635 0 -8.61464 0 0.0230396 0
0.5595 19.3808 0 -8.62235 0 0.0230602 0
0.56 19.3981 0 -8.63005 0 0.0230808 0
0.5605 19.4155 0 -8.63776 0 0.0231014 0
0.561 19.4328 0 -8.64546 0 0.023122 0
0.5615 19.4501 0 -8.65317 0 0.0231426 0
0.562 19.4674 0 -8.66087 0 0.0231632 0
0.5625 19.4847 0 -8.66858 0 0.0231838 0
0.563 19.5021 0 -8.67628 0 0.0232045 0
0.5635 19.5194 0 -8.68399 0 0.0232251 0
0.564 19.5367 0 -8.6917 0 0.0232457 0
0.5645 19.554 0 -8.6994 0 0.0232663 0
0.565 19.5713 0 -8.70711 0 0.0232869 0
0.5655 19.5887 0 -8.71481 0 0.0233075 0
0.566 19.606 0 -8.72252 0 0.0233281 0
0.5665 19.6233 0 -8.73022 0 0.0233487 0
0.567 19.6406 0 -8.73793 0 0.0233693 0
0.5675 19.6579 0 -8.74563 0 0.0233899 0
0.568 19.6753 0 -8.75334 0 0.0234105 0
0.5685 19.6926 0 -8.76104 0 0.0234311 0
0.569 19.7099 0 -8.76875 0 0.0234517 0
0.5695 19.7272 0 -8.77646 0 0.0234724 0
0.57 19.7445 0 -8.78416 0 0.023493 0
0.5705 19.7619 0 -8.79187 0 0.0235136 0
0.571 19.7792 0 -8.79957 0 0.0235342 0
0.5715 19.7965 0 -8.80728 0 0.0235548 0
0.572 19.8138 0 -8.81498 0 0.0235754 0
0.5725 19.8311 0 -8.82269 0 0.023596 0
0.573 19.8485 0 -8.83039 0 0.0236166 0
0.5735 19.8658 0 -8.8381 0 0.0236372 0
0.574 19.8831 0 -8.8458 0 0.0236578 0
0.5745 19.9004 0 -8.85351 0 0.0236784 0
0.575 19.9177 0 -8.86121 0 0.023699 0
0.5755 19.9351 0 -8.86892 0 0.0237196 0
0.576 19.9524 0 -8.87663 0 0.0237403 0
0.5765 19.9697 0 -8.88433 0 0.0237609 0
0.577 19.987 0 -8.89204 0 0.0237815 0
0.5775 20.0043 0 -8.89974 0 0.0238021 0
0.578 20.0217 0 -8.90745 0 0.0238227 0
0.5785 20.039 0 -8.91515 0 0.0238433 0
0.579 20.0563 0 -8.92286 0 0.0238639 0
0.5795 20.0736 0 -8.93056 0 0.0238845 0
0.58 20.0909 0 -8.93827 0 0.0239051 0
0.5805 20.1083 0 -8.94597 0 0.0239257 0
0.581 20.1256 0 -8.95368 0 0.0239463 0
0.5815 20.1429 0 -8.96138 0 0.0239669 0
0.582 20.1602 0 -8.96909 0 0.0239875 0
0.5825 20.1775 0 -8.9768 0 0.0240082 0
0.583 20.1949 0 -8.9845 0 0.0240288 0
0.5835 20.2122 0 -8.99221 0 0.0240494 0
0.584 20.2295 0 -8.99991 0 0.02407 0
0.5845 20.2468 0 -9.00762 0 0.0240906 0
0.585 20.2641 0 -9.01532 0 0.0241112 0
0.5855 20.2815 0 -9.02303 0 0.0241318 0
0.586 20.2988 0 -9.03073 0 0.0241524 0
0.5865 20.3161 0 -9.03844 0 0.024173 0
0.587 20.3334 0 -9.04614 0 0.0241936 0
0.5875 20.3507 0 -9.05385 0 0.0242142 0
0.588 20.3681 0 -9.06156 0 0.0242348 0
0.5885 20.3854 0 -9.06926 0 0.0242555 0
0.589 20.4027 0 -9.07697 0 0.0242761 0
0.5895 20.42 0 -9.08467 0 0.0242967 0
0.59 20.4373 0 -9.09238 0 0.0243173 0
0.5905 20.4547 0 -9.10008 0 0.0243379 0
0.591 20.472 0 -9.10779 0 0.0243585 0
0.5915 20.4893 0 -9.11549 0 0.0243791 0
0.592 20.5066 0 -9.1232 0 0.0243997 0
0.5925 20.5239 0 -9.1309 0 0.0244203 0
0.593 20.5413 0 -9.13861 0 0.0244409 0
0.5935 20.5586 0 -9.14631 0 0.0244615 0
0.594 20.5759 0 -9.15402 0 0.0244821 0
0.5945 20.5932 0 -9.16173 0 0.0245027 0
0.595 20.6105 0 -9.16943 0 0.0245234 0
0.5955 20.6279 0 -9.17714 0 0.024544 0
0.596 20.6452 0 -9.18484 0 0.0245646 0
0.5965 20.6625 0 -9.19255 0 0.0245852 0
0.597 20.6798 0 -9.20025 0 0.0246058 0
0.5975 20.6971 0 -9.20796 0 0.0246264 0
0.598 20.7145 0 -9.21566 0 0.024647 0
0.5985 20.7318 0 -9.22337 0 0.0246676 0
0.599 20.7491 0 -9.23107 0 0.0246882 0
0.5995 20.7664 0 -9.23878 0 0.0247088 0
0.6 20.7837 0 -9.24648 0 0.0247294 0
0.6005 20.8011 0 -9.25419 0 0.02475 0
0.601 20.8184 0 -9.2619 0 0.0247706 0
0.6015 20.8357 0 -9.2696 0 0.0247913 0
0.602 20.853 0 -9.27731 0 0.0248119 0
0.6025 20.8703 0 -9.28501 0 0.0248325 0
0.603 20.8877 0 -9.29272 0 0.0248531 0
0.6035 20.905 0 -9.30042 0 0.0248737 0
0.604 20.9223 0 -9.30813 0 0.0248943 0
0.6045 20.9396 0 -9.31583 0 0.0249149 0
0.605 20.9569 0 -9.32354 0 0.0249355 0
0.6055 20.9742 0 -9.33124 0 0.0249561 0
0.606 20.9916 0 -9.33895 0 0.0249767 0
0.6065 21.0089 0 -9.34666 0 0.0249973 0
0.607 21.0262 0 -9.35436 0 0.0250179 0
0.6075 21.0435 0 -9.36207 0 0.0250386 0
0.608 21.0608 0 -9.36977 0 0.0250592 0
0.6085 21.0782 0 -9.37748 0 0.0250798 0
0.609 21.0955 0 -9.38518 0 0.0251004 0
0.6095 21.1128 0 -9.39289 0 0.025121 0
0.61 21.1301 0 -9.40059 0 0.0251416 0
0.6105 21.1474 0 -9.4083 0 0.0251622 0
0.611 21.1648 0 -9.416 0 0.0251828 0
0.6115 21.1821 0 -9.42371 0 0.0252034 0
0.612 21.1994 0 -9.43141 0 0.025224 0
0.6125 21.2167 0 -9.43912 0 0.0252446 0
0.613 21.234 0 -9.44683 0 0.0252652 0
0.6135 21.2514 0 -9.45453 0 0.0252858 0
0.614 21.2687 0 -9.46224 0 0.0253065 0
0.6145 21.286 0 -9.46994 0 0.0253271 0
0.615 21.3033 0 -9.47765 0 0.0253477 0
0.6155 21.3206 0 -9.48535 0 0.0253683 0
0.616 21.338 0 -9.49306 0 0.0253889 0
0.6165 21.3553 0 -9.50076 0 0.0254095 0
0.617 21.3726 0 -9.50847 0 0.0254301 0
0.6175 21.3899 0 -9.51617 0 0.0254507 0
0.618 21.4072 0 -9.52388 0 0.0254713 0
0.6185 21.4246 0 -9.53158 0 0.0254919 0
0.619 21.4419 0 -9.53929 0 0.0255125 0
0.6195 21.4592 0 -9.547 0 0.0255331 0
0.62 21.4765 0 -9.5547 0 0.0255537 0
0.6205 21.4938 0 -9.56241 0 0.0255744 0
0.621 21.5112 0 -9.57011 0 0.025595 0
0.6215 21.5285 0 -9.57782 0 0.0256156 0
0.622 21.5458 0 -9.58552 0 0.0256362 0
0.6225 21.5631 0 -9.59323 0 0.0256568 0
0.623 21.5804 0 -9.60093 0 0.0256774 0
0.6235 21.5978 0 -9.60864 0 0.025698 0
0.624 21.6151 0 -9.61634 0 0.0257186 0
0.6245 21.6324 0 -9.62405 0 0.0257392 0
0.625 21.6497 0 -9.63176 0 0.0257598 0
0.6255 21.667 0 -9.63946 0 0.0257804 0
0.626 21.6844 0 -9.64717 0 0.025801 0
0.6265 21.7017 0 -9.65487 0 0.0258216 0
0.627 21.719 0 -9.66258 0 0.0258423 0
0.6275 21.7363 0 -9.67028 0 0.0258629 0
0.628 21.7536 0 -9.67799 0 0.0258835 0
0.6285 21.771 0 -9.68569 0 0.0259041 0
0.629 21.7883 0 -9.6934 0 0.0259247 0
0.6295 21.8056 0 -9.7011 0 0.0259453 0
0.63 21.8229 0 -9.70881 0 0.0259659 0
0.6305 21.8402 0 -9.71651 0 0.0259865 0
0.631 21.8576 0 -9.72422 0 0.0260071 0
0.6315 21.8749 0 -9.73193 0 0.0260277 0
0.632 21.8922 0 -9.73963 0 0.0260483 0
0.6325 21.9095 0 -9.74734 0 0.0260689 0
0.633 21.9268 0 -9.75504 0 0.0260896 0
0.6335 21.9442 0 -9.76275 0 0.0261102 0
0.634 21.9615 0 -9.77045 0 0.0261308 0
0.6345 21.9788 0 -9.77816 0 0.0261514 0
0.635 21.9961 0 -9.78586 0 0.026172 0
0.6355 22.0134 0 -9.79357 0 0.0261926 0
0.636 22.0308 0 -9.80127 0 0.0262132 0
0.6365 22.0481 0 -9.80898 0 0.0262338 0
0.637 22.0654 0 -9.81668 0 0.0262544 0
0.6375 22.0827 0 -9.82439 0 0.026275 0
0.638 22.1 0 -9.8321 0 0.0262956 0
0.6385 22.1174 0 -9.8398 0 0.0263162 0
0.639 22.1347 0 -9.84751 0 0.0263368 0
0.6395 22.152 0 -9.85521 0 0.0263575 0
0.64 22.1693 0 -9.86292 0 0.0263781 0
0.6405 22.1866 0 -9.87062 0 0.0263987 0
0.641 22.204 0 -9.87833 0 0.0264193 0
0.6415 22.2213 0 -9.88603 0 0.0264399 0
0.642 22.2386 0 -9.89374 0 0.0264605 0
0.6425 22.2559 0 -9.90144 0 0.0264811 0
0.643 22.2732 0 -9.90915 0 0.0265017 0
0.6435 22.2906 0 -9.91685 0 0.0265223 0
0.644 22.3079 0 -9.92456 0 0.0265429 0
0.6445 22.3252 0 -9.93227 0 0.0265635 0
0.645 22.3425 0 -9.93997 0 0.0265841 0
0.6455 22.3598 0 -9.94768 0 0.0266047 0
0.646 22.3772 0 -9.95538 0 0.0266254 0
0.6465 22.3945 0 -9.96309 0 0.026646 0
0.647 22.4118 0 -9.97079 0 0.0266666 0
0.6475 22.4291 0 -9.9785 0 0.0266872 0
0.648 22.4464 0 -9.9862 0 0.0267078 0
0.6485 22.4638 0 -9.99391 0 0.0267284 0
0.649 22.4811 0 -10.0016 0 0.026749 0
0.6495 22.4984 0 -10.0093 0 0.0267696 0
0.65 22.5157 0 -10.017 0 0.0267902 0
0.6505 22.533 0 -10.0247 0 0.0268108 0
0.651 22.5503 0 -10.0324 0 0.0268314 0
0.6515 22.5677 0 -10.0401 0 0.026852 0
0.652 22.585 0 -10.0478 0 0.0268726 0
0.6525 22.6023 0 -10.0556 0 0.0268933 0
0.653 22.6196 0 -10.0633 0 0.0269139 0
0.6535 22.6369 0 -10.071 0 0.0269345 0
0.654 22.6543 0 -10.0787 0 0.0269551 0
0.6545 22.6716 0 -10.0864 0 0.0269757 0
0.655 22.6889 0 -10.0941 0 0.0269963 0
0.6555 22.7062 0 -10.1018 0 0.0270169 0
0.656 22.7235 0 -10.1095 0 0.0270375 0
0.6565 22.7409 0 -10.1172 0 0.0270581 0
0.657 22.7582 0 -10.1249 0 0.0270787 0
0.6575 22.7755 0 -10.1326 0 0.0270993 0
0.658 22.7928 0 -10.1403 0 0.0271199 0
0.6585 22.8101 0 -10.148 0 0.0271406 0
0.659 22.8275 0 -10.1557 0 0.0271612 0
0.6595 22.8448 0 -10.1634 0 0.0271818 0
0.66 22.8621 0 -10.1711 0 0.0272024 0
0.6605 22.8794 0 -10.1788 0 0.027223 0
0.661 22.8967 0 -10.1865 0 0.0272436 0
0.6615 22.9141 0 -10.1942 0 0.0272642 0
0.662 22.9314 0 -10.202 0 0.0272848 0
0.6625 22.9487 0 -10.2097 0 0.0273054 0
0.663 22.966 0 -10.2174 0 0.027326 0
0.6635 22.9833 0 -10.2251 0 0.0273466 0
0.664 23.0007 0 -10.2328 0 0.0273672 0
0.6645 23.018 0 -10.2405 0 0.0273878 0
0.665 23.0353 0 -10.2482 0 0.0274085 0
0.6655 23.0526 0 -10.2559 0 0.0274291 0
0.666 23.0699 0 -10.2636 0 0.0274497 0
0.6665 23.0873 0 -10.2713 0 0.0274703 0
0.667 23.1046 0 -10.279 0 0.0274909 0
0.6675 23.1219 0 -10.2867 0 0.0275115 0
0.668 23.1392 0 -10.2944 0 0.0275321 0
0.6685 23.1565 0 -10.3021 0 0.0275527 0
0.669 23.1739 0 -10.3098 0 0.0275733 0
0.6695 23.1912 0 -10.3175 0 0.0275939 0
0.67 23.2085 0 -10.3252 0 0.0276145 0
0.6705 23.2258 0 -10.3329 0 0.0276351 0
0.671 23.2431 0 -10.3407 0 0.0276557 0
0.6715 23.2605 0 -10.3484 0 0.0276764 0
0.672 23.2778 0 -10.3561 0 0.027697 0
0.6725 23.2951 0 -10.3638 0 0.0277176 0
0.673 23.3124 0 -10.3715 0 0.0277382 0
0.6735 23.3297 0 -10.3792 0 0.0277588 0
0.674 23.3471 0 -10.3869 0 0.0277794 0
0.6745 23.3644 0 -10.3946 0 0.0278 0
0.675 23.3817 0 -10.4023 0 0.0278206 0
0.6755 23.399 0 -10.41 0 0.0278412 0
0.676 23.4163 0 -10.4177 0 0.0278618 0
0.6765 23.4337 0 -10.4254 0 0.0278824 0
0.677 23.451 0 -10.4331 0 0.027903 0
0.6775 23.4683 0 -10.4408 0 0.0279237 0
0.678 23.4856 0 -10.4485 0 0.0279443 0
0.6785 23.5029 0 -10.4562 0 0.0279649 0
0.679 23.5203 0 -10.4639 0 0.0279855 0
0.6795 23.5376 0 -10.4716 0 0.0280061 0
0.68 23.5549 0 -10.4793 0 0.0280267 0
0.6805 23.5722 0 -10.4871 0 0.0280473 0
0.681 23.5895 0 -10.4948 0 0.0280679 0
0.6815 23.6069 0 -10.5025 0 0.0280885 0
0.682 23.6242 0 -10.5102 0 0.0281091 0
0.6825 23.6415 0 -10.5179 0 0.0281297 0
0.683 23.6588 0 -10.5256 0 0.0281503 0
0.6835 23.6761 0 -10.5333 0 0.0281709 0
0.684 23.6935 0 -10.541 0 0.0281916 0
0.6845 23.7108 0 -10.5487 0 0.0282122 0
0.685 23.7281 0 -10.5564 0 0.0282328 0
0.6855 23.7454 0 -10.5641 0 0.0282534 0
0.686 23.7627 0 -10.5718 0 0.028274 0
0.6865 23.7801 0 -10.5795 0 0.0282946 0
0.687 23.7974 0 -10.5872 0 0.0283152 0
0.6875 23.8147 0 -10.5949 0 0.0283358 0
0.688 23.832 0 -10.6026 0 0.0283564 0
0.6885 23.8493 0 -10.6103 0 0.028377 0
0.689 23.8667 0 -10.618 0 0.0283976 0
0.6895 23.884 0 -10.6258 0 0.0284182 0
0.69 23.9013 0 -10.6335 0 0.0284388 0
0.6905 23.9186 0 -10.6412 0 0.0284595 0
0.691 23.9359 0 -10.6489 0 0.0284801 0
0.6915 23.9533 0 -10.6566 0 0.0285007 0
0.692 23.9706 0 -10.6643 0 0.0285213 0
0.6925 23.9879 0 -10.672 0 0.0285419 0
0.693 24.0052 0 -10.6797 0 0.0285625 0
0.6935 24.0225 0 -10.6874 0 0.0285831 0
0.694 24.0399 0 -10.6951 0 0.0286037 0
0.6945 24.0572 0 -10.7028 0 0.0286243 0
0.695 24.0745 0 -10.7105 0 0.0286449 0
0.6955 24.0918 0 -10.7182 0 0.0286655 0
0.696 24.1091 0 -10.7259 0 0.0286861 0
0.6965 24.1264 0 -10.7336 0 0.0287067 0
0.697 24.1438 0 -10.7413 0 0.0287274 0
0.6975 24.1611 0 -10.749 0 0.028748 0
0.698 24.1784 0 -10.7567 0 0.0287686 0
0.6985 24.1957 0 -10.7644 0 0.0287892 0
0.699 24.213 0 -10.7722 0 0.0288098 0
0.6995 24.2304 0 -10.7799 0 0.0288304 0
0.7 24.2477 0 -10.7876 0 0.028851 0
0.7005 24.265 0 -10.7953 0 0.0288716 0
0.701 24.2823 0 -10.803 0 0.0288922 0
0.7015 24.2996 0 -10.8107 0 0.0289128 0
0.702 24.317 0 -10.8184 0 0.0289334 0
0.7025 24.3343 0 -10.8261 0 0.028954 0
0.703 24.3516 0 -10.8338 0 0.0289747 0
0.7035 24.3689 0 -10.8415 0 0.0289953 0
0.704 24.3862 0 -10.8492 0 0.0290159 0
0.7045 24.4036 0 -10.8569 0 0.0290365 0
0.705 24.4209 0 -10.8646 0 0.0290571 0
0.7055 24.4382 0 -10.8723 0 0.0290777 0
0.706 24.4555 0 -10.88 0 0.0290983 0
0.7065 24.4728 0 -10.8877 0 0.0291189 0
0.707 24.4902 0 -10.8954 0 0.0291395 0
0.7075 24.5075 0 -10.9031 0 0.0291601 0
0.708 24.5248 0 -10.9109 0 0.0291807 0
0.7085 24.5421 0 -10.9186 0 0.0292013 0
0.709 24.5594 0 -10.9263 0 0.0292219 0
0.7095 24.5768 0 -10.934 0 0.0292426 0
0.71 24.5941 0 -10.9417 0 0.0292632 0
0.7105 24.6114 0 -10.9494 0 0.0292838 0
0.711 24.6287 0 -10.9571 0 0.0293044 0
0.7115 24.646 0 -10.9648 0 0.029325 0
0.712 24.6634 0 -10.9725 0 0.0293456 0
0.7125 24.6807 0 -10.9802 0 0.0293662 0
0.713 24.698 0 -10.9879 0 0.0293868 0
0.7135 24.7153 0 -10.9956 0 0.0294074 0
0.714 24.7326 0 -11.0033 0 0.029428 0
0.7145 24.75 0 -11.011 0 0.0294486 0
0.715 24.7673 0 -11.0187 0 0.0294692 0
0.7155 24.7846 0 -11.0264 0 0.0294898 0
0.716 24.8019 0 -11.0341 0 0.0295105 0
0.7165 24.8192 0 -11.0418 0 0.0295311 0
0.717 24.8366 0 -11.0495 0 0.0295517 0
0.7175 24.8539 0 -11.0573 0 0.0295723 0
0.718 24.8712 0 -11.065 0 0.0295929 0
0.7185 24.8885 0 -11.0727 0 0.0296135 0
0.719 24.9058 0 -11.0804 0 0.0296341 0
0.7195 24.9232 0 -11.0881 0 0.0296547 0
0.72 24.9405 0 -11.0958 0 0.0296753 0
0.7205 24.9578 0 -11.1035 0 0.0296959 0
0.721 24.9751 0 -11.1112 0 0.0297165 0
0.7215 24.9924 0 -11.1189 0 0.0297371 0
0.722 25.0098 0 -11.1266 0 0.0297578 0
0.7225 25.0271 0 -11.1343 0 0.0297784 0
0.723 25.0444 0 -11.142 0 0.029799 0
0.7235 25.0617 0 -11.1497 0 0.0298196 0
0.724 25.079 0 -11.1574 0 0.0298402 0
0.7245 25.0964 0 -11.1651 0 0.0298608 0
0.725 25.1137 0 -11.1728 0 0.0298814 0
0.7255 25.131 0 -11.1805 0 0.029902 0
0.726 25.1483 0 -11.1882 0 0.0299226 0
0.7265 25.1656 0 -11.196 0 0.0299432 0
0.727 25.183 0 -11.2037 0 0.0299638 0
0.7275 25.2003 0 -11.2114 0 0.0299844 0
0.728 25.2176 0 -11.2191 0 0.030005 0
0.7285 25.2349 0 -11.2268 0 0.0300257 0
0.729 25.2522 0 -11.2345 0 0.0300463 0
0.7295 25.2696 0 -11.2422 0 0.0300669 0
0.73 25.2869 0 -11.2499 0 0.0300875 0
0.7305 25.3042 0 -11.2576 0 0.0301081 0
0.731 25.3215 0 -11.2653 0 0.0301287 0
0.7315 25.3388 0 -11.273 0 0.0301493 0
0.732 25.3562 0 -11.2807 0 0.0301699 0
0.7325 25.3735 0 -11.2884 0 0.0301905 0
0.733 25.3908 0 -11.2961 0 0.0302111 0
0.7335 25.4081 0 -11.3038 0 0.0302317 0
0.734 25.4254 0 -11.3115 0 0.0302523 0
0.7345 25.4428 0 -11.3192 0 0.0302729 0
0.735 25.4601 0 -11.3269 0 0.0302936 0
0.7355 25.4774 0 -11.3346 0 0.0303142 0
0.736 25.4947 0 -11.3424 0 0.0303348 0
0.7365 25.512 0 -11.3501 0 0.0303554 0
0.737 25.5294 0 -11.3578 0 0.030376 0
0.7375 25.5467 0 -11.3655 0 0.0303966 0
0.738 25.564 0 -11.3732 0 0.0304172 0
0.7385 25.5813 0 -11.3809 0 0.0304378 0
0.739 25.5986 0 -11.3886 0 0.0304584 0
0.7395 25.6159 0 -11.3963 0 0.030479 0
0.74 25.6333 0 -11.404 0 0.0304996 0
0.7405 25.6506 0 -11.4117 0 0.0305202 0
0.741 25.6679 0 -11.4194 0 0.0305408 0
0.7415 25.6852 0 -11.4271 0 0.0305615 0
0.742 25.7025 0 -11.4348 0 0.0305821 0
0.7425 25.7199 0 -11.4425 0 0.0306027 0
0.743 25.7372 0 -11.4502 0 0.0306233 0
0.7435 25.7545 0 -11.4579 0 0.0306439 0
0.744 25.7718 0 -11.4656 0 0.0306645 0
0.7445 25.7891 0 -11.4733 0 0.0306851 0
0.745 25.8065 0 -11.4811 0 0.0307057 0
0.7455 25.8238 0 -11.4888 0 0.0307263 0
0.746 25.8411 0 -11.4965 0 0.0307469 0
0.7465 25.8584 0 -11.5042 0 0.0307675 0
0.747 25.8757 0 -11.5119 0 0.0307881 0
0.7475 25.8931 0 -11.5196 0 0.0308088 0
0.748 25.9104 0 -11.5273 0 0.0308294 0
0.7485 25.9277 0 -11.535 0 0.03085 0
0.749 25.945 0 -11.5427 0 0.0308706 0
0.7495 25.9623 0 -11.5504 0 0.0308912 0
0.75 25.9797 0 -11.5581 0 0.0309118 0
0.7505 25.997 0 -11.5658 0 0.0309324 0
0.751 26.0143 0 -11.5735 0 0.030953 0
0.7515 26.0316 0 -11.5812 0 0.0309736 0
0.752 26.0489 0 -11.5889 0 0.0309942 0
0.7525 26.0663 0 -11.5966 0 0.0310148 0
0.753 26.0836 0 -11.6043 0 0.0310354 0
0.7535 26.1009 0 -11.612 0 0.031056 0
0.754 26.1182 0 -11.6197 0 0.0310767 0
0.7545 26.1355 0 -11.6275 0 0.0310973 0
0.755 26.1529 0 -11.6352 0 0.0311179 0
0.7555 26.1702 0 -11.6429 0 0.0311385 0
0.756 26.1875 0 -11.6506 0 0.0311591 0
0.7565 26.2048 0 -11.6583 0 0.0311797 0
0.757 26.2221 0 -11.666 0 0.0312003 0
0.7575 26.2395 0 -11.6737 0 0.0312209 0
0.758 26.2568 0 -11.6814 0 0.0312415 0
0.7585 26.2741 0 -11.6891 0 0.0312621 0
0.759 26.2914 0 -11.6968 0 0.0312827 0
0.7595 26.3087 0 -11.7045 0 0.0313033 0
0.76 26.3261 0 -11.7122 0 0.0313239 0
0.7605 26.3434 0 -11.7199 0 0.0313446 0
0.761 26.3607 0 -11.7276 0 0.0313652 0
0.7615 26.378 0 -11.7353 0 0.0313858 0
0.762 26.3953 0 -11.743 0 0.0314064 0
0.7625 26.4127 0 -11.7507 0 0.031427 0
0.763 26.43 0 -11.7584 0 0.0314476 0
0.7635 26.4473 0 -11.7662 0 0.0314682 0
0.764 26.4646 0 -11.7739 0 0.0314888 0
0.7645 26.4819 0 -11.7816 0 0.0315094 0
0.765 26.4993 0 -11.7893 0 0.03153 0
0.7655 26.5166 0 -11.797 0 0.0315506 0
0.766 26.5339 0 -11.8047 0 0.0315712 0
0.7665 26.5512 0 -11.8124 0 0.0315918 0
0.767 26.5685 0 -11.8201 0 0.0316125 0
0.7675 26.5859 0 -11.8278 0 0.0316331 0
0.768 26.6032 0 -11.8355 0 0.0316537 0
0.7685 26.6205 0 -11.8432 0 0.0316743 0
0.769 26.6378 0 -11.8509 0 0.0316949 0
0.7695 26.6551 0 -11.8586 0 0.0317155 0
0.77 26.6725 0 -11.8663 0 0.0317361 0
0.7705 26.6898 0 -11.874 0 0.0317567 0
0.771 26.7071 0 -11.8817 0 0.0317773 0
0.7715 26.7244 0 -11.8894 0 0.0317979 0
0.772 26.7417 0 -11.8971 0 0.0318185 0
0.7725 26.7591 0 -11.9048 0 0.0318391 0
0.773 26.7764 0 -11.9126 0 0.0318598 0
0.7735 26.7937 0 -11.9203 0 0.0318804 0
0.774 26.811 0 -11.928 0 0.031901 0
0.7745 26.8283 0 -11.9357 0 0.0319216 0
0.775 26.8457 0 -11.9434 0 0.0319422 0
0.7755 26.863 0 -11.9511 0 0.0319628 0
0.776 26.8803 0 -11.9588 0 0.0319834 0
0.7765 26.8976 0 -11.9665 0 0.032004 0
0.777 26.9149 0 -11.9742 0 0.0320246 0
0.7775 26.9323 0 -11.9819 0 0.0320452 0
0.778 26.9496 0 -11.9896 0 0.0320658 0
0.7785 26.9669 0 -11.9973 0 0.0320864 0
0.779 26.9842 0 -12.005 0 0.032107 0
0.7795 27.0015 0 -12.0127 0 0.0321277 0
0.78 27.0189 0 -12.0204 0 0.0321483 0
0.7805 27.0362 0 -12.0281 0 0.0321689 0
0.781 27.0535 0 -12.0358 0 0.0321895 0
0.7815 27.0708 0 -12.0435 0 0.0322101 0
0.782 27.0881 0 -12.0513 0 0.0322307 0
0.7825 27.1055 0 -12.059 0 0.0322513 0
0.783 27.1228 0 -12.0667 0 0.0322719 0
0.7835 27.1401 0 -12.0744 0 0.0322925 0
0.784 27.1574 0 -12.0821 0 0.0323131 0
0.7845 27.1747 0 -12.0898 0 0.0323337 0
0.785 27.192 0 -12.0975 0 0.0323543 0
0.7855 27.2094 0 -12.1052 0 0.0323749 0
0.786 27.2267 0 -12.1129 0 0.0323956 0
0.7865 27.244 0 -12.1206 0 0.0324162 0
0.787 27.2613 0 -12.1283 0 0.0324368 0
0.7875 27.2786 0 -12.136 0 0.0324574 0
0.788 27.296 0 -12.1437 0 0.032478 0
0.7885 27.3133 0 -12.1514 0 0.0324986 0
0.789 27.3306 0 -12.1591 0 0.0325192 0
0.7895 27.3479 0 -12.1668 0 0.0325398 0
0.79 27.3652 0 -12.1745 0 0.0325604 0
0.7905 27.3826 0 -12.1822 0 0.032581 0
0.791 27.3999 0 -12.1899 0 0.0326016 0
0.7915 27.4172 0 -12.1977 0 0.0326222 0
0.792 27.4345 0 -12.2054 0 0.0326429 0
0.7925 27.4518 0 -12.2131 0 0.0326635 0
0.793 27.4692 0 -12.2208 0 0.0326841 0
0.7935 27.4865 0 -12.2285 0 0.0327047 0
0.794 27.5038 0 -12.2362 0 0.0327253 0
0.7945 27.5211 0 -12.2439 0 0.0327459 0
0.795 27.5384 0 -12.2516 0 0.0327665 0
0.7955 27.5558 0 -12.2593 0 0.0327871 0
0.796 27.5731 0 -12.267 0 0.0328077 0
0.7965 27.5904 0 -12.2747 0 0.0328283 0
0.797 27.6077 0 -12.2824 0 0.0328489 0
0.7975 27.625 0 -12.2901 0 0.0328695 0
0.798 27.6424 0 -12.2978 0 0.0328901 0
0.7985 27.6597 0 -12.3055 0 0.0329108 0
0.799 27.677 0 -12.3132 0 0.0329314 0
0.7995 27.6943 0 -12.3209 0 0.032952 0
0.8 27.7116 0 -12.3286 0 0.0329726 0
0.8005 27.729 0 -12.3364 0 0.0329932 0
0.801 27.7463 0 -12.3441 0 0.0330138 0
0.8015 27.7636 0 -12.3518 0 0.0330344 0
0.802 27.7809 0 -12.3595 0 0.033055 0
0.8025 27.7982 0 -12.3672 0 0.0330756 0
0.803 27.8156 0 -12.3749 0 0.0330962 0
0.8035 27.8329 0 -12.3826 0 0.0331168 0
0.804 27.8502 0 -12.3903 0 0.0331374 0
0.8045 27.8675 0 -12.398 0 0.033158 0
0.805 27.8848 0 -12.4057 0 0.0331787 0
0.8055 27.9022 0 -12.4134 0 0.0331993 0
0.806 27.9195 0 -12.4211 0 0.0332199 0
0.8065 27.9368 0 -12.4288 0 0.0332405 0
0.807 27.9541 0 -12.4365 0 0.0332611 0
0.8075 27.9714 0 -12.4442 0 0.0332817 0
0.808 27.9888 0 -12.4519 0 0.0333023 0
0.8085 28.0061 0 -12.4596 0 0.0333229 0
0.809 28.0234 0 -12.4673 0 0.0333435 0
0.8095 28.0407 0 -12.475 0 0.0333641 0
0.81 28.058 0 -12.4828 0 0.0333847 0
0.8105 28.0754 0 -12.4905 0 0.0334053 0
0.811 28.0927 0 -12.4982 0 0.0334259 0
0.8115 28.11 0 -12.5059 0 0.0334466 0
0.812 28.1273 0 -12.5136 0 0.0334672 0
0.8125 28.1446 0 -12.5213 0 0.0334878 0
0.813 28.162 0 -12.529 0 0.0335084 0
0.8135 28.1793 0 -12.5367 0 0.033529 0
0.814 28.1966 0 -12.5444 0 0.0335496 0
0.8145 28.2139 0 -12.5521 0 0.0335702 0
0.815 28.2312 0 -12.5598 0 0.0335908 0
0.8155 28.2486 0 -12.5675 0 0.0336114 0
0.816 28.2659 0 -12.5752 0 0.033632 0
0.8165 28.2832 0 -12.5829 0 0.0336526 0
0.817 28.3005 0 -12.5906 0 0.0336732 0
0.8175 28.3178 0 -12.5983 0 0.0336939 0
0.818 28.3352 0 -12.606 0 0.0337145 0
0.8185 28.3525 0 -12.6137 0 0.0337351 0
0.819 28.3698 0 -12.6215 0 0.0337557 0
0.8195 28.3871 0 -12.6292 0 0.0337763 0
0.82 28.4044 0 -12.6369 0 0.0337969 0
0.8205 28.4218 0 -12.6446 0 0.0338175 0
0.821 28.4391 0 -12.6523 0 0.0338381 0
0.8215 28.4564 0 -12.66 0 0.0338587 0
0.822 28.4737 0 -12.6677 0 0.0338793 0
0.8225 28.491 0 -12.6754 0 0.0338999 0
0.823 28.5084 0 -12.6831 0 0.0339205 0
0.8235 28.5257 0 -12.6908 0 0.0339411 0
0.824 28.543 0 -12.6985 0 0.0339618 0
0.8245 28.5603 0 -12.7062 0 0.0339824 0
0.825 28.5776 0 -12.7139 0 0.034003 0
0.8255 28.595 0 -12.7216 0 0.0340236 0
0.826 28.6123 0 -12.7293 0 0.0340442 0
0.8265 28.6296 0 -12.737 0 0.0340648 0
0.827 28.6469 0 -12.7447 0 0.0340854 0
0.8275 28.6642 0 -12.7524 0 0.034106 0
0.828 28.6816 0 -12.7601 0 0.0341266 0
0.8285 28.6989 0 -12.7679 0 0.0341472 0
0.829 28.7162 0 -12.7756 0 0.0341678 0
0.8295 28.7335 0 -12.7833 0 0.0341884 0
0.83 28.7508 0 -12.791 0 0.034209 0
0.8305 28.7681 0 -12.7987 0 0.0342297 0
0.831 28.7855 0 -12.8064 0 0.0342503 0
0.8315 28.8028 0 -12.8141 0 0.0342709 0
0.832 28.8201 0 -12.8218 0 0.0342915 0
0.8325 28.8374 0 -12.8295 0 0.0343121 0
0.833 28.8547 0 -12.8372 0 0.0343327 0
0.8335 28.8721 0 -12.8449 0 0.0343533 0
0.834 28.8894 0 -12.8526 0 0.0343739 0
0.8345 28.9067 0 -12.8603 0 0.0343945 0
0.835 28.924 0 -12.868 0 0.0344151 0
0.8355 28.9413 0 -12.8757 0 0.0344357 0
0.836 28.9587 0 -12.8834 0 0.0344563 0
0.8365 28.976 0 -12.8911 0 0.034477 0
0.837 28.9933 0 -12.8988 0 0.0344976 0
0.8375 29.0106 0 -12.9066 0 0.0345182 0
0.838 29.0279 0 -12.9143 0 0.0345388 0
0.8385 29.0453 0 -12.922 0 0.0345594 0
0.839 29.0626 0 -12.9297 0 0.03458 0
0.8395 29.0799 0 -12.9374 0 0.0346006 0
0.84 29.0972 0 -12.9451 0 0.0346212 0
0.8405 29.1145 0 -12.9528 0 0.0346418 0
0.841 29.1319 0 -12.9605 0 0.0346624 0
0.8415 29.1492 0 -12.9682 0 0.034683 0
0.842 29.1665 0 -12.9759 0 0.0347036 0
0.8425 29.1838 0 -12.9836 0 0.0347242 0
0.843 29.2011 0 -12.9913 0 0.0347449 0
0.8435 29.2185 0 -12.999 0 0.0347655 0
0.844 29.2358 0 -13.0067 0 0.0347861 0
0.8445 29.2531 0 -13.0144 0 0.0348067 0
0.845 29.2704 0 -13.0221 0 0.0348273 0
0.8455 29.2877 0 -13.0298 0 0.0348479 0
0.846 29.3051 0 -13.0375 0 0.0348685 0
0.8465 29.3224 0 -13.0452 0 0.0348891 0
0.847 29.3397 0 -13.053 0 0.0349097 0
0.8475 29.357 0 -13.0607 0 0.0349303 0
0.848 29.3743 0 -13.0684 0 0.0349509 0
0.8485 29.3917 0 -13.0761 0 0.0349715 0
0.849 29.409 0 -13.0838 0 0.0349921 0
0.8495 29.4263 0 -13.0915 0 0.0350128 0
0.85 29.4436 0 -13.0992 0 0.0350334 0
0.8505 29.4609 0 -13.1069 0 0.035054 0
0.851 29.4783 0 -13.1146 0 0.0350746 0
0.8515 29.4956 0 -13.1223 0 0.0350952 0
0.852 29.5129 0 -13.13 0 0.0351158 0
0.8525 29.5302 0 -13.1377 0 0.0351364 0
0.853 29.5475 0 -13.1454 0 0.035157 0
0.8535 29.5649 0 -13.1531 0 0.0351776 0
0.854 29.5822 0 -13.1608 0 0.0351982 0
0.8545 29.5995 0 -13.1685 0 0.0352188 0
0.855 29.6168 0 -13.1762 0 0.0352394 0
0.8555 29.6341 0 -13.1839 0 0.03526 0
0.856 29.6515 0 -13.1917 0 0.0352807 0
0.8565 29.6688 0 -13.1994 0 0.0353013 0
0.857 29.6861 0 -13.2071 0 0.0353219 0
0.8575 29.7034 0 -13.2148 0 0.0353425 0
0.858 29.7207 0 -13.2225 0 0.0353631 0
0.8585 29.7381 0 -13.2302 0 0.0353837 0
0.859 29.7554 0 -13.2379 0 0.0354043 0
0.8595 29.7727 0 -13.2456 0 0.0354249 0
0.86 29.79 0 -13.2533 0 0.0354455 0
0.8605 29.8073 0 -13.261 0 0.0354661 0
0.861 29.8247 0 -13.2687 0 0.0354867 0
0.8615 29.842 0 -13.2764 0 0.0355073 0
0.862 29.8593 0 -13.2841 0 0.035528 0
0.8625 29.8766 0 -13.2918 0 0.0355486 0
0.863 29.8939 0 -13.2995 0 0.0355692 0
0.8635 29.9113 0 -13.3072 0 0.0355898 0
0.864 29.9286 0 -13.3149 0 0.0356104 0
0.8645 29.9459 0 -13.3226 0 0.035631 0
0.865 29.9632 0 -13.3303 0 0.0356516 0
0.8655 29.9805 0 -13.3381 0 0.0356722 0
0.866 29.9979 0 -13.3458 0 0.0356928 0
0.8665 30.0152 0 -13.3535 0 0.0357134 0
0.867 30.0325 0 -13.3612 0 0.035734 0
0.8675 30.0498 0 -13.3689 0 0.0357546 0
0.868 30.0671 0 -13.3766 0 0.0357752 0
0.8685 30.0845 0 -13.3843 0 0.0357959 0
0.869 30.1018 0 -13.392 0 0.0358165 0
0.8695 30.1191 0 -13.3997 0 0.0358371 0
0.87 30.1364 0 -13.4074 0 0.0358577 0
0.8705 30.1537 0 -13.4151 0 0.0358783 0
0.871 30.1711 0 -13.4228 0 0.0358989 0
0.8715 30.1884 0 -13.4305 0 0.0359195 0
0.872 30.2057 0 -13.4382 0 0.0359401 0
0.8725 30.223 0 -13.4459 0 0.0359607 0
0.873 30.2403 0 -13.4536 0 0.0359813 0
0.8735 30.2576 0 -13.4613 0 0.0360019 0
0.874 30.275 0 -13.469 0 0.0360225 0
0.8745 30.2923 0 -13.4768 0 0.0360431 0
0.875 30.3096 0 -13.4845 0 0.0360638 0
0.8755 30.3269 0 -13.4922 0 0.0360844 0
0.876 30.3442 0 -13.4999 0 0.036105 0
0.8765 30.3616 0 -13.5076 0 0.0361256 0
0.877 30.3789 0 -13.5153 0 0.0361462 0
0.8775 30.3962 0 -13.523 0 0.0361668 0
0.878 30.4135 0 -13.5307 0 0.0361874 0
0.8785 30.4308 0 -13.5384 0 0.036208 0
0.879 30.4482 0 -13.5461 0 0.0362286 0
0.8795 30.4655 0 -13.5538 0 0.0362492 0
0.88 30.4828 0 -13.5615 0 0.0362698 0
0.8805 30.5001 0 -13.5692 0 0.0362904 0
0.881 30.5174 0 -13.5769 0 0.036311 0
0.8815 30.5348 0 -13.5846 0 0.0363317 0
0.882 30.5521 0 -13.5923 0 0.0363523 0
0.8825 30.5694 0 -13.6 0 0.0363729 0
0.883 30.5867 0 -13.6077 0 0.0363935 0
0.8835 30.604 0 -13.6154 0 0.0364141 0
0.884 30.6214 0 -13.6232 0 0.0364347 0
0.8845 30.6387 0 -13.6309 0 0.0364553 0
0.885 30.656 0 -13.6386 0 0.0364759 0
0.8855 30.6733 0 -13.6463 0 0.0364965 0
0.886 30.6906 0 -13.654 0 0.0365171 0
0.8865 30.708 0 -13.6617 0 0.0365377 0
0.887 30.7253 0 -13.6694 0 0.0365583 0
0.8875 30.7426 0 -13.6771 0 0.036579 0
0.888 30.7599 0 -13.6848 0 0.0365996 0
0.8885 30.7772 0 -13.6925 0 0.0366202 0
0.889 30.7946 0 -13.7002 0 0.0366408 0
0.8895 30.8119 0 -13.7079 0 0.0366614 0
0.89 30.8292 0 -13.7156 0 0.036682 0
0.8905 30.8465 0 -13.7233 0 0.0367026 0
0.891 30.8638 0 -13.731 0 0.0367232 0
0.8915 30.8812 0 -13.7387 0 0.0367438 0
0.892 30.8985 0 -13.7464 0 0.0367644 0
0.8925 30.9158 0 -13.7541 0 0.036785 0
0.893 30.9331 0 -13.7619 0 0.0368056 0
0.8935 30.9504 0 -13.7696 0 0.0368262 0
0.894 30.9678 0 -13.7773 0 0.0368469 0
0.8945 30.9851 0 -13.785 0 0.0368675 0
0.895 31.0024 0 -13.7927 0 0.0368881 0
0.8955 31.0197 0 -13.8004 0 0.0369087 0
0.896 31.037 0 -13.8081 0 0.0369293 0
0.8965 31.0544 0 -13.8158 0 0.0369499 0
0.897 31.0717 0 -13.8235 0 0.0369705 0
0.8975 31.089 0 -13.8312 0 0.0369911 0
0.898 31.1063 0 -13.8389 0 0.0370117 0
0.8985 31.1236 0 -13.8466 0 0.0370323 0
0.899 31.141 0 -13.8543 0 0.0370529 0
0.8995 31.1583 0 -13.862 0 0.0370735 0
0.9 31.1756 0 -13.8697 0 0.0370941 0
0.9005 31.1929 0 -13.8774 0 0.0371148 0
0.901 31.2102 0 -13.8851 0 0.0371354 0
0.9015 31.2276 0 -13.8928 0 0.037156 0
0.902 31.2449 0 -13.9005 0 0.0371766 0
0.9025 31.2622 0 -13.9083 0 0.0371972 0
0.903 31.2795 0 -13.916 0 0.0372178 0
0.9035 31.2968 0 -13.9237 0 0.0372384 0
0.904 31.3142 0 -13.9314 0 0.037259 0
0.9045 31.3315 0 -13.9391 0 0.0372796 0
0.905 31.3488 0 -13.9468 0 0.0373002 0
0.9055 31.3661 0 -13.9545 0 0.0373208 0
0.906 31.3834 0 -13.9622 0 0.0373414 0
0.9065 31.4008 0 -13.9699 0 0.0373621 0
0.907 31.4181 0 -13.9776 0 0.0373827 0
0.9075 31.4354 0 -13.9853 0 0.0374033 0
0.908 31.4527 0 -13.993 0 0.0374239 0
0.9085 31.47 0 -14.0007 0 0.0374445 0
0.909 31.4874 0 -14.0084 0 0.0374651 0
0.9095 31.5047 0 -14.0161 0 0.0374857 0
0.91 31.522 0 -14.0238 0 0.0375063 0
0.9105 31.5393 0 -14.0315 0 0.0375269 0
0.911 31.5566 0 -14.0392 0 0.0375475 0
0.9115 31.574 0 -14.047 0 0.0375681 0
0.912 31.5913 0 -14.0547 0 0.0375887 0
0.9125 31.6086 0 -14.0624 0 0.0376093 0
0.913 31.6259 0 -14.0701 0 0.03763 0
0.9135 31.6432 0 -14.0778 0 0.0376506 0
0.914 31.6606 0 -14.0855 0 0.0376712 0
0.9145 31.6779 0 -14.0932 0 0.0376918 0
0.915 31.6952 0 -14.1009 0 0.0377124 0
0.9155 31.7125 0 -14.1086 0 0.037733 0
0.916 31.7298 0 -14.1163 0 0.0377536 0
0.9165 31.7472 0 -14.124 0 0.0377742 0
0.917 31.7645 0 -14.1317 0 0.0377948 0
0.9175 31.7818 0 -14.1394 0 0.0378154 0
0.918 31.7991 0 -14.1471 0 0.037836 0
0.9185 31.8164 0 -14.1548 0 0.0378566 0
0.919 31.8337 0 -14.1625 0 0.0378772 0
0.9195 31.8511 0 -14.1702 0 0.0378979 0
0.92 31.8684 0 -14.1779 0 0.0379185 0
0.9205 31.8857 0 -14.1856 0 0.0379391 0
0.921 31.903 0 -14.1934 0 0.0379597 0
0.9215 31.9203 0 -14.2011 0 0.0379803 0
0.922 31.9377 0 -14.2088 0 0.0380009 0
0.9225 31.955 0 -14.2165 0 0.0380215 0
0.923 31.9723 0 -14.2242 0 0.0380421 0
0.9235 31.9896 0 -14.2319 0 0.0380627 0
0.924 32.0069 0 -14.2396 0 0.0380833 0
0.9245 32.0243 0 -14.2473 0 0.0381039 0
0.925 32.0416 0 -14.255 0 0.0381245 0
0.9255 32.0589 0 -14.2627 0 0.0381451 0
0.926 32.0762 0 -14.2704 0 0.0381658 0
0.9265 32.0935 0 -14.2781 0 0.0381864 0
0.927 32.1109 0 -14.2858 0 0.038207 0
0.9275 32.1282 0 -14.2935 0 0.0382276 0
0.928 32.1455 0 -14.3012 0 0.0382482 0
0.9285 32.1628 0 -14.3089 0 0.0382688 0
0.929 32.1801 0 -14.3166 0 0.0382894 0
0.9295 32.1975 0 -14.3243 0 0.03831 0
0.93 32.2148 0 -14.3321 0 0.0383306 0
0.9305 32.2321 0 -14.3398 0 0.0383512 0
0.931 32.2494 0 -14.3475 0 0.0383718 0
0.9315 32.2667 0 -14.3552 0 0.0383924 0
0.932 32.2841 0 -14.3629 0 0.0384131 0
0.9325 32.3014 0 -14.3706 0 0.0384337 0
0.933 32.3187 0 -14.3783 0 0.0384543 0
0.9335 32.336 0 -14.386 0 0.0384749 0
0.934 32.3533 0 -14.3937 0 0.0384955 0
0.9345 32.3707 0 -14.4014 0 0.0385161 0
0.935 32.388 0 -14.4091 0 0.0385367 0
0.9355 32.4053 0 -14.4168 0 0.0385573 0
0.936 32.4226 0 -14.4245 0 0.0385779 0
0.9365 32.4399 0 -14.4322 0 0.0385985 0
0.937 32.4573 0 -14.4399 0 0.0386191 0
0.9375 32.4746 0 -14.4476 0 0.0386397 0
0.938 32.4919 0 -14.4553 0 0.0386603 0
0.9385 32.5092 0 -14.463 0 0.038681 0
0.939 32.5265 0 -14.4707 0 0.0387016 0
0.9395 32.5439 0 -14.4785 0 0.0387222 0
0.94 32.5612 0 -14.4862 0 0.0387428 0
0.9405 32.5785 0 -14.4939 0 0.0387634 0
0.941 32.5958 0 -14.5016 0 0.038784 0
0.9415 32.6131 0 -14.5093 0 0.0388046 0
0.942 32.6305 0 -14.517 0 0.0388252 0
0.9425 32.6478 0 -14.5247 0 0.0388458 0
0.943 32.6651 0 -14.5324 0 0.0388664 0
0.9435 32.6824 0 -14.5401 0 0.038887 0
0.944 32.6997 0 -14.5478 0 0.0389076 0
0.9445 32.7171 0 -14.5555 0 0.0389282 0
0.945 32.7344 0 -14.5632 0 0.0389489 0
0.9455 32.7517 0 -14.5709 0 0.0389695 0
0.946 32.769 0 -14.5786 0 0.0389901 0
0.9465 32.7863 0 -14.5863 0 0.0390107 0
0.947 32.8037 0 -14.594 0 0.0390313 0
0.9475 32.821 0 -14.6017 0 0.0390519 0
0.948 32.8383 0 -14.6094 0 0.0390725 0
0.9485 32.8556 0 -14.6172 0 0.0390931 0
0.949 32.8729 0 -14.6249 0 0.0391137 0
0.9495 32.8903 0 -14.6326 0 0.0391343 0
0.95 32.9076 0 -14.6403 0 0.0391549 0
0.9505 32.9249 0 -14.648 0 0.0391755 0
0.951 32.9422 0 -14.6557 0 0.0391962 0
0.9515 32.9595 0 -14.6634 0 0.0392168 0
0.952 32.9769 0 -14.6711 0 0.0392374 0
0.9525 32.9942 0 -14.6788 0 0.039258 0
0.953 33.0115 0 -14.6865 0 0.0392786 0
0.9535 33.0288 0 -14.6942 0 0.0392992 0
0.954 33.0461 0 -14.7019 0 0.0393198 0
0.9545 33.0635 0 -14.7096 0 0.0393404 0
0.955 33.0808 0 -14.7173 0 0.039361 0
0.9555 33.0981 0 -14.725 0 0.0393816 0
0.956 33.1154 0 -14.7327 0 0.0394022 0
0.9565 33.1327 0 -14.7404 0 0.0394228 0
0.957 33.1501 0 -14.7481 0 0.0394434 0
0.9575 33.1674 0 -14.7558 0 0.0394641 0
0.958 33.1847 0 -14.7636 0 0.0394847 0
0.9585 33.202 0 -14.7713 0 0.0395053 0
0.959 33.2193 0 -14.779 0 0.0395259 0
0.9595 33.2367 0 -14.7867 0 0.0395465 0
0.96 33.254 0 -14.7944 0 0.0395671 0
0.9605 33.2713 0 -14.8021 0 0.0395877 0
0.961 33.2886 0 -14.8098 0 0.0396083 0
0.9615 33.3059 0 -14.8175 0 0.0396289 0
0.962 33.3233 0 -14.8252 0 0.0396495 0
0.9625 33.3406 0 -14.8329 0 0.0396701 0
0.963 33.3579 0 -14.8406 0 0.0396907 0
0.9635 33.3752 0 -14.8483 0 0.0397113 0
0.964 33.3925 0 -14.856 0 0.039732 0
0.9645 33.4098 0 -14.8637 0 0.0397526 0
0.965 33.4272 0 -14.8714 0 0.0397732 0
0.9655 33.4445 0 -14.8791 0 0.0397938 0
0.966 33.4618 0 -14.8868 0 0.0398144 0
0.9665 33.4791 0 -14.8945 0 0.039835 0
0.967 33.4964 0 -14.9023 0 0.0398556 0
0.9675 33.5138 0 -14.91 0 0.0398762 0
0.968 33.5311 0 -14.9177 0 0.0398968 0
0.9685 33.5484 0 -14.9254 0 0.0399174 0
0.969 33.5657 0 -14.9331 0 0.039938 0
0.9695 33.583 0 -14.9408 0 0.0399586 0
0.97 33.6004 0 -14.9485 0 0.0399792 0
0.9705 33.6177 0 -14.9562 0 0.0399999 0
0.971 33.635 0 -14.9639 0 0.0400205 0
0.9715 33.6523 0 -14.9716 0 0.0400411 0
0.972 33.6696 0 -14.9793 0 0.0400617 0
0.9725 33.687 0 -14.987 0 0.0400823 0
0.973 33.7043 0 -14.9947 0 0.0401029 0
0.9735 33.7216 0 -15.0024 0 0.0401235 0
0.974 33.7389 0 -15.0101 0 0.0401441 0
0.9745 33.7562 0 -15.0178 0 0.0401647 0
0.975 33.7736 0 -15.0255 0 0.0401853 0
0.9755 33.7909 0 -15.0332 0 0.0402059 0
0.976 33.8082 0 -15.0409 0 0.0402265 0
0.9765 33.8255 0 -15.0487 0 0.0402472 0
0.977 33.8428 0 -15.0564 0 0.0402678 0
0.9775 33.8602 0 -15.0641 0 0.0402884 0
0.978 33.8775 0 -15.0718 0 0.040309 0
0.9785 33.8948 0 -15.0795 0 0.0403296 0
0.979 33.9121 0 -15.0872 0 0.0403502 0
0.9795 33.9294 0 -15.0949 0 0.0403708 0
0.98 33.9468 0 -15.1026 0 0.0403914 0
0.9805 33.9641 0 -15.1103 0 0.040412 0
0.981 33.9814 0 -15.118 0 0.0404326 0
0.9815 33.9987 0 -15.1257 0 0.0404532 0
0.982 34.016 0 -15.1334 0 0.0404738 0
0.9825 34.0334 0 -15.1411 0 0.0404944 0
0.983 34.0507 0 -15.1488 0 0.0405151 0
0.9835 34.068 0 -15.1565 0 0.0405357 0
0.984 34.0853 0 -15.1642 0 0.0405563 0
0.9845 34.1026 0 -15.1719 0 0.0405769 0
0.985 34.12 0 -15.1796 0 0.0405975 0
0.9855 34.1373 0 -15.1874 0 0.0406181 0
0.986 34.1546 0 -15.1951 0 0.0406387 0
0.9865 34.1719 0 -15.2028 0 0.0406593 0
0.987 34.1892 0 -15.2105 0 0.0406799 0
0.9875 34.2066 0 -15.2182 0 0.0407005 0
0.988 34.2239 0 -15.2259 0 0.0407211 0
0.9885 34.2412 0 -15.2336 0 0.0407417 0
0.989 34.2585 0 -15.2413 0 0.0407623 0
0.9895 34.2758 0 -15.249 0 0.040783 0
0.99 34.2932 0 -15.2567 0 0.0408036 0
0.9905 34.3105 0 -15.2644 0 0.0408242 0
0.991 34.3278 0 -15.2721 0 0.0408448 0
0.9915 34.3451 0 -15.2798 0 0.0408654 0
0.992 34.3624 0 -15.2875 0 0.040886 0
0.9925 34.3798 0 -15.2952 0 0.0409066 0
0.993 34.3971 0 -15.3029 0 0.0409272 0
0.9935 34.4144 0 -15.3106 0 0.0409478 0
0.994 34.4317 0 -15.3183 0 0.0409684 0
0.9945 34.449 0 -15.326 0 0.040989 0
0.995 34.4664 0 -15.3338 0 0.0410096 0
0.9955 34.4837 0 -15.3415 0 0.0410302 0
0.996 34.501 0 -15.3492 0 0.0410509 0
0.9965 34.5183 0 -15.3569 0 0.0410715 0
0.997 34.5356 0 -15.3646 0 0.0410921 0
0.9975 34.553 0 -15.3723 0 0.0411127 0
0.998 34.5703 0 -15.38 0 0.0411333 0
0.9985 34.5876 0 -15.3877 0 0.0411539 0
0.999 34.6049 0 -15.3954 0 0.0411745 0
0.9995 34.6222 0 -15.4031 0 0.0411951 0
1 34.6396 0 -15.4108 0 0.0412157 0
