0.0005 0.00864327 0 -0.00853245 0 2.15774e-05 0
0.001 0.0172865 0 -0.0170649 0 4.31547e-05 0
0.0015 0.0259298 0 -0.0255973 0 6.47321e-05 0
0.002 0.0345731 0 -0.0341298 0 8.63094e-05 0
0.0025 0.0432164 0 -0.0426622 0 0.000107887 0
0.003 0.0518596 0 -0.0511947 0 0.000129464 0
0.0035 0.0605029 0 -0.0597271 0 0.000151042 0
0.004 0.0691462 0 -0.0682596 0 0.000172619 0
0.0045 0.0777894 0 -0.076792 0 0.000194196 0
0.005 0.0864327 0 -0.0853245 0 0.000215774 0
0.0055 0.095076 0 -0.0938569 0 0.000237351 0
0.006 0.103719 0 -0.102389 0 0.000258928 0
0.0065 0.112363 0 -0.110922 0 0.000280506 0
0.007 0.121006 0 -0.119454 0 0.000302083 0
0.0075 0.129649 0 -0.127987 0 0.00032366 0
0.008 0.138292 0 -0.136519 0 0.000345238 0
0.0085 0.146936 0 -0.145052 0 0.000366815 0
0.009 0.155579 0 -0.153584 0 0.000388392 0
0.0095 0.164222 0 -0.162116 0 0.00040997 0
0.01 0.172865 0 -0.170649 0 0.000431547 0
0.0105 0.181509 0 -0.179181 0 0.000453125 0
0.011 0.190152 0 -0.187714 0 0.000474702 0
0.0115 0.198795 0 -0.196246 0 0.000496279 0
0.012 0.207438 0 -0.204779 0 0.000517857 0
0.0125 0.216082 0 -0.213311 0 0.000539434 0
0.013 0.224725 0 -0.221844 0 0.000561011 0
0.0135 0.233368 0 -0.230376 0 0.000582589 0
0.014 0.242012 0 -0.238909 0 0.000604166 0
0.0145 0.250655 0 -0.247441 0 0.000625743 0
0.015 0.259298 0 -0.255973 0 0.000647321 0
0.0155 0.267941 0 -0.264506 0 0.000668898 0
0.016 0.276585 0 -0.273038 0 0.000690475 0
0.0165 0.285228 0 -0.281571 0 0.000712053 0
0.017 0.293871 0 -0.290103 0 0.00073363 0
0.0175 0.302514 0 -0.298636 0 0.000755208 0
0.018 0.311158 0 -0.307168 0 0.000776785 0
0.0185 0.319801 0 -0.315701 0 0.000798362 0
0.019 0.328444 0 -0.324233 0 0.00081994 0
0.0195 0.337088 0 -0.332765 0 0.000841517 0
0.02 0.345731 0 -0.341298 0 0.000863094 0
0.0205 0.354374 0 -0.34983 0 0.000884672 0
0.021 0.363017 0 -0.358363 0 0.000906249 0
0.0215 0.371661 0 -0.366895 0 0.000927826 0
0.022 0.380304 0 -0.375428 0 0.000949404 0
0.0225 0.388947 0 -0.38396 0 0.000970981 0
0.023 0.39759 0 -0.392493 0 0.000992558 0
0.0235 0.406234 0 -0.401025 0 0.00101414 0
0.024 0.414877 0 -0.409557 0 0.00103571 0
0.0245 0.42352 0 -0.41809 0 0.00105729 0
0.025 0.432164 0 -0.426622 0 0.00107887 0
0.0255 0.440807 0 -0.435155 0 0.00110045 0
0.026 0.44945 0 -0.443687 0 0.00112202 0
0.0265 0.458093 0 -0.45222 0 0.0011436 0
0.027 0.466737 0 -0.460752 0 0.00116518 0
0.0275 0.47538 0 -0.469285 0 0.00118675 0
0.028 0.484023 0 -0.477817 0 0.00120833 0
0.0285 0.492666 0 -0.486349 0 0.00122991 0
0.029 0.50131 0 -0.494882 0 0.00125149 0
0.0295 0.509953 0 -0.503414 0 0.00127306 0
0.03 0.518596 0 -0.511947 0 0.00129464 0
0.0305 0.52724 0 -0.520479 0 0.00131622 0
0.031 0.535883 0 -0.529012 0 0.0013378 0
0.0315 0.544526 0 -0.537544 0 0.00135937 0
0.032 0.553169 0 -0.546077 0 0.00138095 0
0.0325 0.561813 0 -0.554609 0 0.00140253 0
0.033 0.570456 0 -0.563142 0 0.00142411 0
0.0335 0.579099 0 -0.571674 0 0.00144568 0
0.034 0.587742 0 -0.580206 0 0.00146726 0
0.0345 0.596386 0 -0.588739 0 0.00148884 0
0.035 0.605029 0 -0.597271 0 0.00151042 0
0.0355 0.613672 0 -0.605804 0 0.00153199 0
0.036 0.622315 0 -0.614336 0 0.00155357 0
0.0365 0.630959 0 -0.622869 0 0.00157515 0
0.037 0.639602 0 -0.631401 0 0.00159672 0
0.0375 0.648245 0 -0.639934 0 0.0016183 0
0.038 0.656889 0 -0.648466 0 0.00163988 0
0.0385 0.665532 0 -0.656998 0 0.00166146 0
0.039 0.674175 0 -0.665531 0 0.00168303 0
0.0395 0.682818 0 -0.674063 0 0.00170461 0
0.04 0.691462 0 -0.682596 0 0.00172619 0
0.0405 0.700105 0 -0.691128 0 0.00174777 0
0.041 0.708748 0 -0.699661 0 0.00176934 0
0.0415 0.717391 0 -0.708193 0 0.00179092 0
0.042 0.726035 0 -0.716726 0 0.0018125 0
0.0425 0.734678 0 -0.725258 0 0.00183408 0
0.043 0.743321 0 -0.73379 0 0.00185565 0
0.0435 0.751965 0 -0.742323 0 0.00187723 0
0.044 0.760608 0 -0.750855 0 0.00189881 0
0.0445 0.769251 0 -0.759388 0 0.00192038 0
0.045 0.777894 0 -0.76792 0 0.00194196 0
0.0455 0.786538 0 -0.776453 0 0.00196354 0
0.046 0.795181 0 -0.784985 0 0.00198512 0
0.0465 0.803824 0 -0.793518 0 0.00200669 0
0.047 0.812467 0 -0.80205 0 0.00202827 0
0.0475 0.821111 0 -0.810582 0 0.00204985 0
0.048 0.829754 0 -0.819115 0 0.00207143 0
0.0485 0.838397 0 -0.827647 0 0.002093 0
0.049 0.847041 0 -0.83618 0 0.00211458 0
0.0495 0.855684 0 -0.844712 0 0.00213616 0
0.05 0.864327 0 -0.853245 0 0.00215774 0
0.0505 0.87297 0 -0.861777 0 0.00217931 0
0.051 0.881614 0 -0.87031 0 0.00220089 0
0.0515 0.890257 0 -0.878842 0 0.00222247 0
0.052 0.8989 0 -0.887375 0 0.00224405 0
0.0525 0.907543 0 -0.895907 0 0.00226562 0
0.053 0.916187 0 -0.904439 0 0.0022872 0
0.0535 0.92483 0 -0.912972 0 0.00230878 0
0.054 0.933473 0 -0.921504 0 0.00233035 0
0.0545 0.942117 0 -0.930037 0 0.00235193 0
0.055 0.95076 0 -0.938569 0 0.00237351 0
0.0555 0.959403 0 -0.947102 0 0.00239509 0
0.056 0.968046 0 -0.955634 0 0.00241666 0
0.0565 0.97669 0 -0.964167 0 0.00243824 0
0.057 0.985333 0 -0.972699 0 0.00245982 0
0.0575 0.993976 0 -0.981231 0 0.0024814 0
0.058 1.00262 0 -0.989764 0 0.00250297 0
0.0585 1.01126 0 -0.998296 0 0.00252455 0
0.059 1.01991 0 -1.00683 0 0.00254613 0
0.0595 1.02855 0 -1.01536 0 0.00256771 0
0.06 1.03719 0 -1.02389 0 0.00258928 0
0.0605 1.04584 0 -1.03243 0 0.00261086 0
0.061 1.05448 0 -1.04096 0 0.00263244 0
0.0615 1.06312 0 -1.04949 0 0.00265401 0
0.062 1.07177 0 -1.05802 0 0.00267559 0
0.0625 1.08041 0 -1.06656 0 0.00269717 0
0.063 1.08905 0 -1.07509 0 0.00271875 0
0.0635 1.0977 0 -1.08362 0 0.00274032 0
0.064 1.10634 0 -1.09215 0 0.0027619 0
0.0645 1.11498 0 -1.10069 0 0.00278348 0
0.065 1.12363 0 -1.10922 0 0.00280506 0
0.0655 1.13227 0 -1.11775 0 0.00282663 0
0.066 1.14091 0 -1.12628 0 0.00284821 0
0.0665 1.14956 0 -1.13482 0 0.00286979 0
0.067 1.1582 0 -1.14335 0 0.00289137 0
0.0675 1.16684 0 -1.15188 0 0.00291294 0
0.068 1.17548 0 -1.16041 0 0.00293452 0
0.0685 1.18413 0 -1.16895 0 0.0029561 0
0.069 1.19277 0 -1.17748 0 0.00297768 0
0.0695 1.20141 0 -1.18601 0 0.00299925 0
0.07 1.21006 0 -1.19454 0 0.00302083 0
0.0705 1.2187 0 -1.20308 0 0.00304241 0
0.071 1.22734 0 -1.21161 0 0.00306398 0
0.0715 1.23599 0 -1.22014 0 0.00308556 0
0.072 1.24463 0 -1.22867 0 0.00310714 0
0.0725 1.25327 0 -1.2372 0 0.00312872 0
0.073 1.26192 0 -1.24574 0 0.00315029 0
0.0735 1.27056 0 -1.25427 0 0.00317187 0
0.074 1.2792 0 -1.2628 0 0.00319345 0
0.0745 1.28785 0 -1.27133 0 0.00321503 0
0.075 1.29649 0 -1.27987 0 0.0032366 0
0.0755 1.30513 0 -1.2884 0 0.00325818 0
0.076 1.31378 0 -1.29693 0 0.00327976 0
0.0765 1.32242 0 -1.30546 0 0.00330134 0
0.077 1.33106 0 -1.314 0 0.00332291 0
0.0775 1.33971 0 -1.32253 0 0.00334449 0
0.078 1.34835 0 -1.33106 0 0.00336607 0
0.0785 1.35699 0 -1.33959 0 0.00338765 0
0.079 1.36564 0 -1.34813 0 0.00340922 0
0.0795 1.37428 0 -1.35666 0 0.0034308 0
0.08 1.38292 0 -1.36519 0 0.00345238 0
0.0805 1.39157 0 -1.37372 0 0.00347395 0
0.081 1.40021 0 -1.38226 0 0.00349553 0
0.0815 1.40885 0 -1.39079 0 0.00351711 0
0.082 1.4175 0 -1.39932 0 0.00353869 0
0.0825 1.42614 0 -1.40785 0 0.00356026 0
0.083 1.43478 0 -1.41639 0 0.00358184 0
0.0835 1.44343 0 -1.42492 0 0.00360342 0
0.084 1.45207 0 -1.43345 0 0.003625 0
0.0845 1.46071 0 -1.44198 0 0.00364657 0
0.085 1.46936 0 -1.45052 0 0.00366815 0
0.0855 1.478 0 -1.45905 0 0.00368973 0
0.086 1.48664 0 -1.46758 0 0.00371131 0
0.0865 1.49529 0 -1.47611 0 0.00373288 0
0.087 1.50393 0 -1.48465 0 0.00375446 0
0.0875 1.51257 0 -1.49318 0 0.00377604 0
0.088 1.52122 0 -1.50171 0 0.00379761 0
0.0885 1.52986 0 -1.51024 0 0.00381919 0
0.089 1.5385 0 -1.51878 0 0.00384077 0
0.0895 1.54715 0 -1.52731 0 0.00386235 0
0.09 1.55579 0 -1.53584 0 0.00388392 0
0.0905 1.56443 0 -1.54437 0 0.0039055 0
0.091 1.57308 0 -1.55291 0 0.00392708 0
0.0915 1.58172 0 -1.56144 0 0.00394866 0
0.092 1.59036 0 -1.56997 0 0.00397023 0
0.0925 1.59901 0 -1.5785 0 0.00399181 0
0.093 1.60765 0 -1.58704 0 0.00401339 0
0.0935 1.61629 0 -1.59557 0 0.00403497 0
0.094 1.62493 0 -1.6041 0 0.00405654 0
0.0945 1.63358 0 -1.61263 0 0.00407812 0
0.095 1.64222 0 -1.62116 0 0.0040997 0
0.0955 1.65086 0 -1.6297 0 0.00412128 0
0.096 1.65951 0 -1.63823 0 0.00414285 0
0.0965 1.66815 0 -1.64676 0 0.00416443 0
0.097 1.67679 0 -1.65529 0 0.00418601 0
0.0975 1.68544 0 -1.66383 0 0.00420758 0
0.098 1.69408 0 -1.67236 0 0.00422916 0
0.0985 1.70272 0 -1.68089 0 0.00425074 0
0.099 1.71137 0 -1.68942 0 0.00427232 0
0.0995 1.72001 0 -1.69796 0 0.00429389 0
0.1 1.72865 0 -1.70649 0 0.00431547 0
0.1005 1.7373 0 -1.71502 0 0.00433705 0
0.101 1.74594 0 -1.72355 0 0.00435863 0
0.1015 1.75458 0 -1.73209 0 0.0043802 0
0.102 1.76323 0 -1.74062 0 0.00440178 0
0.1025 1.77187 0 -1.74915 0 0.00442336 0
0.103 1.78051 0 -1.75768 0 0.00444494 0
0.1035 1.78916 0 -1.76622 0 0.00446651 0
0.104 1.7978 0 -1.77475 0 0.00448809 0
0.1045 1.80644 0 -1.78328 0 0.00450967 0
0.105 1.81509 0 -1.79181 0 0.00453125 0
0.1055 1.82373 0 -1.80035 0 0.00455282 0
0.106 1.83237 0 -1.80888 0 0.0045744 0
0.1065 1.84102 0 -1.81741 0 0.00459598 0
0.107 1.84966 0 -1.82594 0 0.00461755 0
0.1075 1.8583 0 -1.83448 0 0.00463913 0
0.108 1.86695 0 -1.84301 0 0.00466071 0
0.1085 1.87559 0 -1.85154 0 0.00468229 0
0.109 1.88423 0 -1.86007 0 0.00470386 0
0.1095 1.89288 0 -1.86861 0 0.00472544 0
0.11 1.90152 0 -1.87714 0 0.00474702 0
0.1105 1.91016 0 -1.88567 0 0.0047686 0
0.111 1.91881 0 -1.8942 0 0.00479017 0
0.1115 1.92745 0 -1.90274 0 0.00481175 0
0.112 1.93609 0 -1.91127 0 0.00483333 0
0.1125 1.94474 0 -1.9198 0 0.00485491 0
0.113 1.95338 0 -1.92833 0 0.00487648 0
0.1135 1.96202 0 -1.93687 0 0.00489806 0
0.114 1.97067 0 -1.9454 0 0.00491964 0
0.1145 1.97931 0 -1.95393 0 0.00494121 0
0.115 1.98795 0 -1.96246 0 0.00496279 0
0.1155 1.9966 0 -1.971 0 0.00498437 0
0.116 2.00524 0 -1.97953 0 0.00500595 0
0.1165 2.01388 0 -1.98806 0 0.00502752 0
0.117 2.02253 0 -1.99659 0 0.0050491 0
0.1175 2.03117 0 -2.00513 0 0.00507068 0
0.118 2.03981 0 -2.01366 0 0.00509226 0
0.1185 2.04846 0 -2.02219 0 0.00511383 0
0.119 2.0571 0 -2.03072 0 0.00513541 0
0.1195 2.06574 0 -2.03925 0 0.00515699 0
0.12 2.07438 0 -2.04779 0 0.00517857 0
0.1205 2.08303 0 -2.05632 0 0.00520014 0
0.121 2.09167 0 -2.06485 0 0.00522172 0
0.1215 2.10031 0 -2.07338 0 0.0052433 0
0.122 2.10896 0 -2.08192 0 0.00526488 0
0.1225 2.1176 0 -2.09045 0 0.00528645 0
0.123 2.12624 0 -2.09898 0 0.00530803 0
0.1235 2.13489 0 -2.10751 0 0.00532961 0
0.124 2.14353 0 -2.11605 0 0.00535118 0
0.1245 2.15217 0 -2.12458 0 0.00537276 0
0.125 2.16082 0 -2.13311 0 0.00539434 0
0.1255 2.16946 0 -2.14164 0 0.00541592 0
0.126 2.1781 0 -2.15018 0 0.00543749 0
0.1265 2.18675 0 -2.15871 0 0.00545907 0
0.127 2.19539 0 -2.16724 0 0.00548065 0
0.1275 2.20403 0 -2.17577 0 0.00550223 0
0.128 2.21268 0 -2.18431 0 0.0055238 0
0.1285 2.22132 0 -2.19284 0 0.00554538 0
0.129 2.22996 0 -2.20137 0 0.00556696 0
0.1295 2.23861 0 -2.2099 0 0.00558854 0
0.13 2.24725 0 -2.21844 0 0.00561011 0
0.1305 2.25589 0 -2.22697 0 0.00563169 0
0.131 2.26454 0 -2.2355 0 0.00565327 0
0.1315 2.27318 0 -2.24403 0 0.00567485 0
0.132 2.28182 0 -2.25257 0 0.00569642 0
0.1325 2.29047 0 -2.2611 0 0.005718 0
0.133 2.29911 0 -2.26963 0 0.00573958 0
0.1335 2.30775 0 -2.27816 0 0.00576115 0
0.134 2.3164 0 -2.2867 0 0.00578273 0
0.1345 2.32504 0 -2.29523 0 0.00580431 0
0.135 2.33368 0 -2.30376 0 0.00582589 0
0.1355 2.34233 0 -2.31229 0 0.00584746 0
0.136 2.35097 0 -2.32083 0 0.00586904 0
0.1365 2.35961 0 -2.32936 0 0.00589062 0
0.137 2.36826 0 -2.33789 0 0.0059122 0
0.1375 2.3769 0 -2.34642 0 0.00593377 0
0.138 2.38554 0 -2.35496 0 0.00595535 0
0.1385 2.39419 0 -2.36349 0 0.00597693 0
0.139 2.40283 0 -2.37202 0 0.00599851 0
0.1395 2.41147 0 -2.38055 0 0.00602008 0
0.14 2.42012 0 -2.38909 0 0.00604166 0
0.1405 2.42876 0 -2.39762 0 0.00606324 0
0.141 2.4374 0 -2.40615 0 0.00608481 0
0.1415 2.44605 0 -2.41468 0 0.00610639 0
0.142 2.45469 0 -2.42322 0 0.00612797 0
0.1425 2.46333 0 -2.43175 0 0.00614955 0
0.143 2.47198 0 -2.44028 0 0.00617112 0
0.1435 2.48062 0 -2.44881 0 0.0061927 0
0.144 2.48926 0 -2.45734 0 0.00621428 0
0.1445 2.49791 0 -2.46588 0 0.00623586 0
0.145 2.50655 0 -2.47441 0 0.00625743 0
0.1455 2.51519 0 -2.48294 0 0.00627901 0
0.146 2.52384 0 -2.49147 0 0.00630059 0
0.1465 2.53248 0 -2.50001 0 0.00632217 0
0.147 2.54112 0 -2.50854 0 0.00634374 0
0.1475 2.54976 0 -2.51707 0 0.00636532 0
0.148 2.55841 0 -2.5256 0 0.0063869 0
0.1485 2.56705 0 -2.53414 0 0.00640848 0
0.149 2.57569 0 -2.54267 0 0.00643005 0
0.1495 2.58434 0 -2.5512 0 0.00645163 0
0.15 2.59298 0 -2.55973 0 0.00647321 0
0.1505 2.60162 0 -2.56827 0 0.00649478 0
0.151 2.61027 0 -2.5768 0 0.00651636 0
0.1515 2.61891 0 -2.58533 0 0.00653794 0
0.152 2.62755 0 -2.59386 0 0.00655952 0
0.1525 2.6362 0 -2.6024 0 0.00658109 0
0.153 2.64484 0 -2.61093 0 0.00660267 0
0.1535 2.65348 0 -2.61946 0 0.00662425 0
0.154 2.66213 0 -2.62799 0 0.00664583 0
0.1545 2.67077 0 -2.63653 0 0.0066674 0
0.155 2.67941 0 -2.64506 0 0.00668898 0
0.1555 2.68806 0 -2.65359 0 0.00671056 0
0.156 2.6967 0 -2.66212 0 0.00673214 0
0.1565 2.70534 0 -2.67066 0 0.00675371 0
0.157 2.71399 0 -2.67919 0 0.00677529 0
0.1575 2.72263 0 -2.68772 0 0.00679687 0
0.158 2.73127 0 -2.69625 0 0.00681845 0
0.1585 2.73992 0 -2.70479 0 0.00684002 0
0.159 2.74856 0 -2.71332 0 0.0068616 0
0.1595 2.7572 0 -2.72185 0 0.00688318 0
0.16 2.76585 0 -2.73038 0 0.00690475 0
0.1605 2.77449 0 -2.73892 0 0.00692633 0
0.161 2.78313 0 -2.74745 0 0.00694791 0
0.1615 2.79178 0 -2.75598 0 0.00696949 0
0.162 2.80042 0 -2.76451 0 0.00699106 0
0.1625 2.80906 0 -2.77305 0 0.00701264 0
0.163 2.81771 0 -2.78158 0 0.00703422 0
0.1635 2.82635 0 -2.79011 0 0.0070558 0
0.164 2.83499 0 -2.79864 0 0.00707737 0
0.1645 2.84364 0 -2.80718 0 0.00709895 0
0.165 2.85228 0 -2.81571 0 0.00712053 0
0.1655 2.86092 0 -2.82424 0 0.00714211 0
0.166 2.86957 0 -2.83277 0 0.00716368 0
0.1665 2.87821 0 -2.8413 0 0.00718526 0
0.167 2.88685 0 -2.84984 0 0.00720684 0
0.1675 2.8955 0 -2.85837 0 0.00722841 0
0.168 2.90414 0 -2.8669 0 0.00724999 0
0.1685 2.91278 0 -2.87543 0 0.00727157 0
0.169 2.92143 0 -2.88397 0 0.00729315 0
0.1695 2.93007 0 -2.8925 0 0.00731472 0
0.17 2.93871 0 -2.90103 0 0.0073363 0
0.1705 2.94736 0 -2.90956 0 0.00735788 0
0.171 2.956 0 -2.9181 0 0.00737946 0
0.1715 2.96464 0 -2.92663 0 0.00740103 0
0.172 2.97329 0 -2.93516 0 0.00742261 0
0.1725 2.98193 0 -2.94369 0 0.00744419 0
0.173 2.99057 0 -2.95223 0 0.00746577 0
0.1735 2.99921 0 -2.96076 0 0.00748734 0
0.174 3.00786 0 -2.96929 0 0.00750892 0
0.1745 3.0165 0 -2.97782 0 0.0075305 0
0.175 3.02514 0 -2.98636 0 0.00755208 0
0.1755 3.03379 0 -2.99489 0 0.00757365 0
0.176 3.04243 0 -3.00342 0 0.00759523 0
0.1765 3.05107 0 -3.01195 0 0.00761681 0
0.177 3.05972 0 -3.02049 0 0.00763838 0
0.1775 3.06836 0 -3.02902 0 0.00765996 0
0.178 3.077 0 -3.03755 0 0.00768154 0
0.1785 3.08565 0 -3.04608 0 0.00770312 0
0.179 3.09429 0 -3.05462 0 0.00772469 0
0.1795 3.10293 0 -3.06315 0 0.00774627 0
0.18 3.11158 0 -3.07168 0 0.00776785 0
0.1805 3.12022 0 -3.08021 0 0.00778943 0
0.181 3.12886 0 -3.08875 0 0.007811 0
0.1815 3.13751 0 -3.09728 0 0.00783258 0
0.182 3.14615 0 -3.10581 0 0.00785416 0
0.1825 3.15479 0 -3.11434 0 0.00787574 0
0.183 3.16344 0 -3.12288 0 0.00789731 0
0.1835 3.17208 0 -3.13141 0 0.00791889 0
0.184 3.18072 0 -3.13994 0 0.00794047 0
0.1845 3.18937 0 -3.14847 0 0.00796204 0
0.185 3.19801 0 -3.15701 0 0.00798362 0
0.1855 3.20665 0 -3.16554 0 0.0080052 0
0.186 3.2153 0 -3.17407 0 0.00802678 0
0.1865 3.22394 0 -3.1826 0 0.00804835 0
0.187 3.23258 0 -3.19114 0 0.00806993 0
0.1875 3.24123 0 -3.19967 0 0.00809151 0
0.188 3.24987 0 -3.2082 0 0.00811309 0
0.1885 3.25851 0 -3.21673 0 0.00813466 0
0.189 3.26716 0 -3.22527 0 0.00815624 0
0.1895 3.2758 0 -3.2338 0 0.00817782 0
0.19 3.28444 0 -3.24233 0 0.0081994 0
0.1905 3.29309 0 -3.25086 0 0.00822097 0
0.191 3.30173 0 -3.25939 0 0.00824255 0
0.1915 3.31037 0 -3.26793 0 0.00826413 0
0.192 3.31902 0 -3.27646 0 0.00828571 0
0.1925 3.32766 0 -3.28499 0 0.00830728 0
0.193 3.3363 0 -3.29352 0 0.00832886 0
0.1935 3.34495 0 -3.30206 0 0.00835044 0
0.194 3.35359 0 -3.31059 0 0.00837201 0
0.1945 3.36223 0 -3.31912 0 0.00839359 0
0.195 3.37088 0 -3.32765 0 0.00841517 0
0.1955 3.37952 0 -3.33619 0 0.00843675 0
0.196 3.38816 0 -3.34472 0 0.00845832 0
0.1965 3.39681 0 -3.35325 0 0.0084799 0
0.197 3.40545 0 -3.36178 0 0.00850148 0
0.1975 3.41409 0 -3.37032 0 0.00852306 0
0.198 3.42274 0 -3.37885 0 0.00854463 0
0.1985 3.43138 0 -3.38738 0 0.00856621 0
0.199 3.44002 0 -3.39591 0 0.00858779 0
0.1995 3.44867 0 -3.40445 0 0.00860937 0
0.2 3.45731 0 -3.41298 0 0.00863094 0
0.2005 3.46595 0 -3.42151 0 0.00865252 0
0.201 3.47459 0 -3.43004 0 0.0086741 0
0.2015 3.48324 0 -3.43858 0 0.00869568 0
0.202 3.49188 0 -3.44711 0 0.00871725 0
0.2025 3.50052 0 -3.45564 0 0.00873883 0
0.203 3.50917 0 -3.46417 0 0.00876041 0
0.2035 3.51781 0 -3.47271 0 0.00878198 0
0.204 3.52645 0 -3.48124 0 0.00880356 0
0.2045 3.5351 0 -3.48977 0 0.00882514 0
0.205 3.54374 0 -3.4983 0 0.00884672 0
0.2055 3.55238 0 -3.50684 0 0.00886829 0
0.206 3.56103 0 -3.51537 0 0.00888987 0
0.2065 3.56967 0 -3.5239 0 0.00891145 0
0.207 3.57831 0 -3.53243 0 0.00893303 0
0.2075 3.58696 0 -3.54097 0 0.0089546 0
0.208 3.5956 0 -3.5495 0 0.00897618 0
0.2085 3.60424 0 -3.55803 0 0.00899776 0
0.209 3.61289 0 -3.56656 0 0.00901934 0
0.2095 3.62153 0 -3.5751 0 0.00904091 0
0.21 3.63017 0 -3.58363 0 0.00906249 0
0.2105 3.63882 0 -3.59216 0 0.00908407 0
0.211 3.64746 0 -3.60069 0 0.00910564 0
0.2115 3.6561 0 -3.60923 0 0.00912722 0
0.212 3.66475 0 -3.61776 0 0.0091488 0
0.2125 3.67339 0 -3.62629 0 0.00917038 0
0.213 3.68203 0 -3.63482 0 0.00919195 0
0.2135 3.69068 0 -3.64336 0 0.00921353 0
0.214 3.69932 0 -3.65189 0 0.00923511 0
0.2145 3.70796 0 -3.66042 0 0.00925669 0
0.215 3.71661 0 -3.66895 0 0.00927826 0
0.2155 3.72525 0 -3.67748 0 0.00929984 0
0.216 3.73389 0 -3.68602 0 0.00932142 0
0.2165 3.74254 0 -3.69455 0 0.009343 0
0.217 3.75118 0 -3.70308 0 0.00936457 0
0.2175 3.75982 0 -3.71161 0 0.00938615 0
0.218 3.76847 0 -3.72015 0 0.00940773 0
0.2185 3.77711 0 -3.72868 0 0.00942931 0
0.219 3.78575 0 -3.73721 0 0.00945088 0
0.2195 3.7944 0 -3.74574 0 0.00947246 0
0.22 3.80304 0 -3.75428 0 0.00949404 0
0.2205 3.81168 0 -3.76281 0 0.00951561 0
0.221 3.82033 0 -3.77134 0 0.00953719 0
0.2215 3.82897 0 -3.77987 0 0.00955877 0
0.222 3.83761 0 -3.78841 0 0.00958035 0
0.2225 3.84626 0 -3.79694 0 0.00960192 0
0.223 3.8549 0 -3.80547 0 0.0096235 0
0.2235 3.86354 0 -3.814 0 0.00964508 0
0.224 3.87219 0 -3.82254 0 0.00966666 0
0.2245 3.88083 0 -3.83107 0 0.00968823 0
0.225 3.88947 0 -3.8396 0 0.00970981 0
0.2255 3.89812 0 -3.84813 0 0.00973139 0
0.226 3.90676 0 -3.85667 0 0.00975297 0
0.2265 3.9154 0 -3.8652 0 0.00977454 0
0.227 3.92404 0 -3.87373 0 0.00979612 0
0.2275 3.93269 0 -3.88226 0 0.0098177 0
0.228 3.94133 0 -3.8908 0 0.00983928 0
0.2285 3.94997 0 -3.89933 0 0.00986085 0
0.229 3.95862 0 -3.90786 0 0.00988243 0
0.2295 3.96726 0 -3.91639 0 0.00990401 0
0.23 3.9759 0 -3.92493 0 0.00992558 0
0.2305 3.98455 0 -3.93346 0 0.00994716 0
0.231 3.99319 0 -3.94199 0 0.00996874 0
0.2315 4.00183 0 -3.95052 0 0.00999032 0
0.232 4.01048 0 -3.95906 0 0.0100119 0
0.2325 4.01912 0 -3.96759 0 0.0100335 0
0.233 4.02776 0 -3.97612 0 0.010055 0
0.2335 4.03641 0 -3.98465 0 0.0100766 0
0.234 4.04505 0 -3.99319 0 0.0100982 0
0.2345 4.05369 0 -4.00172 0 0.0101198 0
0.235 4.06234 0 -4.01025 0 0.0101414 0
0.2355 4.07098 0 -4.01878 0 0.0101629 0
0.236 4.07962 0 -4.02732 0 0.0101845 0
0.2365 4.08827 0 -4.03585 0 0.0102061 0
0.237 4.09691 0 -4.04438 0 0.0102277 0
0.2375 4.10555 0 -4.05291 0 0.0102492 0
0.238 4.1142 0 -4.06144 0 0.0102708 0
0.2385 4.12284 0 -4.06998 0 0.0102924 0
0.239 4.13148 0 -4.07851 0 0.010314 0
0.2395 4.14013 0 -4.08704 0 0.0103356 0
0.24 4.14877 0 -4.09557 0 0.0103571 0
0.2405 4.15741 0 -4.10411 0 0.0103787 0
0.241 4.16606 0 -4.11264 0 0.0104003 0
0.2415 4.1747 0 -4.12117 0 0.0104219 0
0.242 4.18334 0 -4.1297 0 0.0104434 0
0.2425 4.19199 0 -4.13824 0 0.010465 0
0.243 4.20063 0 -4.14677 0 0.0104866 0
0.2435 4.20927 0 -4.1553 0 0.0105082 0
0.244 4.21792 0 -4.16383 0 0.0105298 0
0.2445 4.22656 0 -4.17237 0 0.0105513 0
0.245 4.2352 0 -4.1809 0 0.0105729 0
0.2455 4.24385 0 -4.18943 0 0.0105945 0
0.246 4.25249 0 -4.19796 0 0.0106161 0
0.2465 4.26113 0 -4.2065 0 0.0106376 0
0.247 4.26978 0 -4.21503 0 0.0106592 0
0.2475 4.27842 0 -4.22356 0 0.0106808 0
0.248 4.28706 0 -4.23209 0 0.0107024 0
0.2485 4.29571 0 -4.24063 0 0.0107239 0
0.249 4.30435 0 -4.24916 0 0.0107455 0
0.2495 4.31299 0 -4.25769 0 0.0107671 0
0.25 4.32164 0 -4.26622 0 0.0107887 0
0.2505 4.33028 0 -4.27476 0 0.0108103 0
0.251 4.33892 0 -4.28329 0 0.0108318 0
0.2515 4.34757 0 -4.29182 0 0.0108534 0
0.252 4.35621 0 -4.30035 0 0.010875 0
0.2525 4.36485 0 -4.30889 0 0.0108966 0
0.253 4.37349 0 -4.31742 0 0.0109181 0
0.2535 4.38214 0 -4.32595 0 0.0109397 0
0.254 4.39078 0 -4.33448 0 0.0109613 0
0.2545 4.39942 0 -4.34302 0 0.0109829 0
0.255 4.40807 0 -4.35155 0 0.0110045 0
0.2555 4.41671 0 -4.36008 0 0.011026 0
0.256 4.42535 0 -4.36861 0 0.0110476 0
0.2565 4.434 0 -4.37715 0 0.0110692 0
0.257 4.44264 0 -4.38568 0 0.0110908 0
0.2575 4.45128 0 -4.39421 0 0.0111123 0
0.258 4.45993 0 -4.40274 0 0.0111339 0
0.2585 4.46857 0 -4.41128 0 0.0111555 0
0.259 4.47721 0 -4.41981 0 0.0111771 0
0.2595 4.48586 0 -4.42834 0 0.0111986 0
0.26 4.4945 0 -4.43687 0 0.0112202 0
0.2605 4.50314 0 -4.44541 0 0.0112418 0
0.261 4.51179 0 -4.45394 0 0.0112634 0
0.2615 4.52043 0 -4.46247 0 0.011285 0
0.262 4.52907 0 -4.471 0 0.0113065 0
0.2625 4.53772 0 -4.47953 0 0.0113281 0
0.263 4.54636 0 -4.48807 0 0.0113497 0
0.2635 4.555 0 -4.4966 0 0.0113713 0
0.264 4.56365 0 -4.50513 0 0.0113928 0
0.2645 4.57229 0 -4.51366 0 0.0114144 0
0.265 4.58093 0 -4.5222 0 0.011436 0
0.2655 4.58958 0 -4.53073 0 0.0114576 0
0.266 4.59822 0 -4.53926 0 0.0114792 0
0.2665 4.60686 0 -4.54779 0 0.0115007 0
0.267 4.61551 0 -4.55633 0 0.0115223 0
0.2675 4.62415 0 -4.56486 0 0.0115439 0
0.268 4.63279 0 -4.57339 0 0.0115655 0
0.2685 4.64144 0 -4.58192 0 0.011587 0
0.269 4.65008 0 -4.59046 0 0.0116086 0
0.2695 4.65872 0 -4.59899 0 0.0116302 0
0.27 4.66737 0 -4.60752 0 0.0116518 0
0.2705 4.67601 0 -4.61605 0 0.0116734 0
0.271 4.68465 0 -4.62459 0 0.0116949 0
0.2715 4.6933 0 -4.63312 0 0.0117165 0
0.272 4.70194 0 -4.64165 0 0.0117381 0
0.2725 4.71058 0 -4.65018 0 0.0117597 0
0.273 4.71923 0 -4.65872 0 0.0117812 0
0.2735 4.72787 0 -4.66725 0 0.0118028 0
0.274 4.73651 0 -4.67578 0 0.0118244 0
0.2745 4.74516 0 -4.68431 0 0.011846 0
0.275 4.7538 0 -4.69285 0 0.0118675 0
0.2755 4.76244 0 -4.70138 0 0.0118891 0
0.276 4.77109 0 -4.70991 0 0.0119107 0
0.2765 4.77973 0 -4.71844 0 0.0119323 0
0.277 4.78837 0 -4.72698 0 0.0119539 0
0.2775 4.79702 0 -4.73551 0 0.0119754 0
0.278 4.80566 0 -4.74404 0 0.011997 0
0.2785 4.8143 0 -4.75257 0 0.0120186 0
0.279 4.82295 0 -4.76111 0 0.0120402 0
0.2795 4.83159 0 -4.76964 0 0.0120617 0
0.28 4.84023 0 -4.77817 0 0.0120833 0
0.2805 4.84887 0 -4.7867 0 0.0121049 0
0.281 4.85752 0 -4.79524 0 0.0121265 0
0.2815 4.86616 0 -4.80377 0 0.0121481 0
0.282 4.8748 0 -4.8123 0 0.0121696 0
0.2825 4.88345 0 -4.82083 0 0.0121912 0
0.283 4.89209 0 -4.82937 0 0.0122128 0
0.2835 4.90073 0 -4.8379 0 0.0122344 0
0.284 4.90938 0 -4.84643 0 0.0122559 0
0.2845 4.91802 0 -4.85496 0 0.0122775 0
0.285 4.92666 0 -4.86349 0 0.0122991 0
0.2855 4.93531 0 -4.87203 0 0.0123207 0
0.286 4.94395 0 -4.88056 0 0.0123422 0
0.2865 4.95259 0 -4.88909 0 0.0123638 0
0.287 4.96124 0 -4.89762 0 0.0123854 0
0.2875 4.96988 0 -4.90616 0 0.012407 0
0.288 4.97852 0 -4.91469 0 0.0124286 0
0.2885 4.98717 0 -4.92322 0 0.0124501 0
0.289 4.99581 0 -4.93175 0 0.0124717 0
0.2895 5.00445 0 -4.94029 0 0.0124933 0
0.29 5.0131 0 -4.94882 0 0.0125149 0
0.2905 5.02174 0 -4.95735 0 0.0125364 0
0.291 5.03038 0 -4.96588 0 0.012558 0
0.2915 5.03903 0 -4.97442 0 0.0125796 0
0.292 5.04767 0 -4.98295 0 0.0126012 0
0.2925 5.05631 0 -4.99148 0 0.0126228 0
0.293 5.06496 0 -5.00001 0 0.0126443 0
0.2935 5.0736 0 -5.00855 0 0.0126659 0
0.294 5.08224 0 -5.01708 0 0.0126875 0
0.2945 5.09089 0 -5.02561 0 0.0127091 0
0.295 5.09953 0 -5.03414 0 0.0127306 0
0.2955 5.10817 0 -5.04268 0 0.0127522 0
0.296 5.11682 0 -5.05121 0 0.0127738 0
0.2965 5.12546 0 -5.05974 0 0.0127954 0
0.297 5.1341 0 -5.06827 0 0.012817 0
0.2975 5.14275 0 -5.07681 0 0.0128385 0
0.298 5.15139 0 -5.08534 0 0.0128601 0
0.2985 5.16003 0 -5.09387 0 0.0128817 0
0.299 5.16868 0 -5.1024 0 0.0129033 0
0.2995 5.17732 0 -5.11094 0 0.0129248 0
0.3 5.18596 0 -5.11947 0 0.0129464 0
0.3005 5.19461 0 -5.128 0 0.012968 0
0.301 5.20325 0 -5.13653 0 0.0129896 0
0.3015 5.21189 0 -5.14507 0 0.0130111 0
0.302 5.22054 0 -5.1536 0 0.0130327 0
0.3025 5.22918 0 -5.16213 0 0.0130543 0
0.303 5.23782 0 -5.17066 0 0.0130759 0
0.3035 5.24647 0 -5.1792 0 0.0130975 0
0.304 5.25511 0 -5.18773 0 0.013119 0
0.3045 5.26375 0 -5.19626 0 0.0131406 0
0.305 5.2724 0 -5.20479 0 0.0131622 0
0.3055 5.28104 0 -5.21333 0 0.0131838 0
0.306 5.28968 0 -5.22186 0 0.0132053 0
0.3065 5.29832 0 -5.23039 0 0.0132269 0
0.307 5.30697 0 -5.23892 0 0.0132485 0
0.3075 5.31561 0 -5.24746 0 0.0132701 0
0.308 5.32425 0 -5.25599 0 0.0132917 0
0.3085 5.3329 0 -5.26452 0 0.0133132 0
0.309 5.34154 0 -5.27305 0 0.0133348 0
0.3095 5.35018 0 -5.28158 0 0.0133564 0
0.31 5.35883 0 -5.29012 0 0.013378 0
0.3105 5.36747 0 -5.29865 0 0.0133995 0
0.311 5.37611 0 -5.30718 0 0.0134211 0
0.3115 5.38476 0 -5.31571 0 0.0134427 0
0.312 5.3934 0 -5.32425 0 0.0134643 0
0.3125 5.40204 0 -5.33278 0 0.0134858 0
0.313 5.41069 0 -5.34131 0 0.0135074 0
0.3135 5.41933 0 -5.34984 0 0.013529 0
0.314 5.42797 0 -5.35838 0 0.0135506 0
0.3145 5.43662 0 -5.36691 0 0.0135722 0
0.315 5.44526 0 -5.37544 0 0.0135937 0
0.3155 5.4539 0 -5.38397 0 0.0136153 0
0.316 5.46255 0 -5.39251 0 0.0136369 0
0.3165 5.47119 0 -5.40104 0 0.0136585 0
0.317 5.47983 0 -5.40957 0 0.01368 0
0.3175 5.48848 0 -5.4181 0 0.0137016 0
0.318 5.49712 0 -5.42664 0 0.0137232 0
0.3185 5.50576 0 -5.43517 0 0.0137448 0
0.319 5.51441 0 -5.4437 0 0.0137664 0
0.3195 5.52305 0 -5.45223 0 0.0137879 0
0.32 5.53169 0 -5.46077 0 0.0138095 0
0.3205 5.54034 0 -5.4693 0 0.0138311 0
0.321 5.54898 0 -5.47783 0 0.0138527 0
0.3215 5.55762 0 -5.48636 0 0.0138742 0
0.322 5.56627 0 -5.4949 0 0.0138958 0
0.3225 5.57491 0 -5.50343 0 0.0139174 0
0.323 5.58355 0 -5.51196 0 0.013939 0
0.3235 5.5922 0 -5.52049 0 0.0139606 0
0.324 5.60084 0 -5.52903 0 0.0139821 0
0.3245 5.60948 0 -5.53756 0 0.0140037 0
0.325 5.61813 0 -5.54609 0 0.0140253 0
0.3255 5.62677 0 -5.55462 0 0.0140469 0
0.326 5.63541 0 -5.56316 0 0.0140684 0
0.3265 5.64406 0 -5.57169 0 0.01409 0
0.327 5.6527 0 -5.58022 0 0.0141116 0
0.3275 5.66134 0 -5.58875 0 0.0141332 0
0.328 5.66999 0 -5.59729 0 0.0141547 0
0.3285 5.67863 0 -5.60582 0 0.0141763 0
0.329 5.68727 0 -5.61435 0 0.0141979 0
0.3295 5.69592 0 -5.62288 0 0.0142195 0
0.33 5.70456 0 -5.63142 0 0.0142411 0
0.3305 5.7132 0 -5.63995 0 0.0142626 0
0.331 5.72185 0 -5.64848 0 0.0142842 0
0.3315 5.73049 0 -5.65701 0 0.0143058 0
0.332 5.73913 0 -5.66555 0 0.0143274 0
0.3325 5.74778 0 -5.67408 0 0.0143489 0
0.333 5.75642 0 -5.68261 0 0.0143705 0
0.3335 5.76506 0 -5.69114 0 0.0143921 0
0.334 5.7737 0 -5.69967 0 0.0144137 0
0.3345 5.78235 0 -5.70821 0 0.0144353 0
0.335 5.79099 0 -5.71674 0 0.0144568 0
0.3355 5.79963 0 -5.72527 0 0.0144784 0
0.336 5.80828 0 -5.7338 0 0.0145 0
0.3365 5.81692 0 -5.74234 0 0.0145216 0
0.337 5.82556 0 -5.75087 0 0.0145431 0
0.3375 5.83421 0 -5.7594 0 0.0145647 0
0.338 5.84285 0 -5.76793 0 0.0145863 0
0.3385 5.85149 0 -5.77647 0 0.0146079 0
0.339 5.86014 0 -5.785 0 0.0146294 0
0.3395 5.86878 0 -5.79353 0 0.014651 0
0.34 5.87742 0 -5.80206 0 0.0146726 0
0.3405 5.88607 0 -5.8106 0 0.0146942 0
0.341 5.89471 0 -5.81913 0 0.0147158 0
0.3415 5.90335 0 -5.82766 0 0.0147373 0
0.342 5.912 0 -5.83619 0 0.0147589 0
0.3425 5.92064 0 -5.84473 0 0.0147805 0
0.343 5.92928 0 -5.85326 0 0.0148021 0
0.3435 5.93793 0 -5.86179 0 0.0148236 0
0.344 5.94657 0 -5.87032 0 0.0148452 0
0.3445 5.95521 0 -5.87886 0 0.0148668 0
0.345 5.96386 0 -5.88739 0 0.0148884 0
0.3455 5.9725 0 -5.89592 0 0.01491 0
0.346 5.98114 0 -5.90445 0 0.0149315 0
0.3465 5.98979 0 -5.91299 0 0.0149531 0
0.347 5.99843 0 -5.92152 0 0.0149747 0
0.3475 6.00707 0 -5.93005 0 0.0149963 0
0.348 6.01572 0 -5.93858 0 0.0150178 0
0.3485 6.02436 0 -5.94712 0 0.0150394 0
0.349 6.033 0 -5.95565 0 0.015061 0
0.3495 6.04165 0 -5.96418 0 0.0150826 0
0.35 6.05029 0 -5.97271 0 0.0151042 0
0.3505 6.05893 0 -5.98125 0 0.0151257 0
0.351 6.06758 0 -5.98978 0 0.0151473 0
0.3515 6.07622 0 -5.99831 0 0.0151689 0
0.352 6.08486 0 -6.00684 0 0.0151905 0
0.3525 6.09351 0 -6.01538 0 0.015212 0
0.353 6.10215 0 -6.02391 0 0.0152336 0
0.3535 6.11079 0 -6.03244 0 0.0152552 0
0.354 6.11944 0 -6.04097 0 0.0152768 0
0.3545 6.12808 0 -6.04951 0 0.0152983 0
0.355 6.13672 0 -6.05804 0 0.0153199 0
0.3555 6.14537 0 -6.06657 0 0.0153415 0
0.356 6.15401 0 -6.0751 0 0.0153631 0
0.3565 6.16265 0 -6.08363 0 0.0153847 0
0.357 6.1713 0 -6.09217 0 0.0154062 0
0.3575 6.17994 0 -6.1007 0 0.0154278 0
0.358 6.18858 0 -6.10923 0 0.0154494 0
0.3585 6.19723 0 -6.11776 0 0.015471 0
0.359 6.20587 0 -6.1263 0 0.0154925 0
0.3595 6.21451 0 -6.13483 0 0.0155141 0
0.36 6.22315 0 -6.14336 0 0.0155357 0
0.3605 6.2318 0 -6.15189 0 0.0155573 0
0.361 6.24044 0 -6.16043 0 0.0155789 0
0.3615 6.24908 0 -6.16896 0 0.0156004 0
0.362 6.25773 0 -6.17749 0 0.015622 0
0.3625 6.26637 0 -6.18602 0 0.0156436 0
0.363 6.27501 0 -6.19456 0 0.0156652 0
0.3635 6.28366 0 -6.20309 0 0.0156867 0
0.364 6.2923 0 -6.21162 0 0.0157083 0
0.3645 6.30094 0 -6.22015 0 0.0157299 0
0.365 6.30959 0 -6.22869 0 0.0157515 0
0.3655 6.31823 0 -6.23722 0 0.015773 0
0.366 6.32687 0 -6.24575 0 0.0157946 0
0.3665 6.33552 0 -6.25428 0 0.0158162 0
0.367 6.34416 0 -6.26282 0 0.0158378 0
0.3675 6.3528 0 -6.27135 0 0.0158594 0
0.368 6.36145 0 -6.27988 0 0.0158809 0
0.3685 6.37009 0 -6.28841 0 0.0159025 0
0.369 6.37873 0 -6.29695 0 0.0159241 0
0.3695 6.38738 0 -6.30548 0 0.0159457 0
0.37 6.39602 0 -6.31401 0 0.0159672 0
0.3705 6.40466 0 -6.32254 0 0.0159888 0
0.371 6.41331 0 -6.33108 0 0.0160104 0
0.3715 6.42195 0 -6.33961 0 0.016032 0
0.372 6.43059 0 -6.34814 0 0.0160536 0
0.3725 6.43924 0 -6.35667 0 0.0160751 0
0.373 6.44788 0 -6.36521 0 0.0160967 0
0.3735 6.45652 0 -6.37374 0 0.0161183 0
0.374 6.46517 0 -6.38227 0 0.0161399 0
0.3745 6.47381 0 -6.3908 0 0.0161614 0
0.375 6.48245 0 -6.39934 0 0.016183 0
0.3755 6.4911 0 -6.40787 0 0.0162046 0
0.376 6.49974 0 -6.4164 0 0.0162262 0
0.3765 6.50838 0 -6.42493 0 0.0162478 0
0.377 6.51703 0 -6.43347 0 0.0162693 0
0.3775 6.52567 0 -6.442 0 0.0162909 0
0.378 6.53431 0 -6.45053 0 0.0163125 0
0.3785 6.54296 0 -6.45906 0 0.0163341 0
0.379 6.5516 0 -6.4676 0 0.0163556 0
0.3795 6.56024 0 -6.47613 0 0.0163772 0
0.38 6.56889 0 -6.48466 0 0.0163988 0
0.3805 6.57753 0 -6.49319 0 0.0164204 0
0.381 6.58617 0 -6.50172 0 0.0164419 0
0.3815 6.59482 0 -6.51026 0 0.0164635 0
0.382 6.60346 0 -6.51879 0 0.0164851 0
0.3825 6.6121 0 -6.52732 0 0.0165067 0
0.383 6.62075 0 -6.53585 0 0.0165283 0
0.3835 6.62939 0 -6.54439 0 0.0165498 0
0.384 6.63803 0 -6.55292 0 0.0165714 0
0.3845 6.64668 0 -6.56145 0 0.016593 0
0.385 6.65532 0 -6.56998 0 0.0166146 0
0.3855 6.66396 0 -6.57852 0 0.0166361 0
0.386 6.67261 0 -6.58705 0 0.0166577 0
0.3865 6.68125 0 -6.59558 0 0.0166793 0
0.387 6.68989 0 -6.60411 0 0.0167009 0
0.3875 6.69853 0 -6.61265 0 0.0167225 0
0.388 6.70718 0 -6.62118 0 0.016744 0
0.3885 6.71582 0 -6.62971 0 0.0167656 0
0.389 6.72446 0 -6.63824 0 0.0167872 0
0.3895 6.73311 0 -6.64678 0 0.0168088 0
0.39 6.74175 0 -6.65531 0 0.0168303 0
0.3905 6.75039 0 -6.66384 0 0.0168519 0
0.391 6.75904 0 -6.67237 0 0.0168735 0
0.3915 6.76768 0 -6.68091 0 0.0168951 0
0.392 6.77632 0 -6.68944 0 0.0169166 0
0.3925 6.78497 0 -6.69797 0 0.0169382 0
0.393 6.79361 0 -6.7065 0 0.0169598 0
0.3935 6.80225 0 -6.71504 0 0.0169814 0
0.394 6.8109 0 -6.72357 0 0.017003 0
0.3945 6.81954 0 -6.7321 0 0.0170245 0
0.395 6.82818 0 -6.74063 0 0.0170461 0
0.3955 6.83683 0 -6.74917 0 0.0170677 0
0.396 6.84547 0 -6.7577 0 0.0170893 0
0.3965 6.85411 0 -6.76623 0 0.0171108 0
0.397 6.86276 0 -6.77476 0 0.0171324 0
0.3975 6.8714 0 -6.7833 0 0.017154 0
0.398 6.88004 0 -6.79183 0 0.0171756 0
0.3985 6.88869 0 -6.80036 0 0.0171972 0
0.399 6.89733 0 -6.80889 0 0.0172187 0
0.3995 6.90597 0 -6.81743 0 0.0172403 0
0.4 6.91462 0 -6.82596 0 0.0172619 0
0.4005 6.92326 0 -6.83449 0 0.0172835 0
0.401 6.9319 0 -6.84302 0 0.017305 0
0.4015 6.94055 0 -6.85156 0 0.0173266 0
0.402 6.94919 0 -6.86009 0 0.0173482 0
0.4025 6.95783 0 -6.86862 0 0.0173698 0
0.403 6.96648 0 -6.87715 0 0.0173914 0
0.4035 6.97512 0 -6.88568 0 0.0174129 0
0.404 6.98376 0 -6.89422 0 0.0174345 0
0.4045 6.99241 0 -6.90275 0 0.0174561 0
0.405 7.00105 0 -6.91128 0 0.0174777 0
0.4055 7.00969 0 -6.91981 0 0.0174992 0
0.406 7.01834 0 -6.92835 0 0.0175208 0
0.4065 7.02698 0 -6.93688 0 0.0175424 0
0.407 7.03562 0 -6.94541 0 0.017564 0
0.4075 7.04427 0 -6.95394 0 0.0175855 0
0.408 7.05291 0 -6.96248 0 0.0176071 0
0.4085 7.06155 0 -6.97101 0 0.0176287 0
0.409 7.0702 0 -6.97954 0 0.0176503 0
0.4095 7.07884 0 -6.98807 0 0.0176719 0
0.41 7.08748 0 -6.99661 0 0.0176934 0
0.4105 7.09613 0 -7.00514 0 0.017715 0
0.411 7.10477 0 -7.01367 0 0.0177366 0
0.4115 7.11341 0 -7.0222 0 0.0177582 0
0.412 7.12206 0 -7.03074 0 0.0177797 0
0.4125 7.1307 0 -7.03927 0 0.0178013 0
0.413 7.13934 0 -7.0478 0 0.0178229 0
0.4135 7.14798 0 -7.05633 0 0.0178445 0
0.414 7.15663 0 -7.06487 0 0.0178661 0
0.4145 7.16527 0 -7.0734 0 0.0178876 0
0.415 7.17391 0 -7.08193 0 0.0179092 0
0.4155 7.18256 0 -7.09046 0 0.0179308 0
0.416 7.1912 0 -7.099 0 0.0179524 0
0.4165 7.19984 0 -7.10753 0 0.0179739 0
0.417 7.20849 0 -7.11606 0 0.0179955 0
0.4175 7.21713 0 -7.12459 0 0.0180171 0
0.418 7.22577 0 -7.13313 0 0.0180387 0
0.4185 7.23442 0 -7.14166 0 0.0180602 0
0.419 7.24306 0 -7.15019 0 0.0180818 0
0.4195 7.2517 0 -7.15872 0 0.0181034 0
0.42 7.26035 0 -7.16726 0 0.018125 0
0.4205 7.26899 0 -7.17579 0 0.0181466 0
0.421 7.27763 0 -7.18432 0 0.0181681 0
0.4215 7.28628 0 -7.19285 0 0.0181897 0
0.422 7.29492 0 -7.20139 0 0.0182113 0
0.4225 7.30356 0 -7.20992 0 0.0182329 0
0.423 7.31221 0 -7.21845 0 0.0182544 0
0.4235 7.32085 0 -7.22698 0 0.018276 0
0.424 7.32949 0 -7.23552 0 0.0182976 0
0.4245 7.33814 0 -7.24405 0 0.0183192 0
0.425 7.34678 0 -7.25258 0 0.0183408 0
0.4255 7.35542 0 -7.26111 0 0.0183623 0
0.426 7.36407 0 -7.26965 0 0.0183839 0
0.4265 7.37271 0 -7.27818 0 0.0184055 0
0.427 7.38135 0 -7.28671 0 0.0184271 0
0.4275 7.39 0 -7.29524 0 0.0184486 0
0.428 7.39864 0 -7.30377 0 0.0184702 0
0.4285 7.40728 0 -7.31231 0 0.0184918 0
0.429 7.41593 0 -7.32084 0 0.0185134 0
0.4295 7.42457 0 -7.32937 0 0.018535 0
0.43 7.43321 0 -7.3379 0 0.0185565 0
0.4305 7.44186 0 -7.34644 0 0.0185781 0
0.431 7.4505 0 -7.35497 0 0.0185997 0
0.4315 7.45914 0 -7.3635 0 0.0186213 0
0.432 7.46779 0 -7.37203 0 0.0186428 0
0.4325 7.47643 0 -7.38057 0 0.0186644 0
0.433 7.48507 0 -7.3891 0 0.018686 0
0.4335 7.49372 0 -7.39763 0 0.0187076 0
0.434 7.50236 0 -7.40616 0 0.0187291 0
0.4345 7.511 0 -7.4147 0 0.0187507 0
0.435 7.51965 0 -7.42323 0 0.0187723 0
0.4355 7.52829 0 -7.43176 0 0.0187939 0
0.436 7.53693 0 -7.44029 0 0.0188155 0
0.4365 7.54558 0 -7.44883 0 0.018837 0
0.437 7.55422 0 -7.45736 0 0.0188586 0
0.4375 7.56286 0 -7.46589 0 0.0188802 0
0.438 7.57151 0 -7.47442 0 0.0189018 0
0.4385 7.58015 0 -7.48296 0 0.0189233 0
0.439 7.58879 0 -7.49149 0 0.0189449 0
0.4395 7.59743 0 -7.50002 0 0.0189665 0
0.44 7.60608 0 -7.50855 0 0.0189881 0
0.4405 7.61472 0 -7.51709 0 0.0190097 0
0.441 7.62336 0 -7.52562 0 0.0190312 0
0.4415 7.63201 0 -7.53415 0 0.0190528 0
0.442 7.64065 0 -7.54268 0 0.0190744 0
0.4425 7.64929 0 -7.55122 0 0.019096 0
0.443 7.65794 0 -7.55975 0 0.0191175 0
0.4435 7.66658 0 -7.56828 0 0.0191391 0
0.444 7.67522 0 -7.57681 0 0.0191607 0
0.4445 7.68387 0 -7.58535 0 0.0191823 0
0.445 7.69251 0 -7.59388 0 0.0192038 0
0.4455 7.70115 0 -7.60241 0 0.0192254 0
0.446 7.7098 0 -7.61094 0 0.019247 0
0.4465 7.71844 0 -7.61948 0 0.0192686 0
0.447 7.72708 0 -7.62801 0 0.0192902 0
0.4475 7.73573 0 -7.63654 0 0.0193117 0
0.448 7.74437 0 -7.64507 0 0.0193333 0
0.4485 7.75301 0 -7.65361 0 0.0193549 0
0.449 7.76166 0 -7.66214 0 0.0193765 0
0.4495 7.7703 0 -7.67067 0 0.019398 0
0.45 7.77894 0 -7.6792 0 0.0194196 0
0.4505 7.78759 0 -7.68774 0 0.0194412 0
0.451 7.79623 0 -7.69627 0 0.0194628 0
0.4515 7.80487 0 -7.7048 0 0.0194844 0
0.452 7.81352 0 -7.71333 0 0.0195059 0
0.4525 7.82216 0 -7.72186 0 0.0195275 0
0.453 7.8308 0 -7.7304 0 0.0195491 0
0.4535 7.83945 0 -7.73893 0 0.0195707 0
0.454 7.84809 0 -7.74746 0 0.0195922 0
0.4545 7.85673 0 -7.75599 0 0.0196138 0
0.455 7.86538 0 -7.76453 0 0.0196354 0
0.4555 7.87402 0 -7.77306 0 0.019657 0
0.456 7.88266 0 -7.78159 0 0.0196786 0
0.4565 7.89131 0 -7.79012 0 0.0197001 0
0.457 7.89995 0 -7.79866 0 0.0197217 0
0.4575 7.90859 0 -7.80719 0 0.0197433 0
0.458 7.91724 0 -7.81572 0 0.0197649 0
0.4585 7.92588 0 -7.82425 0 0.0197864 0
0.459 7.93452 0 -7.83279 0 0.019808 0
0.4595 7.94317 0 -7.84132 0 0.0198296 0
0.46 7.95181 0 -7.84985 0 0.0198512 0
0.4605 7.96045 0 -7.85838 0 0.0198727 0
0.461 7.9691 0 -7.86692 0 0.0198943 0
0.4615 7.97774 0 -7.87545 0 0.0199159 0
0.462 7.98638 0 -7.88398 0 0.0199375 0
0.4625 7.99503 0 -7.89251 0 0.0199591 0
0.463 8.00367 0 -7.90105 0 0.0199806 0
0.4635 8.01231 0 -7.90958 0 0.0200022 0
0.464 8.02096 0 -7.91811 0 0.0200238 0
0.4645 8.0296 0 -7.92664 0 0.0200454 0
0.465 8.03824 0 -7.93518 0 0.0200669 0
0.4655 8.04689 0 -7.94371 0 0.0200885 0
0.466 8.05553 0 -7.95224 0 0.0201101 0
0.4665 8.06417 0 -7.96077 0 0.0201317 0
0.467 8.07281 0 -7.96931 0 0.0201533 0
0.4675 8.08146 0 -7.97784 0 0.0201748 0
0.468 8.0901 0 -7.98637 0 0.0201964 0
0.4685 8.09874 0 -7.9949 0 0.020218 0
0.469 8.10739 0 -8.00344 0 0.0202396 0
0.4695 8.11603 0 -8.01197 0 0.0202611 0
0.47 8.12467 0 -8.0205 0 0.0202827 0
0.4705 8.13332 0 -8.02903 0 0.0203043 0
0.471 8.14196 0 -8.03757 0 0.0203259 0
0.4715 8.1506 0 -8.0461 0 0.0203474 0
0.472 8.15925 0 -8.05463 0 0.020369 0
0.4725 8.16789 0 -8.06316 0 0.0203906 0
0.473 8.17653 0 -8.0717 0 0.0204122 0
0.4735 8.18518 0 -8.08023 0 0.0204338 0
0.474 8.19382 0 -8.08876 0 0.0204553 0
0.4745 8.20246 0 -8.09729 0 0.0204769 0
0.475 8.21111 0 -8.10582 0 0.0204985 0
0.4755 8.21975 0 -8.11436 0 0.0205201 0
0.476 8.22839 0 -8.12289 0 0.0205416 0
0.4765 8.23704 0 -8.13142 0 0.0205632 0
0.477 8.24568 0 -8.13995 0 0.0205848 0
0.4775 8.25432 0 -8.14849 0 0.0206064 0
0.478 8.26297 0 -8.15702 0 0.020628 0
0.4785 8.27161 0 -8.16555 0 0.0206495 0
0.479 8.28025 0 -8.17408 0 0.0206711 0
0.4795 8.2889 0 -8.18262 0 0.0206927 0
0.48 8.29754 0 -8.19115 0 0.0207143 0
0.4805 8.30618 0 -8.19968 0 0.0207358 0
0.481 8.31483 0 -8.20821 0 0.0207574 0
0.4815 8.32347 0 -8.21675 0 0.020779 0
0.482 8.33211 0 -8.22528 0 0.0208006 0
0.4825 8.34076 0 -8.23381 0 0.0208222 0
0.483 8.3494 0 -8.24234 0 0.0208437 0
0.4835 8.35804 0 -8.25088 0 0.0208653 0
0.484 8.36669 0 -8.25941 0 0.0208869 0
0.4845 8.37533 0 -8.26794 0 0.0209085 0
0.485 8.38397 0 -8.27647 0 0.02093 0
0.4855 8.39262 0 -8.28501 0 0.0209516 0
0.486 8.40126 0 -8.29354 0 0.0209732 0
0.4865 8.4099 0 -8.30207 0 0.0209948 0
0.487 8.41855 0 -8.3106 0 0.0210163 0
0.4875 8.42719 0 -8.31914 0 0.0210379 0
0.488 8.43583 0 -8.32767 0 0.0210595 0
0.4885 8.44448 0 -8.3362 0 0.0210811 0
0.489 8.45312 0 -8.34473 0 0.0211027 0
0.4895 8.46176 0 -8.35327 0 0.0211242 0
0.49 8.47041 0 -8.3618 0 0.0211458 0
0.4905 8.47905 0 -8.37033 0 0.0211674 0
0.491 8.48769 0 -8.37886 0 0.021189 0
0.4915 8.49634 0 -8.3874 0 0.0212105 0
0.492 8.50498 0 -8.39593 0 0.0212321 0
0.4925 8.51362 0 -8.40446 0 0.0212537 0
0.493 8.52226 0 -8.41299 0 0.0212753 0
0.4935 8.53091 0 -8.42153 0 0.0212969 0
0.494 8.53955 0 -8.43006 0 0.0213184 0
0.4945 8.54819 0 -8.43859 0 0.02134 0
0.495 8.55684 0 -8.44712 0 0.0213616 0
0.4955 8.56548 0 -8.45566 0 0.0213832 0
0.496 8.57412 0 -8.46419 0 0.0214047 0
0.4965 8.58277 0 -8.47272 0 0.0214263 0
0.497 8.59141 0 -8.48125 0 0.0214479 0
0.4975 8.60005 0 -8.48979 0 0.0214695 0
0.498 8.6087 0 -8.49832 0 0.021491 0
0.4985 8.61734 0 -8.50685 0 0.0215126 0
0.499 8.62598 0 -8.51538 0 0.0215342 0
0.4995 8.63463 0 -8.52391 0 0.0215558 0
0.5 8.64327 0 -8.53245 0 0.0215774 0
0.5005 8.65191 0 -8.54098 0 0.0215989 0
0.501 8.66056 0 -8.54951 0 0.0216205 0
0.5015 8.6692 0 -8.55804 0 0.0216421 0
0.502 8.67784 0 -8.56658 0 0.0216637 0
0.5025 8.68649 0 -8.57511 0 0.0216852 0
0.503 8.69513 0 -8.58364 0 0.0217068 0
0.5035 8.70377 0 -8.59217 0 0.0217284 0
0.504 8.71242 0 -8.60071 0 0.02175 0
0.5045 8.72106 0 -8.60924 0 0.0217716 0
0.505 8.7297 0 -8.61777 0 0.0217931 0
0.5055 8.73835 0 -8.6263 0 0.0218147 0
0.506 8.74699 0 -8.63484 0 0.0218363 0
0.5065 8.75563 0 -8.64337 0 0.0218579 0
0.507 8.76428 0 -8.6519 0 0.0218794 0
0.5075 8.77292 0 -8.66043 0 0.021901 0
0.508 8.78156 0 -8.66897 0 0.0219226 0
0.5085 8.79021 0 -8.6775 0 0.0219442 0
0.509 8.79885 0 -8.68603 0 0.0219658 0
0.5095 8.80749 0 -8.69456 0 0.0219873 0
0.51 8.81614 0 -8.7031 0 0.0220089 0
0.5105 8.82478 0 -8.71163 0 0.0220305 0
0.511 8.83342 0 -8.72016 0 0.0220521 0
0.5115 8.84207 0 -8.72869 0 0.0220736 0
0.512 8.85071 0 -8.73723 0 0.0220952 0
0.5125 8.85935 0 -8.74576 0 0.0221168 0
0.513 8.868 0 -8.75429 0 0.0221384 0
0.5135 8.87664 0 -8.76282 0 0.0221599 0
0.514 8.88528 0 -8.77136 0 0.0221815 0
0.5145 8.89393 0 -8.77989 0 0.0222031 0
0.515 8.90257 0 -8.78842 0 0.0222247 0
0.5155 8.91121 0 -8.79695 0 0.0222463 0
0.516 8.91986 0 -8.80549 0 0.0222678 0
0.5165 8.9285 0 -8.81402 0 0.0222894 0
0.517 8.93714 0 -8.82255 0 0.022311 0
0.5175 8.94579 0 -8.83108 0 0.0223326 0
0.518 8.95443 0 -8.83962 0 0.0223541 0
0.5185 8.96307 0 -8.84815 0 0.0223757 0
0.519 8.97172 0 -8.85668 0 0.0223973 0
0.5195 8.98036 0 -8.86521 0 0.0224189 0
0.52 8.989 0 -8.87375 0 0.0224405 0
0.5205 8.99764 0 -8.88228 0 0.022462 0
0.521 9.00629 0 -8.89081 0 0.0224836 0
0.5215 9.01493 0 -8.89934 0 0.0225052 0
0.522 9.02357 0 -8.90788 0 0.0225268 0
0.5225 9.03222 0 -8.91641 0 0.0225483 0
0.523 9.04086 0 -8.92494 0 0.0225699 0
0.5235 9.0495 0 -8.93347 0 0.0225915 0
0.524 9.05815 0 -8.942 0 0.0226131 0
0.5245 9.06679 0 -8.95054 0 0.0226346 0
0.525 9.07543 0 -8.95907 0 0.0226562 0
0.5255 9.08408 0 -8.9676 0 0.0226778 0
0.526 9.09272 0 -8.97613 0 0.0226994 0
0.5265 9.10136 0 -8.98467 0 0.022721 0
0.527 9.11001 0 -8.9932 0 0.0227425 0
0.5275 9.11865 0 -9.00173 0 0.0227641 0
0.528 9.12729 0 -9.01026 0 0.0227857 0
0.5285 9.13594 0 -9.0188 0 0.0228073 0
0.529 9.14458 0 -9.02733 0 0.0228288 0
0.5295 9.15322 0 -9.03586 0 0.0228504 0
0.53 9.16187 0 -9.04439 0 0.022872 0
0.5305 9.17051 0 -9.05293 0 0.0228936 0
0.531 9.17915 0 -9.06146 0 0.0229152 0
0.5315 9.1878 0 -9.06999 0 0.0229367 0
0.532 9.19644 0 -9.07852 0 0.0229583 0
0.5325 9.20508 0 -9.08706 0 0.0229799 0
0.533 9.21373 0 -9.09559 0 0.0230015 0
0.5335 9.22237 0 -9.10412 0 0.023023 0
0.534 9.23101 0 -9.11265 0 0.0230446 0
0.5345 9.23966 0 -9.12119 0 0.0230662 0
0.535 9.2483 0 -9.12972 0 0.0230878 0
0.5355 9.25694 0 -9.13825 0 0.0231094 0
0.536 9.26559 0 -9.14678 0 0.0231309 0
0.5365 9.27423 0 -9.15532 0 0.0231525 0
0.537 9.28287 0 -9.16385 0 0.0231741 0
0.5375 9.29152 0 -9.17238 0 0.0231957 0
0.538 9.30016 0 -9.18091 0 0.0232172 0
0.5385 9.3088 0 -9.18945 0 0.0232388 0
0.539 9.31745 0 -9.19798 0 0.0232604 0
0.5395 9.32609 0 -9.20651 0 0.023282 0
0.54 9.33473 0 -9.21504 0 0.0233035 0
0.5405 9.34338 0 -9.22358 0 0.0233251 0
0.541 9.35202 0 -9.23211 0 0.0233467 0
0.5415 9.36066 0 -9.24064 0 0.0233683 0
0.542 9.36931 0 -9.24917 0 0.0233899 0
0.5425 9.37795 0 -9.25771 0 0.0234114 0
0.543 9.38659 0 -9.26624 0 0.023433 0
0.5435 9.39524 0 -9.27477 0 0.0234546 0
0.544 9.40388 0 -9.2833 0 0.0234762 0
0.5445 9.41252 0 -9.29184 0 0.0234977 0
0.545 9.42117 0 -9.30037 0 0.0235193 0
0.5455 9.42981 0 -9.3089 0 0.0235409 0
0.546 9.43845 0 -9.31743 0 0.0235625 0
0.5465 9.44709 0 -9.32596 0 0.0235841 0
0.547 9.45574 0 -9.3345 0 0.0236056 0
0.5475 9.46438 0 -9.34303 0 0.0236272 0
0.548 9.47302 0 -9.35156 0 0.0236488 0
0.5485 9.48167 0 -9.36009 0 0.0236704 0
0.549 9.49031 0 -9.36863 0 0.0236919 0
0.5495 9.49895 0 -9.37716 0 0.0237135 0
0.55 9.5076 0 -9.38569 0 0.0237351 0
0.5505 9.51624 0 -9.39422 0 0.0237567 0
0.551 9.52488 0 -9.40276 0 0.0237782 0
0.5515 9.53353 0 -9.41129 0 0.0237998 0
0.552 9.54217 0 -9.41982 0 0.0238214 0
0.5525 9.55081 0 -9.42835 0 0.023843 0
0.553 9.55946 0 -9.43689 0 0.0238646 0
0.5535 9.5681 0 -9.44542 0 0.0238861 0
0.554 9.57674 0 -9.45395 0 0.0239077 0
0.5545 9.58539 0 -9.46248 0 0.0239293 0
0.555 9.59403 0 -9.47102 0 0.0239509 0
0.5555 9.60267 0 -9.47955 0 0.0239724 0
0.556 9.61132 0 -9.48808 0 0.023994 0
0.5565 9.61996 0 -9.49661 0 0.0240156 0
0.557 9.6286 0 -9.50515 0 0.0240372 0
0.5575 9.63725 0 -9.51368 0 0.0240588 0
0.558 9.64589 0 -9.52221 0 0.0240803 0
0.5585 9.65453 0 -9.53074 0 0.0241019 0
0.559 9.66318 0 -9.53928 0 0.0241235 0
0.5595 9.67182 0 -9.54781 0 0.0241451 0
0.56 9.68046 0 -9.55634 0 0.0241666 0
0.5605 9.68911 0 -9.56487 0 0.0241882 0
0.561 9.69775 0 -9.57341 0 0.0242098 0
0.5615 9.70639 0 -9.58194 0 0.0242314 0
0.562 9.71504 0 -9.59047 0 0.024253 0
0.5625 9.72368 0 -9.599 0 0.0242745 0
0.563 9.73232 0 -9.60754 0 0.0242961 0
0.5635 9.74097 0 -9.61607 0 0.0243177 0
0.564 9.74961 0 -9.6246 0 0.0243393 0
0.5645 9.75825 0 -9.63313 0 0.0243608 0
0.565 9.7669 0 -9.64167 0 0.0243824 0
0.5655 9.77554 0 -9.6502 0 0.024404 0
0.566 9.78418 0 -9.65873 0 0.0244256 0
0.5665 9.79283 0 -9.66726 0 0.0244471 0
0.567 9.80147 0 -9.6758 0 0.0244687 0
0.5675 9.81011 0 -9.68433 0 0.0244903 0
0.568 9.81876 0 -9.69286 0 0.0245119 0
0.5685 9.8274 0 -9.70139 0 0.0245335 0
0.569 9.83604 0 -9.70993 0 0.024555 0
0.5695 9.84469 0 -9.71846 0 0.0245766 0
0.57 9.85333 0 -9.72699 0 0.0245982 0
0.5705 9.86197 0 -9.73552 0 0.0246198 0
0.571 9.87062 0 -9.74405 0 0.0246413 0
0.5715 9.87926 0 -9.75259 0 0.0246629 0
0.572 9.8879 0 -9.76112 0 0.0246845 0
0.5725 9.89655 0 -9.76965 0 0.0247061 0
0.573 9.90519 0 -9.77818 0 0.0247277 0
0.5735 9.91383 0 -9.78672 0 0.0247492 0
0.574 9.92247 0 -9.79525 0 0.0247708 0
0.5745 9.93112 0 -9.80378 0 0.0247924 0
0.575 9.93976 0 -9.81231 0 0.024814 0
0.5755 9.9484 0 -9.82085 0 0.0248355 0
0.576 9.95705 0 -9.82938 0 0.0248571 0
0.5765 9.96569 0 -9.83791 0 0.0248787 0
0.577 9.97433 0 -9.84644 0 0.0249003 0
0.5775 9.98298 0 -9.85498 0 0.0249218 0
0.578 9.99162 0 -9.86351 0 0.0249434 0
0.5785 10.0003 0 -9.87204 0 0.024965 0
0.579 10.0089 0 -9.88057 0 0.0249866 0
0.5795 10.0176 0 -9.88911 0 0.0250082 0
0.58 10.0262 0 -9.89764 0 0.0250297 0
0.5805 10.0348 0 -9.90617 0 0.0250513 0
0.581 10.0435 0 -9.9147 0 0.0250729 0
0.5815 10.0521 0 -9.92324 0 0.0250945 0
0.582 10.0608 0 -9.93177 0 0.025116 0
0.5825 10.0694 0 -9.9403 0 0.0251376 0
0.583 10.0781 0 -9.94883 0 0.0251592 0
0.5835 10.0867 0 -9.95737 0 0.0251808 0
0.584 10.0953 0 -9.9659 0 0.0252024 0
0.5845 10.104 0 -9.97443 0 0.0252239 0
0.585 10.1126 0 -9.98296 0 0.0252455 0
0.5855 10.1213 0 -9.9915 0 0.0252671 0
0.586 10.1299 0 -10 0 0.0252887 0
0.5865 10.1386 0 -10.0086 0 0.0253102 0
0.587 10.1472 0 -10.0171 0 0.0253318 0
0.5875 10.1558 0 -10.0256 0 0.0253534 0
0.588 10.1645 0 -10.0342 0 0.025375 0
0.5885 10.1731 0 -10.0427 0 0.0253965 0
0.589 10.1818 0 -10.0512 0 0.0254181 0
0.5895 10.1904 0 -10.0598 0 0.0254397 0
0.59 10.1991 0 -10.0683 0 0.0254613 0
0.5905 10.2077 0 -10.0768 0 0.0254829 0
0.591 10.2163 0 -10.0854 0 0.0255044 0
0.5915 10.225 0 -10.0939 0 0.025526 0
0.592 10.2336 0 -10.1024 0 0.0255476 0
0.5925 10.2423 0 -10.111 0 0.0255692 0
0.593 10.2509 0 -10.1195 0 0.0255907 0
0.5935 10.2596 0 -10.128 0 0.0256123 0
0.594 10.2682 0 -10.1365 0 0.0256339 0
0.5945 10.2768 0 -10.1451 0 0.0256555 0
0.595 10.2855 0 -10.1536 0 0.0256771 0
0.5955 10.2941 0 -10.1621 0 0.0256986 0
0.596 10.3028 0 -10.1707 0 0.0257202 0
0.5965 10.3114 0 -10.1792 0 0.0257418 0
0.597 10.3201 0 -10.1877 0 0.0257634 0
0.5975 10.3287 0 -10.1963 0 0.0257849 0
0.598 10.3374 0 -10.2048 0 0.0258065 0
0.5985 10.346 0 -10.2133 0 0.0258281 0
0.599 10.3546 0 -10.2219 0 0.0258497 0
0.5995 10.3633 0 -10.2304 0 0.0258713 0
0.6 10.3719 0 -10.2389 0 0.0258928 0
0.6005 10.3806 0 -10.2475 0 0.0259144 0
0.601 10.3892 0 -10.256 0 0.025936 0
0.6015 10.3979 0 -10.2645 0 0.0259576 0
0.602 10.4065 0 -10.2731 0 0.0259791 0
0.6025 10.4151 0 -10.2816 0 0.0260007 0
0.603 10.4238 0 -10.2901 0 0.0260223 0
0.6035 10.4324 0 -10.2987 0 0.0260439 0
0.604 10.4411 0 -10.3072 0 0.0260654 0
0.6045 10.4497 0 -10.3157 0 0.026087 0
0.605 10.4584 0 -10.3243 0 0.0261086 0
0.6055 10.467 0 -10.3328 0 0.0261302 0
0.606 10.4756 0 -10.3413 0 0.0261518 0
0.6065 10.4843 0 -10.3499 0 0.0261733 0
0.607 10.4929 0 -10.3584 0 0.0261949 0
0.6075 10.5016 0 -10.3669 0 0.0262165 0
0.608 10.5102 0 -10.3755 0 0.0262381 0
0.6085 10.5189 0 -10.384 0 0.0262596 0
0.609 10.5275 0 -10.3925 0 0.0262812 0
0.6095 10.5361 0 -10.4011 0 0.0263028 0
0.61 10.5448 0 -10.4096 0 0.0263244 0
0.6105 10.5534 0 -10.4181 0 0.026346 0
0.611 10.5621 0 -10.4267 0 0.0263675 0
0.6115 10.5707 0 -10.4352 0 0.0263891 0
0.612 10.5794 0 -10.4437 0 0.0264107 0
0.6125 10.588 0 -10.4522 0 0.0264323 0
0.613 10.5966 0 -10.4608 0 0.0264538 0
0.6135 10.6053 0 -10.4693 0 0.0264754 0
0.614 10.6139 0 -10.4778 0 0.026497 0
0.6145 10.6226 0 -10.4864 0 0.0265186 0
0.615 10.6312 0 -10.4949 0 0.0265401 0
0.6155 10.6399 0 -10.5034 0 0.0265617 0
0.616 10.6485 0 -10.512 0 0.0265833 0
0.6165 10.6572 0 -10.5205 0 0.0266049 0
0.617 10.6658 0 -10.529 0 0.0266265 0
0.6175 10.6744 0 -10.5376 0 0.026648 0
0.618 10.6831 0 -10.5461 0 0.0266696 0
0.6185 10.6917 0 -10.5546 0 0.0266912 0
0.619 10.7004 0 -10.5632 0 0.0267128 0
0.6195 10.709 0 -10.5717 0 0.0267343 0
0.62 10.7177 0 -10.5802 0 0.0267559 0
0.6205 10.7263 0 -10.5888 0 0.0267775 0
0.621 10.7349 0 -10.5973 0 0.0267991 0
0.6215 10.7436 0 -10.6058 0 0.0268207 0
0.622 10.7522 0 -10.6144 0 0.0268422 0
0.6225 10.7609 0 -10.6229 0 0.0268638 0
0.623 10.7695 0 -10.6314 0 0.0268854 0
0.6235 10.7782 0 -10.64 0 0.026907 0
0.624 10.7868 0 -10.6485 0 0.0269285 0
0.6245 10.7954 0 -10.657 0 0.0269501 0
0.625 10.8041 0 -10.6656 0 0.0269717 0
0.6255 10.8127 0 -10.6741 0 0.0269933 0
0.626 10.8214 0 -10.6826 0 0.0270149 0
0.6265 10.83 0 -10.6912 0 0.0270364 0
0.627 10.8387 0 -10.6997 0 0.027058 0
0.6275 10.8473 0 -10.7082 0 0.0270796 0
0.628 10.8559 0 -10.7168 0 0.0271012 0
0.6285 10.8646 0 -10.7253 0 0.0271227 0
0.629 10.8732 0 -10.7338 0 0.0271443 0
0.6295 10.8819 0 -10.7424 0 0.0271659 0
0.63 10.8905 0 -10.7509 0 0.0271875 0
0.6305 10.8992 0 -10.7594 0 0.027209 0
0.631 10.9078 0 -10.7679 0 0.0272306 0
0.6315 10.9165 0 -10.7765 0 0.0272522 0
0.632 10.9251 0 -10.785 0 0.0272738 0
0.6325 10.9337 0 -10.7935 0 0.0272954 0
0.633 10.9424 0 -10.8021 0 0.0273169 0
0.6335 10.951 0 -10.8106 0 0.0273385 0
0.634 10.9597 0 -10.8191 0 0.0273601 0
0.6345 10.9683 0 -10.8277 0 0.0273817 0
0.635 10.977 0 -10.8362 0 0.0274032 0
0.6355 10.9856 0 -10.8447 0 0.0274248 0
0.636 10.9942 0 -10.8533 0 0.0274464 0
0.6365 11.0029 0 -10.8618 0 0.027468 0
0.637 11.0115 0 -10.8703 0 0.0274896 0
0.6375 11.0202 0 -10.8789 0 0.0275111 0
0.638 11.0288 0 -10.8874 0 0.0275327 0
0.6385 11.0375 0 -10.8959 0 0.0275543 0
0.639 11.0461 0 -10.9045 0 0.0275759 0
0.6395 11.0547 0 -10.913 0 0.0275974 0
0.64 11.0634 0 -10.9215 0 0.027619 0
0.6405 11.072 0 -10.9301 0 0.0276406 0
0.641 11.0807 0 -10.9386 0 0.0276622 0
0.6415 11.0893 0 -10.9471 0 0.0276837 0
0.642 11.098 0 -10.9557 0 0.0277053 0
0.6425 11.1066 0 -10.9642 0 0.0277269 0
0.643 11.1152 0 -10.9727 0 0.0277485 0
0.6435 11.1239 0 -10.9813 0 0.0277701 0
0.644 11.1325 0 -10.9898 0 0.0277916 0
0.6445 11.1412 0 -10.9983 0 0.0278132 0
0.645 11.1498 0 -11.0069 0 0.0278348 0
0.6455 11.1585 0 -11.0154 0 0.0278564 0
0.646 11.1671 0 -11.0239 0 0.0278779 0
0.6465 11.1757 0 -11.0325 0 0.0278995 0
0.647 11.1844 0 -11.041 0 0.0279211 0
0.6475 11.193 0 -11.0495 0 0.0279427 0
0.648 11.2017 0 -11.0581 0 0.0279643 0
0.6485 11.2103 0 -11.0666 0 0.0279858 0
0.649 11.219 0 -11.0751 0 0.0280074 0
0.6495 11.2276 0 -11.0836 0 0.028029 0
0.65 11.2363 0 -11.0922 0 0.0280506 0
0.6505 11.2449 0 -11.1007 0 0.0280721 0
0.651 11.2535 0 -11.1092 0 0.0280937 0
0.6515 11.2622 0 -11.1178 0 0.0281153 0
0.652 11.2708 0 -11.1263 0 0.0281369 0
0.6525 11.2795 0 -11.1348 0 0.0281585 0
0.653 11.2881 0 -11.1434 0 0.02818 0
0.6535 11.2968 0 -11.1519 0 0.0282016 0
0.654 11.3054 0 -11.1604 0 0.0282232 0
0.6545 11.314 0 -11.169 0 0.0282448 0
0.655 11.3227 0 -11.1775 0 0.0282663 0
0.6555 11.3313 0 -11.186 0 0.0282879 0
0.656 11.34 0 -11.1946 0 0.0283095 0
0.6565 11.3486 0 -11.2031 0 0.0283311 0
0.657 11.3573 0 -11.2116 0 0.0283526 0
0.6575 11.3659 0 -11.2202 0 0.0283742 0
0.658 11.3745 0 -11.2287 0 0.0283958 0
0.6585 11.3832 0 -11.2372 0 0.0284174 0
0.659 11.3918 0 -11.2458 0 0.028439 0
0.6595 11.4005 0 -11.2543 0 0.0284605 0
0.66 11.4091 0 -11.2628 0 0.0284821 0
0.6605 11.4178 0 -11.2714 0 0.0285037 0
0.661 11.4264 0 -11.2799 0 0.0285253 0
0.6615 11.435 0 -11.2884 0 0.0285468 0
0.662 11.4437 0 -11.297 0 0.0285684 0
0.6625 11.4523 0 -11.3055 0 0.02859 0
0.663 11.461 0 -11.314 0 0.0286116 0
0.6635 11.4696 0 -11.3226 0 0.0286332 0
0.664 11.4783 0 -11.3311 0 0.0286547 0
0.6645 11.4869 0 -11.3396 0 0.0286763 0
0.665 11.4956 0 -11.3482 0 0.0286979 0
0.6655 11.5042 0 -11.3567 0 0.0287195 0
0.666 11.5128 0 -11.3652 0 0.028741 0
0.6665 11.5215 0 -11.3738 0 0.0287626 0
0.667 11.5301 0 -11.3823 0 0.0287842 0
0.6675 11.5388 0 -11.3908 0 0.0288058 0
0.668 11.5474 0 -11.3993 0 0.0288273 0
0.6685 11.5561 0 -11.4079 0 0.0288489 0
0.669 11.5647 0 -11.4164 0 0.0288705 0
0.6695 11.5733 0 -11.4249 0 0.0288921 0
0.67 11.582 0 -11.4335 0 0.0289137 0
0.6705 11.5906 0 -11.442 0 0.0289352 0
0.671 11.5993 0 -11.4505 0 0.0289568 0
0.6715 11.6079 0 -11.4591 0 0.0289784 0
0.672 11.6166 0 -11.4676 0 0.029 0
0.6725 11.6252 0 -11.4761 0 0.0290215 0
0.673 11.6338 0 -11.4847 0 0.0290431 0
0.6735 11.6425 0 -11.4932 0 0.0290647 0
0.674 11.6511 0 -11.5017 0 0.0290863 0
0.6745 11.6598 0 -11.5103 0 0.0291079 0
0.675 11.6684 0 -11.5188 0 0.0291294 0
0.6755 11.6771 0 -11.5273 0 0.029151 0
0.676 11.6857 0 -11.5359 0 0.0291726 0
0.6765 11.6943 0 -11.5444 0 0.0291942 0
0.677 11.703 0 -11.5529 0 0.0292157 0
0.6775 11.7116 0 -11.5615 0 0.0292373 0
0.678 11.7203 0 -11.57 0 0.0292589 0
0.6785 11.7289 0 -11.5785 0 0.0292805 0
0.679 11.7376 0 -11.5871 0 0.0293021 0
0.6795 11.7462 0 -11.5956 0 0.0293236 0
0.68 11.7548 0 -11.6041 0 0.0293452 0
0.6805 11.7635 0 -11.6127 0 0.0293668 0
0.681 11.7721 0 -11.6212 0 0.0293884 0
0.6815 11.7808 0 -11.6297 0 0.0294099 0
0.682 11.7894 0 -11.6383 0 0.0294315 0
0.6825 11.7981 0 -11.6468 0 0.0294531 0
0.683 11.8067 0 -11.6553 0 0.0294747 0
0.6835 11.8154 0 -11.6639 0 0.0294962 0
0.684 11.824 0 -11.6724 0 0.0295178 0
0.6845 11.8326 0 -11.6809 0 0.0295394 0
0.685 11.8413 0 -11.6895 0 0.029561 0
0.6855 11.8499 0 -11.698 0 0.0295826 0
0.686 11.8586 0 -11.7065 0 0.0296041 0
0.6865 11.8672 0 -11.7151 0 0.0296257 0
0.687 11.8759 0 -11.7236 0 0.0296473 0
0.6875 11.8845 0 -11.7321 0 0.0296689 0
0.688 11.8931 0 -11.7406 0 0.0296904 0
0.6885 11.9018 0 -11.7492 0 0.029712 0
0.689 11.9104 0 -11.7577 0 0.0297336 0
0.6895 11.9191 0 -11.7662 0 0.0297552 0
0.69 11.9277 0 -11.7748 0 0.0297768 0
0.6905 11.9364 0 -11.7833 0 0.0297983 0
0.691 11.945 0 -11.7918 0 0.0298199 0
0.6915 11.9536 0 -11.8004 0 0.0298415 0
0.692 11.9623 0 -11.8089 0 0.0298631 0
0.6925 11.9709 0 -11.8174 0 0.0298846 0
0.693 11.9796 0 -11.826 0 0.0299062 0
0.6935 11.9882 0 -11.8345 0 0.0299278 0
0.694 11.9969 0 -11.843 0 0.0299494 0
0.6945 12.0055 0 -11.8516 0 0.0299709 0
0.695 12.0141 0 -11.8601 0 0.0299925 0
0.6955 12.0228 0 -11.8686 0 0.0300141 0
0.696 12.0314 0 -11.8772 0 0.0300357 0
0.6965 12.0401 0 -11.8857 0 0.0300573 0
0.697 12.0487 0 -11.8942 0 0.0300788 0
0.6975 12.0574 0 -11.9028 0 0.0301004 0
0.698 12.066 0 -11.9113 0 0.030122 0
0.6985 12.0746 0 -11.9198 0 0.0301436 0
0.699 12.0833 0 -11.9284 0 0.0301651 0
0.6995 12.0919 0 -11.9369 0 0.0301867 0
0.7 12.1006 0 -11.9454 0 0.0302083 0
0.7005 12.1092 0 -11.954 0 0.0302299 0
0.701 12.1179 0 -11.9625 0 0.0302515 0
0.7015 12.1265 0 -11.971 0 0.030273 0
0.702 12.1352 0 -11.9796 0 0.0302946 0
0.7025 12.1438 0 -11.9881 0 0.0303162 0
0.703 12.1524 0 -11.9966 0 0.0303378 0
0.7035 12.1611 0 -12.0052 0 0.0303593 0
0.704 12.1697 0 -12.0137 0 0.0303809 0
0.7045 12.1784 0 -12.0222 0 0.0304025 0
0.705 12.187 0 -12.0308 0 0.0304241 0
0.7055 12.1957 0 -12.0393 0 0.0304457 0
0.706 12.2043 0 -12.0478 0 0.0304672 0
0.7065 12.2129 0 -12.0563 0 0.0304888 0
0.707 12.2216 0 -12.0649 0 0.0305104 0
0.7075 12.2302 0 -12.0734 0 0.030532 0
0.708 12.2389 0 -12.0819 0 0.0305535 0
0.7085 12.2475 0 -12.0905 0 0.0305751 0
0.709 12.2562 0 -12.099 0 0.0305967 0
0.7095 12.2648 0 -12.1075 0 0.0306183 0
0.71 12.2734 0 -12.1161 0 0.0306398 0
0.7105 12.2821 0 -12.1246 0 0.0306614 0
0.711 12.2907 0 -12.1331 0 0.030683 0
0.7115 12.2994 0 -12.1417 0 0.0307046 0
0.712 12.308 0 -12.1502 0 0.0307262 0
0.7125 12.3167 0 -12.1587 0 0.0307477 0
0.713 12.3253 0 -12.1673 0 0.0307693 0
0.7135 12.3339 0 -12.1758 0 0.0307909 0
0.714 12.3426 0 -12.1843 0 0.0308125 0
0.7145 12.3512 0 -12.1929 0 0.030834 0
0.715 12.3599 0 -12.2014 0 0.0308556 0
0.7155 12.3685 0 -12.2099 0 0.0308772 0
0.716 12.3772 0 -12.2185 0 0.0308988 0
0.7165 12.3858 0 -12.227 0 0.0309204 0
0.717 12.3945 0 -12.2355 0 0.0309419 0
0.7175 12.4031 0 -12.2441 0 0.0309635 0
0.718 12.4117 0 -12.2526 0 0.0309851 0
0.7185 12.4204 0 -12.2611 0 0.0310067 0
0.719 12.429 0 -12.2697 0 0.0310282 0
0.7195 12.4377 0 -12.2782 0 0.0310498 0
0.72 12.4463 0 -12.2867 0 0.0310714 0
0.7205 12.455 0 -12.2953 0 0.031093 0
0.721 12.4636 0 -12.3038 0 0.0311145 0
0.7215 12.4722 0 -12.3123 0 0.0311361 0
0.722 12.4809 0 -12.3209 0 0.0311577 0
0.7225 12.4895 0 -12.3294 0 0.0311793 0
0.723 12.4982 0 -12.3379 0 0.0312009 0
0.7235 12.5068 0 -12.3465 0 0.0312224 0
0.724 12.5155 0 -12.355 0 0.031244 0
0.7245 12.5241 0 -12.3635 0 0.0312656 0
0.725 12.5327 0 -12.372 0 0.0312872 0
0.7255 12.5414 0 -12.3806 0 0.0313087 0
0.726 12.55 0 -12.3891 0 0.0313303 0
0.7265 12.5587 0 -12.3976 0 0.0313519 0
0.727 12.5673 0 -12.4062 0 0.0313735 0
0.7275 12.576 0 -12.4147 0 0.0313951 0
0.728 12.5846 0 -12.4232 0 0.0314166 0
0.7285 12.5932 0 -12.4318 0 0.0314382 0
0.729 12.6019 0 -12.4403 0 0.0314598 0
0.7295 12.6105 0 -12.4488 0 0.0314814 0
0.73 12.6192 0 -12.4574 0 0.0315029 0
0.7305 12.6278 0 -12.4659 0 0.0315245 0
0.731 12.6365 0 -12.4744 0 0.0315461 0
0.7315 12.6451 0 -12.483 0 0.0315677 0
0.732 12.6537 0 -12.4915 0 0.0315893 0
0.7325 12.6624 0 -12.5 0 0.0316108 0
0.733 12.671 0 -12.5086 0 0.0316324 0
0.7335 12.6797 0 -12.5171 0 0.031654 0
0.734 12.6883 0 -12.5256 0 0.0316756 0
0.7345 12.697 0 -12.5342 0 0.0316971 0
0.735 12.7056 0 -12.5427 0 0.0317187 0
0.7355 12.7143 0 -12.5512 0 0.0317403 0
0.736 12.7229 0 -12.5598 0 0.0317619 0
0.7365 12.7315 0 -12.5683 0 0.0317834 0
0.737 12.7402 0 -12.5768 0 0.031805 0
0.7375 12.7488 0 -12.5854 0 0.0318266 0
0.738 12.7575 0 -12.5939 0 0.0318482 0
0.7385 12.7661 0 -12.6024 0 0.0318698 0
0.739 12.7748 0 -12.611 0 0.0318913 0
0.7395 12.7834 0 -12.6195 0 0.0319129 0
0.74 12.792 0 -12.628 0 0.0319345 0
0.7405 12.8007 0 -12.6366 0 0.0319561 0
0.741 12.8093 0 -12.6451 0 0.0319776 0
0.7415 12.818 0 -12.6536 0 0.0319992 0
0.742 12.8266 0 -12.6622 0 0.0320208 0
0.7425 12.8353 0 -12.6707 0 0.0320424 0
0.743 12.8439 0 -12.6792 0 0.032064 0
0.7435 12.8525 0 -12.6877 0 0.0320855 0
0.744 12.8612 0 -12.6963 0 0.0321071 0
0.7445 12.8698 0 -12.7048 0 0.0321287 0
0.745 12.8785 0 -12.7133 0 0.0321503 0
0.7455 12.8871 0 -12.7219 0 0.0321718 0
0.746 12.8958 0 -12.7304 0 0.0321934 0
0.7465 12.9044 0 -12.7389 0 0.032215 0
0.747 12.913 0 -12.7475 0 0.0322366 0
0.7475 12.9217 0 -12.756 0 0.0322581 0
0.748 12.9303 0 -12.7645 0 0.0322797 0
0.7485 12.939 0 -12.7731 0 0.0323013 0
0.749 12.9476 0 -12.7816 0 0.0323229 0
0.7495 12.9563 0 -12.7901 0 0.0323445 0
0.75 12.9649 0 -12.7987 0 0.032366 0
0.7505 12.9735 0 -12.8072 0 0.0323876 0
0.751 12.9822 0 -12.8157 0 0.0324092 0
0.7515 12.9908 0 -12.8243 0 0.0324308 0
0.752 12.9995 0 -12.8328 0 0.0324523 0
0.7525 13.0081 0 -12.8413 0 0.0324739 0
0.753 13.0168 0 -12.8499 0 0.0324955 0
0.7535 13.0254 0 -12.8584 0 0.0325171 0
0.754 13.0341 0 -12.8669 0 0.0325387 0
0.7545 13.0427 0 -12.8755 0 0.0325602 0
0.755 13.0513 0 -12.884 0 0.0325818 0
0.7555 13.06 0 -12.8925 0 0.0326034 0
0.756 13.0686 0 -12.9011 0 0.032625 0
0.7565 13.0773 0 -12.9096 0 0.0326465 0
0.757 13.0859 0 -12.9181 0 0.0326681 0
0.7575 13.0946 0 -12.9267 0 0.0326897 0
0.758 13.1032 0 -12.9352 0 0.0327113 0
0.7585 13.1118 0 -12.9437 0 0.0327329 0
0.759 13.1205 0 -12.9523 0 0.0327544 0
0.7595 13.1291 0 -12.9608 0 0.032776 0
0.76 13.1378 0 -12.9693 0 0.0327976 0
0.7605 13.1464 0 -12.9779 0 0.0328192 0
0.761 13.1551 0 -12.9864 0 0.0328407 0
0.7615 13.1637 0 -12.9949 0 0.0328623 0
0.762 13.1723 0 -13.0034 0 0.0328839 0
0.7625 13.181 0 -13.012 0 0.0329055 0
0.763 13.1896 0 -13.0205 0 0.032927 0
0.7635 13.1983 0 -13.029 0 0.0329486 0
0.764 13.2069 0 -13.0376 0 0.0329702 0
0.7645 13.2156 0 -13.0461 0 0.0329918 0
0.765 13.2242 0 -13.0546 0 0.0330134 0
0.7655 13.2328 0 -13.0632 0 0.0330349 0
0.766 13.2415 0 -13.0717 0 0.0330565 0
0.7665 13.2501 0 -13.0802 0 0.0330781 0
0.767 13.2588 0 -13.0888 0 0.0330997 0
0.7675 13.2674 0 -13.0973 0 0.0331212 0
0.768 13.2761 0 -13.1058 0 0.0331428 0
0.7685 13.2847 0 -13.1144 0 0.0331644 0
0.769 13.2934 0 -13.1229 0 0.033186 0
0.7695 13.302 0 -13.1314 0 0.0332076 0
0.77 13.3106 0 -13.14 0 0.0332291 0
0.7705 13.3193 0 -13.1485 0 0.0332507 0
0.771 13.3279 0 -13.157 0 0.0332723 0
0.7715 13.3366 0 -13.1656 0 0.0332939 0
0.772 13.3452 0 -13.1741 0 0.0333154 0
0.7725 13.3539 0 -13.1826 0 0.033337 0
0.773 13.3625 0 -13.1912 0 0.0333586 0
0.7735 13.3711 0 -13.1997 0 0.0333802 0
0.774 13.3798 0 -13.2082 0 0.0334017 0
0.7745 13.3884 0 -13.2168 0 0.0334233 0
0.775 13.3971 0 -13.2253 0 0.0334449 0
0.7755 13.4057 0 -13.2338 0 0.0334665 0
0.776 13.4144 0 -13.2424 0 0.0334881 0
0.7765 13.423 0 -13.2509 0 0.0335096 0
0.777 13.4316 0 -13.2594 0 0.0335312 0
0.7775 13.4403 0 -13.268 0 0.0335528 0
0.778 13.4489 0 -13.2765 0 0.0335744 0
0.7785 13.4576 0 -13.285 0 0.0335959 0
0.779 13.4662 0 -13.2936 0 0.0336175 0
0.7795 13.4749 0 -13.3021 0 0.0336391 0
0.78 13.4835 0 -13.3106 0 0.0336607 0
0.7805 13.4921 0 -13.3192 0 0.0336823 0
0.781 13.5008 0 -13.3277 0 0.0337038 0
0.7815 13.5094 0 -13.3362 0 0.0337254 0
0.782 13.5181 0 -13.3447 0 0.033747 0
0.7825 13.5267 0 -13.3533 0 0.0337686 0
0.783 13.5354 0 -13.3618 0 0.0337901 0
0.7835 13.544 0 -13.3703 0 0.0338117 0
0.784 13.5526 0 -13.3789 0 0.0338333 0
0.7845 13.5613 0 -13.3874 0 0.0338549 0
0.785 13.5699 0 -13.3959 0 0.0338765 0
0.7855 13.5786 0 -13.4045 0 0.033898 0
0.786 13.5872 0 -13.413 0 0.0339196 0
0.7865 13.5959 0 -13.4215 0 0.0339412 0
0.787 13.6045 0 -13.4301 0 0.0339628 0
0.7875 13.6132 0 -13.4386 0 0.0339843 0
0.788 13.6218 0 -13.4471 0 0.0340059 0
0.7885 13.6304 0 -13.4557 0 0.0340275 0
0.789 13.6391 0 -13.4642 0 0.0340491 0
0.7895 13.6477 0 -13.4727 0 0.0340706 0
0.79 13.6564 0 -13.4813 0 0.0340922 0
0.7905 13.665 0 -13.4898 0 0.0341138 0
0.791 13.6737 0 -13.4983 0 0.0341354 0
0.7915 13.6823 0 -13.5069 0 0.034157 0
0.792 13.6909 0 -13.5154 0 0.0341785 0
0.7925 13.6996 0 -13.5239 0 0.0342001 0
0.793 13.7082 0 -13.5325 0 0.0342217 0
0.7935 13.7169 0 -13.541 0 0.0342433 0
0.794 13.7255 0 -13.5495 0 0.0342648 0
0.7945 13.7342 0 -13.5581 0 0.0342864 0
0.795 13.7428 0 -13.5666 0 0.034308 0
0.7955 13.7514 0 -13.5751 0 0.0343296 0
0.796 13.7601 0 -13.5837 0 0.0343512 0
0.7965 13.7687 0 -13.5922 0 0.0343727 0
0.797 13.7774 0 -13.6007 0 0.0343943 0
0.7975 13.786 0 -13.6093 0 0.0344159 0
0.798 13.7947 0 -13.6178 0 0.0344375 0
0.7985 13.8033 0 -13.6263 0 0.034459 0
0.799 13.8119 0 -13.6349 0 0.0344806 0
0.7995 13.8206 0 -13.6434 0 0.0345022 0
0.8 13.8292 0 -13.6519 0 0.0345238 0
0.8005 13.8379 0 -13.6604 0 0.0345453 0
0.801 13.8465 0 -13.669 0 0.0345669 0
0.8015 13.8552 0 -13.6775 0 0.0345885 0
0.802 13.8638 0 -13.686 0 0.0346101 0
0.8025 13.8724 0 -13.6946 0 0.0346317 0
0.803 13.8811 0 -13.7031 0 0.0346532 0
0.8035 13.8897 0 -13.7116 0 0.0346748 0
0.804 13.8984 0 -13.7202 0 0.0346964 0
0.8045 13.907 0 -13.7287 0 0.034718 0
0.805 13.9157 0 -13.7372 0 0.0347395 0
0.8055 13.9243 0 -13.7458 0 0.0347611 0
0.806 13.933 0 -13.7543 0 0.0347827 0
0.8065 13.9416 0 -13.7628 0 0.0348043 0
0.807 13.9502 0 -13.7714 0 0.0348259 0
0.8075 13.9589 0 -13.7799 0 0.0348474 0
0.808 13.9675 0 -13.7884 0 0.034869 0
0.8085 13.9762 0 -13.797 0 0.0348906 0
0.809 13.9848 0 -13.8055 0 0.0349122 0
0.8095 13.9935 0 -13.814 0 0.0349337 0
0.81 14.0021 0 -13.8226 0 0.0349553 0
0.8105 14.0107 0 -13.8311 0 0.0349769 0
0.811 14.0194 0 -13.8396 0 0.0349985 0
0.8115 14.028 0 -13.8482 0 0.0350201 0
0.812 14.0367 0 -13.8567 0 0.0350416 0
0.8125 14.0453 0 -13.8652 0 0.0350632 0
0.813 14.054 0 -13.8738 0 0.0350848 0
0.8135 14.0626 0 -13.8823 0 0.0351064 0
0.814 14.0712 0 -13.8908 0 0.0351279 0
0.8145 14.0799 0 -13.8994 0 0.0351495 0
0.815 14.0885 0 -13.9079 0 0.0351711 0
0.8155 14.0972 0 -13.9164 0 0.0351927 0
0.816 14.1058 0 -13.925 0 0.0352142 0
0.8165 14.1145 0 -13.9335 0 0.0352358 0
0.817 14.1231 0 -13.942 0 0.0352574 0
0.8175 14.1317 0 -13.9506 0 0.035279 0
0.818 14.1404 0 -13.9591 0 0.0353006 0
0.8185 14.149 0 -13.9676 0 0.0353221 0
0.819 14.1577 0 -13.9761 0 0.0353437 0
0.8195 14.1663 0 -13.9847 0 0.0353653 0
0.82 14.175 0 -13.9932 0 0.0353869 0
0.8205 14.1836 0 -14.0017 0 0.0354084 0
0.821 14.1923 0 -14.0103 0 0.03543 0
0.8215 14.2009 0 -14.0188 0 0.0354516 0
0.822 14.2095 0 -14.0273 0 0.0354732 0
0.8225 14.2182 0 -14.0359 0 0.0354948 0
0.823 14.2268 0 -14.0444 0 0.0355163 0
0.8235 14.2355 0 -14.0529 0 0.0355379 0
0.824 14.2441 0 -14.0615 0 0.0355595 0
0.8245 14.2528 0 -14.07 0 0.0355811 0
0.825 14.2614 0 -14.0785 0 0.0356026 0
0.8255 14.27 0 -14.0871 0 0.0356242 0
0.826 14.2787 0 -14.0956 0 0.0356458 0
0.8265 14.2873 0 -14.1041 0 0.0356674 0
0.827 14.296 0 -14.1127 0 0.0356889 0
0.8275 14.3046 0 -14.1212 0 0.0357105 0
0.828 14.3133 0 -14.1297 0 0.0357321 0
0.8285 14.3219 0 -14.1383 0 0.0357537 0
0.829 14.3305 0 -14.1468 0 0.0357753 0
0.8295 14.3392 0 -14.1553 0 0.0357968 0
0.83 14.3478 0 -14.1639 0 0.0358184 0
0.8305 14.3565 0 -14.1724 0 0.03584 0
0.831 14.3651 0 -14.1809 0 0.0358616 0
0.8315 14.3738 0 -14.1895 0 0.0358831 0
0.832 14.3824 0 -14.198 0 0.0359047 0
0.8325 14.391 0 -14.2065 0 0.0359263 0
0.833 14.3997 0 -14.2151 0 0.0359479 0
0.8335 14.4083 0 -14.2236 0 0.0359695 0
0.834 14.417 0 -14.2321 0 0.035991 0
0.8345 14.4256 0 -14.2407 0 0.0360126 0
0.835 14.4343 0 -14.2492 0 0.0360342 0
0.8355 14.4429 0 -14.2577 0 0.0360558 0
0.836 14.4515 0 -14.2663 0 0.0360773 0
0.8365 14.4602 0 -14.2748 0 0.0360989 0
0.837 14.4688 0 -14.2833 0 0.0361205 0
0.8375 14.4775 0 -14.2918 0 0.0361421 0
0.838 14.4861 0 -14.3004 0 0.0361637 0
0.8385 14.4948 0 -14.3089 0 0.0361852 0
0.839 14.5034 0 -14.3174 0 0.0362068 0
0.8395 14.5121 0 -14.326 0 0.0362284 0
0.84 14.5207 0 -14.3345 0 0.03625 0
0.8405 14.5293 0 -14.343 0 0.0362715 0
0.841 14.538 0 -14.3516 0 0.0362931 0
0.8415 14.5466 0 -14.3601 0 0.0363147 0
0.842 14.5553 0 -14.3686 0 0.0363363 0
0.8425 14.5639 0 -14.3772 0 0.0363578 0
0.843 14.5726 0 -14.3857 0 0.0363794 0
0.8435 14.5812 0 -14.3942 0 0.036401 0
0.844 14.5898 0 -14.4028 0 0.0364226 0
0.8445 14.5985 0 -14.4113 0 0.0364442 0
0.845 14.6071 0 -14.4198 0 0.0364657 0
0.8455 14.6158 0 -14.4284 0 0.0364873 0
0.846 14.6244 0 -14.4369 0 0.0365089 0
0.8465 14.6331 0 -14.4454 0 0.0365305 0
0.847 14.6417 0 -14.454 0 0.036552 0
0.8475 14.6503 0 -14.4625 0 0.0365736 0
0.848 14.659 0 -14.471 0 0.0365952 0
0.8485 14.6676 0 -14.4796 0 0.0366168 0
0.849 14.6763 0 -14.4881 0 0.0366384 0
0.8495 14.6849 0 -14.4966 0 0.0366599 0
0.85 14.6936 0 -14.5052 0 0.0366815 0
0.8505 14.7022 0 -14.5137 0 0.0367031 0
0.851 14.7108 0 -14.5222 0 0.0367247 0
0.8515 14.7195 0 -14.5308 0 0.0367462 0
0.852 14.7281 0 -14.5393 0 0.0367678 0
0.8525 14.7368 0 -14.5478 0 0.0367894 0
0.853 14.7454 0 -14.5564 0 0.036811 0
0.8535 14.7541 0 -14.5649 0 0.0368325 0
0.854 14.7627 0 -14.5734 0 0.0368541 0
0.8545 14.7713 0 -14.582 0 0.0368757 0
0.855 14.78 0 -14.5905 0 0.0368973 0
0.8555 14.7886 0 -14.599 0 0.0369189 0
0.856 14.7973 0 -14.6075 0 0.0369404 0
0.8565 14.8059 0 -14.6161 0 0.036962 0
0.857 14.8146 0 -14.6246 0 0.0369836 0
0.8575 14.8232 0 -14.6331 0 0.0370052 0
0.858 14.8319 0 -14.6417 0 0.0370267 0
0.8585 14.8405 0 -14.6502 0 0.0370483 0
0.859 14.8491 0 -14.6587 0 0.0370699 0
0.8595 14.8578 0 -14.6673 0 0.0370915 0
0.86 14.8664 0 -14.6758 0 0.0371131 0
0.8605 14.8751 0 -14.6843 0 0.0371346 0
0.861 14.8837 0 -14.6929 0 0.0371562 0
0.8615 14.8924 0 -14.7014 0 0.0371778 0
0.862 14.901 0 -14.7099 0 0.0371994 0
0.8625 14.9096 0 -14.7185 0 0.0372209 0
0.863 14.9183 0 -14.727 0 0.0372425 0
0.8635 14.9269 0 -14.7355 0 0.0372641 0
0.864 14.9356 0 -14.7441 0 0.0372857 0
0.8645 14.9442 0 -14.7526 0 0.0373073 0
0.865 14.9529 0 -14.7611 0 0.0373288 0
0.8655 14.9615 0 -14.7697 0 0.0373504 0
0.866 14.9701 0 -14.7782 0 0.037372 0
0.8665 14.9788 0 -14.7867 0 0.0373936 0
0.867 14.9874 0 -14.7953 0 0.0374151 0
0.8675 14.9961 0 -14.8038 0 0.0374367 0
0.868 15.0047 0 -14.8123 0 0.0374583 0
0.8685 15.0134 0 -14.8209 0 0.0374799 0
0.869 15.022 0 -14.8294 0 0.0375014 0
0.8695 15.0306 0 -14.8379 0 0.037523 0
0.87 15.0393 0 -14.8465 0 0.0375446 0
0.8705 15.0479 0 -14.855 0 0.0375662 0
0.871 15.0566 0 -14.8635 0 0.0375878 0
0.8715 15.0652 0 -14.8721 0 0.0376093 0
0.872 15.0739 0 -14.8806 0 0.0376309 0
0.8725 15.0825 0 -14.8891 0 0.0376525 0
0.873 15.0912 0 -14.8977 0 0.0376741 0
0.8735 15.0998 0 -14.9062 0 0.0376956 0
0.874 15.1084 0 -14.9147 0 0.0377172 0
0.8745 15.1171 0 -14.9233 0 0.0377388 0
0.875 15.1257 0 -14.9318 0 0.0377604 0
0.8755 15.1344 0 -14.9403 0 0.037782 0
0.876 15.143 0 -14.9488 0 0.0378035 0
0.8765 15.1517 0 -14.9574 0 0.0378251 0
0.877 15.1603 0 -14.9659 0 0.0378467 0
0.8775 15.1689 0 -14.9744 0 0.0378683 0
0.878 15.1776 0 -14.983 0 0.0378898 0
0.8785 15.1862 0 -14.9915 0 0.0379114 0
0.879 15.1949 0 -15 0 0.037933 0
0.8795 15.2035 0 -15.0086 0 0.0379546 0
0.88 15.2122 0 -15.0171 0 0.0379761 0
0.8805 15.2208 0 -15.0256 0 0.0379977 0
0.881 15.2294 0 -15.0342 0 0.0380193 0
0.8815 15.2381 0 -15.0427 0 0.0380409 0
0.882 15.2467 0 -15.0512 0 0.0380625 0
0.8825 15.2554 0 -15.0598 0 0.038084 0
0.883 15.264 0 -15.0683 0 0.0381056 0
0.8835 15.2727 0 -15.0768 0 0.0381272 0
0.884 15.2813 0 -15.0854 0 0.0381488 0
0.8845 15.2899 0 -15.0939 0 0.0381703 0
0.885 15.2986 0 -15.1024 0 0.0381919 0
0.8855 15.3072 0 -15.111 0 0.0382135 0
0.886 15.3159 0 -15.1195 0 0.0382351 0
0.8865 15.3245 0 -15.128 0 0.0382567 0
0.887 15.3332 0 -15.1366 0 0.0382782 0
0.8875 15.3418 0 -15.1451 0 0.0382998 0
0.888 15.3504 0 -15.1536 0 0.0383214 0
0.8885 15.3591 0 -15.1622 0 0.038343 0
0.889 15.3677 0 -15.1707 0 0.0383645 0
0.8895 15.3764 0 -15.1792 0 0.0383861 0
0.89 15.385 0 -15.1878 0 0.0384077 0
0.8905 15.3937 0 -15.1963 0 0.0384293 0
0.891 15.4023 0 -15.2048 0 0.0384509 0
0.8915 15.411 0 -15.2134 0 0.0384724 0
0.892 15.4196 0 -15.2219 0 0.038494 0
0.8925 15.4282 0 -15.2304 0 0.0385156 0
0.893 15.4369 0 -15.239 0 0.0385372 0
0.8935 15.4455 0 -15.2475 0 0.0385587 0
0.894 15.4542 0 -15.256 0 0.0385803 0
0.8945 15.4628 0 -15.2645 0 0.0386019 0
0.895 15.4715 0 -15.2731 0 0.0386235 0
0.8955 15.4801 0 -15.2816 0 0.038645 0
0.896 15.4887 0 -15.2901 0 0.0386666 0
0.8965 15.4974 0 -15.2987 0 0.0386882 0
0.897 15.506 0 -15.3072 0 0.0387098 0
0.8975 15.5147 0 -15.3157 0 0.0387314 0
0.898 15.5233 0 -15.3243 0 0.0387529 0
0.8985 15.532 0 -15.3328 0 0.0387745 0
0.899 15.5406 0 -15.3413 0 0.0387961 0
0.8995 15.5492 0 -15.3499 0 0.0388177 0
0.9 15.5579 0 -15.3584 0 0.0388392 0
0.9005 15.5665 0 -15.3669 0 0.0388608 0
0.901 15.5752 0 -15.3755 0 0.0388824 0
0.9015 15.5838 0 -15.384 0 0.038904 0
0.902 15.5925 0 -15.3925 0 0.0389256 0
0.9025 15.6011 0 -15.4011 0 0.0389471 0
0.903 15.6097 0 -15.4096 0 0.0389687 0
0.9035 15.6184 0 -15.4181 0 0.0389903 0
0.904 15.627 0 -15.4267 0 0.0390119 0
0.9045 15.6357 0 -15.4352 0 0.0390334 0
0.905 15.6443 0 -15.4437 0 0.039055 0
0.9055 15.653 0 -15.4523 0 0.0390766 0
0.906 15.6616 0 -15.4608 0 0.0390982 0
0.9065 15.6702 0 -15.4693 0 0.0391197 0
0.907 15.6789 0 -15.4779 0 0.0391413 0
0.9075 15.6875 0 -15.4864 0 0.0391629 0
0.908 15.6962 0 -15.4949 0 0.0391845 0
0.9085 15.7048 0 -15.5035 0 0.0392061 0
0.909 15.7135 0 -15.512 0 0.0392276 0
0.9095 15.7221 0 -15.5205 0 0.0392492 0
0.91 15.7308 0 -15.5291 0 0.0392708 0
0.9105 15.7394 0 -15.5376 0 0.0392924 0
0.911 15.748 0 -15.5461 0 0.0393139 0
0.9115 15.7567 0 -15.5547 0 0.0393355 0
0.912 15.7653 0 -15.5632 0 0.0393571 0
0.9125 15.774 0 -15.5717 0 0.0393787 0
0.913 15.7826 0 -15.5802 0 0.0394003 0
0.9135 15.7913 0 -15.5888 0 0.0394218 0
0.914 15.7999 0 -15.5973 0 0.0394434 0
0.9145 15.8085 0 -15.6058 0 0.039465 0
0.915 15.8172 0 -15.6144 0 0.0394866 0
0.9155 15.8258 0 -15.6229 0 0.0395081 0
0.916 15.8345 0 -15.6314 0 0.0395297 0
0.9165 15.8431 0 -15.64 0 0.0395513 0
0.917 15.8518 0 -15.6485 0 0.0395729 0
0.9175 15.8604 0 -15.657 0 0.0395945 0
0.918 15.869 0 -15.6656 0 0.039616 0
0.9185 15.8777 0 -15.6741 0 0.0396376 0
0.919 15.8863 0 -15.6826 0 0.0396592 0
0.9195 15.895 0 -15.6912 0 0.0396808 0
0.92 15.9036 0 -15.6997 0 0.0397023 0
0.9205 15.9123 0 -15.7082 0 0.0397239 0
0.921 15.9209 0 -15.7168 0 0.0397455 0
0.9215 15.9295 0 -15.7253 0 0.0397671 0
0.922 15.9382 0 -15.7338 0 0.0397886 0
0.9225 15.9468 0 -15.7424 0 0.0398102 0
0.923 15.9555 0 -15.7509 0 0.0398318 0
0.9235 15.9641 0 -15.7594 0 0.0398534 0
0.924 15.9728 0 -15.768 0 0.039875 0
0.9245 15.9814 0 -15.7765 0 0.0398965 0
0.925 15.9901 0 -15.785 0 0.0399181 0
0.9255 15.9987 0 -15.7936 0 0.0399397 0
0.926 16.0073 0 -15.8021 0 0.0399613 0
0.9265 16.016 0 -15.8106 0 0.0399828 0
0.927 16.0246 0 -15.8192 0 0.0400044 0
0.9275 16.0333 0 -15.8277 0 0.040026 0
0.928 16.0419 0 -15.8362 0 0.0400476 0
0.9285 16.0506 0 -15.8448 0 0.0400692 0
0.929 16.0592 0 -15.8533 0 0.0400907 0
0.9295 16.0678 0 -15.8618 0 0.0401123 0
0.93 16.0765 0 -15.8704 0 0.0401339 0
0.9305 16.0851 0 -15.8789 0 0.0401555 0
0.931 16.0938 0 -15.8874 0 0.040177 0
0.9315 16.1024 0 -15.8959 0 0.0401986 0
0.932 16.1111 0 -15.9045 0 0.0402202 0
0.9325 16.1197 0 -15.913 0 0.0402418 0
0.933 16.1283 0 -15.9215 0 0.0402633 0
0.9335 16.137 0 -15.9301 0 0.0402849 0
0.934 16.1456 0 -15.9386 0 0.0403065 0
0.9345 16.1543 0 -15.9471 0 0.0403281 0
0.935 16.1629 0 -15.9557 0 0.0403497 0
0.9355 16.1716 0 -15.9642 0 0.0403712 0
0.936 16.1802 0 -15.9727 0 0.0403928 0
0.9365 16.1888 0 -15.9813 0 0.0404144 0
0.937 16.1975 0 -15.9898 0 0.040436 0
0.9375 16.2061 0 -15.9983 0 0.0404575 0
0.938 16.2148 0 -16.0069 0 0.0404791 0
0.9385 16.2234 0 -16.0154 0 0.0405007 0
0.939 16.2321 0 -16.0239 0 0.0405223 0
0.9395 16.2407 0 -16.0325 0 0.0405439 0
0.94 16.2493 0 -16.041 0 0.0405654 0
0.9405 16.258 0 -16.0495 0 0.040587 0
0.941 16.2666 0 -16.0581 0 0.0406086 0
0.9415 16.2753 0 -16.0666 0 0.0406302 0
0.942 16.2839 0 -16.0751 0 0.0406517 0
0.9425 16.2926 0 -16.0837 0 0.0406733 0
0.943 16.3012 0 -16.0922 0 0.0406949 0
0.9435 16.3099 0 -16.1007 0 0.0407165 0
0.944 16.3185 0 -16.1093 0 0.0407381 0
0.9445 16.3271 0 -16.1178 0 0.0407596 0
0.945 16.3358 0 -16.1263 0 0.0407812 0
0.9455 16.3444 0 -16.1349 0 0.0408028 0
0.946 16.3531 0 -16.1434 0 0.0408244 0
0.9465 16.3617 0 -16.1519 0 0.0408459 0
0.947 16.3704 0 -16.1605 0 0.0408675 0
0.9475 16.379 0 -16.169 0 0.0408891 0
0.948 16.3876 0 -16.1775 0 0.0409107 0
0.9485 16.3963 0 -16.1861 0 0.0409322 0
0.949 16.4049 0 -16.1946 0 0.0409538 0
0.9495 16.4136 0 -16.2031 0 0.0409754 0
0.95 16.4222 0 -16.2116 0 0.040997 0
0.9505 16.4309 0 -16.2202 0 0.0410186 0
0.951 16.4395 0 -16.2287 0 0.0410401 0
0.9515 16.4481 0 -16.2372 0 0.0410617 0
0.952 16.4568 0 -16.2458 0 0.0410833 0
0.9525 16.4654 0 -16.2543 0 0.0411049 0
0.953 16.4741 0 -16.2628 0 0.0411264 0
0.9535 16.4827 0 -16.2714 0 0.041148 0
0.954 16.4914 0 -16.2799 0 0.0411696 0
0.9545 16.5 0 -16.2884 0 0.0411912 0
0.955 16.5086 0 -16.297 0 0.0412128 0
0.9555 16.5173 0 -16.3055 0 0.0412343 0
0.956 16.5259 0 -16.314 0 0.0412559 0
0.9565 16.5346 0 -16.3226 0 0.0412775 0
0.957 16.5432 0 -16.3311 0 0.0412991 0
0.9575 16.5519 0 -16.3396 0 0.0413206 0
0.958 16.5605 0 -16.3482 0 0.0413422 0
0.9585 16.5692 0 -16.3567 0 0.0413638 0
0.959 16.5778 0 -16.3652 0 0.0413854 0
0.9595 16.5864 0 -16.3738 0 0.0414069 0
0.96 16.5951 0 -16.3823 0 0.0414285 0
0.9605 16.6037 0 -16.3908 0 0.0414501 0
0.961 16.6124 0 -16.3994 0 0.0414717 0
0.9615 16.621 0 -16.4079 0 0.0414933 0
0.962 16.6297 0 -16.4164 0 0.0415148 0
0.9625 16.6383 0 -16.425 0 0.0415364 0
0.963 16.6469 0 -16.4335 0 0.041558 0
0.9635 16.6556 0 -16.442 0 0.0415796 0
0.964 16.6642 0 -16.4506 0 0.0416011 0
0.9645 16.6729 0 -16.4591 0 0.0416227 0
0.965 16.6815 0 -16.4676 0 0.0416443 0
0.9655 16.6902 0 -16.4762 0 0.0416659 0
0.966 16.6988 0 -16.4847 0 0.0416875 0
0.9665 16.7074 0 -16.4932 0 0.041709 0
0.967 16.7161 0 -16.5018 0 0.0417306 0
0.9675 16.7247 0 -16.5103 0 0.0417522 0
0.968 16.7334 0 -16.5188 0 0.0417738 0
0.9685 16.742 0 -16.5274 0 0.0417953 0
0.969 16.7507 0 -16.5359 0 0.0418169 0
0.9695 16.7593 0 -16.5444 0 0.0418385 0
0.97 16.7679 0 -16.5529 0 0.0418601 0
0.9705 16.7766 0 -16.5615 0 0.0418817 0
0.971 16.7852 0 -16.57 0 0.0419032 0
0.9715 16.7939 0 -16.5785 0 0.0419248 0
0.972 16.8025 0 -16.5871 0 0.0419464 0
0.9725 16.8112 0 -16.5956 0 0.041968 0
0.973 16.8198 0 -16.6041 0 0.0419895 0
0.9735 16.8284 0 -16.6127 0 0.0420111 0
0.974 16.8371 0 -16.6212 0 0.0420327 0
0.9745 16.8457 0 -16.6297 0 0.0420543 0
0.975 16.8544 0 -16.6383 0 0.0420758 0
0.9755 16.863 0 -16.6468 0 0.0420974 0
0.976 16.8717 0 -16.6553 0 0.042119 0
0.9765 16.8803 0 -16.6639 0 0.0421406 0
0.977 16.889 0 -16.6724 0 0.0421622 0
0.9775 16.8976 0 -16.6809 0 0.0421837 0
0.978 16.9062 0 -16.6895 0 0.0422053 0
0.9785 16.9149 0 -16.698 0 0.0422269 0
0.979 16.9235 0 -16.7065 0 0.0422485 0
0.9795 16.9322 0 -16.7151 0 0.04227 0
0.98 16.9408 0 -16.7236 0 0.0422916 0
0.9805 16.9495 0 -16.7321 0 0.0423132 0
0.981 16.9581 0 -16.7407 0 0.0423348 0
0.9815 16.9667 0 -16.7492 0 0.0423564 0
0.982 16.9754 0 -16.7577 0 0.0423779 0
0.9825 16.984 0 -16.7663 0 0.0423995 0
0.983 16.9927 0 -16.7748 0 0.0424211 0
0.9835 17.0013 0 -16.7833 0 0.0424427 0
0.984 17.01 0 -16.7919 0 0.0424642 0
0.9845 17.0186 0 -16.8004 0 0.0424858 0
0.985 17.0272 0 -16.8089 0 0.0425074 0
0.9855 17.0359 0 -16.8175 0 0.042529 0
0.986 17.0445 0 -16.826 0 0.0425505 0
0.9865 17.0532 0 -16.8345 0 0.0425721 0
0.987 17.0618 0 -16.8431 0 0.0425937 0
0.9875 17.0705 0 -16.8516 0 0.0426153 0
0.988 17.0791 0 -16.8601 0 0.0426369 0
0.9885 17.0877 0 -16.8686 0 0.0426584 0
0.989 17.0964 0 -16.8772 0 0.04268 0
0.9895 17.105 0 -16.8857 0 0.0427016 0
0.99 17.1137 0 -16.8942 0 0.0427232 0
0.9905 17.1223 0 -16.9028 0 0.0427447 0
0.991 17.131 0 -16.9113 0 0.0427663 0
0.9915 17.1396 0 -16.9198 0 0.0427879 0
0.992 17.1482 0 -16.9284 0 0.0428095 0
0.9925 17.1569 0 -16.9369 0 0.0428311 0
0.993 17.1655 0 -16.9454 0 0.0428526 0
0.9935 17.1742 0 -16.954 0 0.0428742 0
0.994 17.1828 0 -16.9625 0 0.0428958 0
0.9945 17.1915 0 -16.971 0 0.0429174 0
0.995 17.2001 0 -16.9796 0 0.0429389 0
0.9955 17.2088 0 -16.9881 0 0.0429605 0
0.996 17.2174 0 -16.9966 0 0.0429821 0
0.9965 17.226 0 -17.0052 0 0.0430037 0
0.997 17.2347 0 -17.0137 0 0.0430253 0
0.9975 17.2433 0 -17.0222 0 0.0430468 0
0.998 17.252 0 -17.0308 0 0.0430684 0
0.9985 17.2606 0 -17.0393 0 0.04309 0
0.999 17.2693 0 -17.0478 0 0.0431116 0
0.9995 17.2779 0 -17.0564 0 0.0431331 0
1 17.2865 0 -17.0649 0 0.0431547 0
