0.0005 -4.93196 0 -2.34058 0 -7482.76 0
0.001 -9.86391 0 -4.68115 0 -14965.5 0
0.0015 -14.7959 0 -7.02173 0 -22448.3 0
0.002 -19.7278 0 -9.3623 0 -29931 0
0.0025 -24.6598 0 -11.7029 0 -37413.8 0
0.003 -29.5917 0 -14.0435 0 -44896.5 0
0.0035 -34.5237 0 -16.384 0 -52379.3 0
0.004 -39.4556 0 -18.7246 0 -59862.1 0
0.0045 -44.3876 0 -21.0652 0 -67344.8 0
0.005 -49.3196 0 -23.4058 0 -74827.6 0
0.0055 -54.2515 0 -25.7463 0 -82310.3 0
0.006 -59.1835 0 -28.0869 0 -89793.1 0
0.0065 -64.1154 0 -30.4275 0 -97275.8 0
0.007 -69.0474 0 -32.7681 0 -104759 0
0.0075 -73.9793 0 -35.1086 0 -112241 0
0.008 -78.9113 0 -37.4492 0 -119724 0
0.0085 -83.8433 0 -39.7898 0 -127207 0
0.009 -88.7752 0 -42.1304 0 -134690 0
0.0095 -93.7072 0 -44.4709 0 -142172 0
0.01 -98.6391 0 -46.8115 0 -149655 0
0.0105 -103.571 0 -49.1521 0 -157138 0
0.011 -108.503 0 -51.4927 0 -164621 0
0.0115 -113.435 0 -53.8332 0 -172103 0
0.012 -118.367 0 -56.1738 0 -179586 0
0.0125 -123.299 0 -58.5144 0 -187069 0
0.013 -128.231 0 -60.855 0 -194552 0
0.0135 -133.163 0 -63.1955 0 -202034 0
0.014 -138.095 0 -65.5361 0 -209517 0
0.0145 -143.027 0 -67.8767 0 -217000 0
0.015 -147.959 0 -70.2173 0 -224483 0
0.0155 -152.891 0 -72.5578 0 -231965 0
0.016 -157.823 0 -74.8984 0 -239448 0
0.0165 -162.755 0 -77.239 0 -246931 0
0.017 -167.687 0 -79.5796 0 -254414 0
0.0175 -172.618 0 -81.9201 0 -261896 0
0.018 -177.55 0 -84.2607 0 -269379 0
0.0185 -182.482 0 -86.6013 0 -276862 0
0.019 -187.414 0 -88.9419 0 -284345 0
0.0195 -192.346 0 -91.2824 0 -291828 0
0.02 -197.278 0 -93.623 0 -299310 0
0.0205 -202.21 0 -95.9636 0 -306793 0
0.021 -207.142 0 -98.3042 0 -314276 0
0.0215 -212.074 0 -100.645 0 -321759 0
0.022 -217.006 0 -102.985 0 -329241 0
0.0225 -221.938 0 -105.326 0 -336724 0
0.023 -226.87 0 -107.666 0 -344207 0
0.0235 -231.802 0 -110.007 0 -351690 0
0.024 -236.734 0 -112.348 0 -359172 0
0.0245 -241.666 0 -114.688 0 -366655 0
0.025 -246.598 0 -117.029 0 -374138 0
0.0255 -251.53 0 -119.369 0 -381621 0
0.026 -256.462 0 -121.71 0 -389103 0
0.0265 -261.394 0 -124.05 0 -396586 0
0.027 -266.326 0 -126.391 0 -404069 0
0.0275 -271.258 0 -128.732 0 -411552 0
0.028 -276.19 0 -131.072 0 -419034 0
0.0285 -281.121 0 -133.413 0 -426517 0
0.029 -286.053 0 -135.753 0 -434000 0
0.0295 -290.985 0 -138.094 0 -441483 0
0.03 -295.917 0 -140.435 0 -448965 0
0.0305 -300.849 0 -142.775 0 -456448 0
0.031 -305.781 0 -145.116 0 -463931 0
0.0315 -310.713 0 -147.456 0 -471414 0
0.032 -315.645 0 -149.797 0 -478896 0
0.0325 -320.577 0 -152.137 0 -486379 0
0.033 -325.509 0 -154.478 0 -493862 0
0.0335 -330.441 0 -156.819 0 -501345 0
0.034 -335.373 0 -159.159 0 -508827 0
0.0345 -340.305 0 -161.5 0 -516310 0
0.035 -345.237 0 -163.84 0 -523793 0
0.0355 -350.169 0 -166.181 0 -531276 0
0.036 -355.101 0 -168.521 0 -538759 0
0.0365 -360.033 0 -170.862 0 -546241 0
0.037 -364.965 0 -173.203 0 -553724 0
0.0375 -369.897 0 -175.543 0 -561207 0
0.038 -374.829 0 -177.884 0 -568690 0
0.0385 -379.761 0 -180.224 0 -576172 0
0.039 -384.693 0 -182.565 0 -583655 0
0.0395 -389.625 0 -184.905 0 -591138 0
0.04 -394.556 0 -187.246 0 -598621 0
0.0405 -399.488 0 -189.587 0 -606103 0
0.041 -404.42 0 -191.927 0 -613586 0
0.0415 -409.352 0 -194.268 0 -621069 0
0.042 -414.284 0 -196.608 0 -628552 0
0.0425 -419.216 0 -198.949 0 -636034 0
0.043 -424.148 0 -201.289 0 -643517 0
0.0435 -429.08 0 -203.63 0 -651000 0
0.044 -434.012 0 -205.971 0 -658483 0
0.0445 -438.944 0 -208.311 0 -665965 0
0.045 -443.876 0 -210.652 0 -673448 0
0.0455 -448.808 0 -212.992 0 -680931 0
0.046 -453.74 0 -215.333 0 -688414 0
0.0465 -458.672 0 -217.674 0 -695896 0
0.047 -463.604 0 -220.014 0 -703379 0
0.0475 -468.536 0 -222.355 0 -710862 0
0.048 -473.468 0 -224.695 0 -718345 0
0.0485 -478.4 0 -227.036 0 -725827 0
0.049 -483.332 0 -229.376 0 -733310 0
0.0495 -488.264 0 -231.717 0 -740793 0
0.05 -493.196 0 -234.058 0 -748276 0
0.0505 -498.128 0 -236.398 0 -755758 0
0.051 -503.06 0 -238.739 0 -763241 0
0.0515 -507.991 0 -241.079 0 -770724 0
0.052 -512.923 0 -243.42 0 -778207 0
0.0525 -517.855 0 -245.76 0 -785689 0
0.053 -522.787 0 -248.101 0 -793172 0
0.0535 -527.719 0 -250.442 0 -800655 0
0.054 -532.651 0 -252.782 0 -808138 0
0.0545 -537.583 0 -255.123 0 -815621 0
0.055 -542.515 0 -257.463 0 -823103 0
0.0555 -547.447 0 -259.804 0 -830586 0
0.056 -552.379 0 -262.144 0 -838069 0
0.0565 -557.311 0 -264.485 0 -845552 0
0.057 -562.243 0 -266.826 0 -853034 0
0.0575 -567.175 0 -269.166 0 -860517 0
0.058 -572.107 0 -271.507 0 -868000 0
0.0585 -577.039 0 -273.847 0 -875483 0
0.059 -581.971 0 -276.188 0 -882965 0
0.0595 -586.903 0 -278.528 0 -890448 0
0.06 -591.835 0 -280.869 0 -897931 0
0.0605 -596.767 0 -283.21 0 -905414 0
0.061 -601.699 0 -285.55 0 -912896 0
0.0615 -606.631 0 -287.891 0 -920379 0
0.062 -611.563 0 -290.231 0 -927862 0
0.0625 -616.495 0 -292.572 0 -935345 0
0.063 -621.426 0 -294.913 0 -942827 0
0.0635 -626.358 0 -297.253 0 -950310 0
0.064 -631.29 0 -299.594 0 -957793 0
0.0645 -636.222 0 -301.934 0 -965276 0
0.065 -641.154 0 -304.275 0 -972758 0
0.0655 -646.086 0 -306.615 0 -980241 0
0.066 -651.018 0 -308.956 0 -987724 0
0.0665 -655.95 0 -311.297 0 -995207 0
0.067 -660.882 0 -313.637 0 -1.00269e+06 0
0.0675 -665.814 0 -315.978 0 -1.01017e+06 0
0.068 -670.746 0 -318.318 0 -1.01765e+06 0
0.0685 -675.678 0 -320.659 0 -1.02514e+06 0
0.069 -680.61 0 -322.999 0 -1.03262e+06 0
0.0695 -685.542 0 -325.34 0 -1.0401e+06 0
0.07 -690.474 0 -327.681 0 -1.04759e+06 0
0.0705 -695.406 0 -330.021 0 -1.05507e+06 0
0.071 -700.338 0 -332.362 0 -1.06255e+06 0
0.0715 -705.27 0 -334.702 0 -1.07003e+06 0
0.072 -710.202 0 -337.043 0 -1.07752e+06 0
0.0725 -715.134 0 -339.383 0 -1.085e+06 0
0.073 -720.066 0 -341.724 0 -1.09248e+06 0
0.0735 -724.998 0 -344.065 0 -1.09997e+06 0
0.074 -729.929 0 -346.405 0 -1.10745e+06 0
0.0745 -734.861 0 -348.746 0 -1.11493e+06 0
0.075 -739.793 0 -351.086 0 -1.12241e+06 0
0.0755 -744.725 0 -353.427 0 -1.1299e+06 0
0.076 -749.657 0 -355.767 0 -1.13738e+06 0
0.0765 -754.589 0 -358.108 0 -1.14486e+06 0
0.077 -759.521 0 -360.449 0 -1.15234e+06 0
0.0775 -764.453 0 -362.789 0 -1.15983e+06 0
0.078 -769.385 0 -365.13 0 -1.16731e+06 0
0.0785 -774.317 0 -367.47 0 -1.17479e+06 0
0.079 -779.249 0 -369.811 0 -1.18228e+06 0
0.0795 -784.181 0 -372.151 0 -1.18976e+06 0
0.08 -789.113 0 -374.492 0 -1.19724e+06 0
0.0805 -794.045 0 -376.833 0 -1.20472e+06 0
0.081 -798.977 0 -379.173 0 -1.21221e+06 0
0.0815 -803.909 0 -381.514 0 -1.21969e+06 0
0.082 -808.841 0 -383.854 0 -1.22717e+06 0
0.0825 -813.773 0 -386.195 0 -1.23465e+06 0
0.083 -818.705 0 -388.536 0 -1.24214e+06 0
0.0835 -823.637 0 -390.876 0 -1.24962e+06 0
0.084 -828.569 0 -393.217 0 -1.2571e+06 0
0.0845 -833.501 0 -395.557 0 -1.26459e+06 0
0.085 -838.433 0 -397.898 0 -1.27207e+06 0
0.0855 -843.364 0 -400.238 0 -1.27955e+06 0
0.086 -848.296 0 -402.579 0 -1.28703e+06 0
0.0865 -853.228 0 -404.92 0 -1.29452e+06 0
0.087 -858.16 0 -407.26 0 -1.302e+06 0
0.0875 -863.092 0 -409.601 0 -1.30948e+06 0
0.088 -868.024 0 -411.941 0 -1.31697e+06 0
0.0885 -872.956 0 -414.282 0 -1.32445e+06 0
0.089 -877.888 0 -416.622 0 -1.33193e+06 0
0.0895 -882.82 0 -418.963 0 -1.33941e+06 0
0.09 -887.752 0 -421.304 0 -1.3469e+06 0
0.0905 -892.684 0 -423.644 0 -1.35438e+06 0
0.091 -897.616 0 -425.985 0 -1.36186e+06 0
0.0915 -902.548 0 -428.325 0 -1.36934e+06 0
0.092 -907.48 0 -430.666 0 -1.37683e+06 0
0.0925 -912.412 0 -433.006 0 -1.38431e+06 0
0.093 -917.344 0 -435.347 0 -1.39179e+06 0
0.0935 -922.276 0 -437.688 0 -1.39928e+06 0
0.094 -927.208 0 -440.028 0 -1.40676e+06 0
0.0945 -932.14 0 -442.369 0 -1.41424e+06 0
0.095 -937.072 0 -444.709 0 -1.42172e+06 0
0.0955 -942.004 0 -447.05 0 -1.42921e+06 0
0.096 -946.936 0 -449.39 0 -1.43669e+06 0
0.0965 -951.868 0 -451.731 0 -1.44417e+06 0
0.097 -956.799 0 -454.072 0 -1.45165e+06 0
0.0975 -961.731 0 -456.412 0 -1.45914e+06 0
0.098 -966.663 0 -458.753 0 -1.46662e+06 0
0.0985 -971.595 0 -461.093 0 -1.4741e+06 0
0.099 -976.527 0 -463.434 0 -1.48159e+06 0
0.0995 -981.459 0 -465.775 0 -1.48907e+06 0
0.1 -986.391 0 -468.115 0 -1.49655e+06 0
0.1005 -991.323 0 -470.456 0 -1.50403e+06 0
0.101 -996.255 0 -472.796 0 -1.51152e+06 0
0.1015 -1001.19 0 -475.137 0 -1.519e+06 0
0.102 -1006.12 0 -477.477 0 -1.52648e+06 0
0.1025 -1011.05 0 -479.818 0 -1.53397e+06 0
0.103 -1015.98 0 -482.159 0 -1.54145e+06 0
0.1035 -1020.91 0 -484.499 0 -1.54893e+06 0
0.104 -1025.85 0 -486.84 0 -1.55641e+06 0
0.1045 -1030.78 0 -489.18 0 -1.5639e+06 0
0.105 -1035.71 0 -491.521 0 -1.57138e+06 0
0.1055 -1040.64 0 -493.861 0 -1.57886e+06 0
0.106 -1045.57 0 -496.202 0 -1.58634e+06 0
0.1065 -1050.51 0 -498.543 0 -1.59383e+06 0
0.107 -1055.44 0 -500.883 0 -1.60131e+06 0
0.1075 -1060.37 0 -503.224 0 -1.60879e+06 0
0.108 -1065.3 0 -505.564 0 -1.61628e+06 0
0.1085 -1070.23 0 -507.905 0 -1.62376e+06 0
0.109 -1075.17 0 -510.245 0 -1.63124e+06 0
0.1095 -1080.1 0 -512.586 0 -1.63872e+06 0
0.11 -1085.03 0 -514.927 0 -1.64621e+06 0
0.1105 -1089.96 0 -517.267 0 -1.65369e+06 0
0.111 -1094.89 0 -519.608 0 -1.66117e+06 0
0.1115 -1099.83 0 -521.948 0 -1.66865e+06 0
0.112 -1104.76 0 -524.289 0 -1.67614e+06 0
0.1125 -1109.69 0 -526.629 0 -1.68362e+06 0
0.113 -1114.62 0 -528.97 0 -1.6911e+06 0
0.1135 -1119.55 0 -531.311 0 -1.69859e+06 0
0.114 -1124.49 0 -533.651 0 -1.70607e+06 0
0.1145 -1129.42 0 -535.992 0 -1.71355e+06 0
0.115 -1134.35 0 -538.332 0 -1.72103e+06 0
0.1155 -1139.28 0 -540.673 0 -1.72852e+06 0
0.116 -1144.21 0 -543.013 0 -1.736e+06 0
0.1165 -1149.15 0 -545.354 0 -1.74348e+06 0
0.117 -1154.08 0 -547.695 0 -1.75097e+06 0
0.1175 -1159.01 0 -550.035 0 -1.75845e+06 0
0.118 -1163.94 0 -552.376 0 -1.76593e+06 0
0.1185 -1168.87 0 -554.716 0 -1.77341e+06 0
0.119 -1173.81 0 -557.057 0 -1.7809e+06 0
0.1195 -1178.74 0 -559.398 0 -1.78838e+06 0
0.12 -1183.67 0 -561.738 0 -1.79586e+06 0
0.1205 -1188.6 0 -564.079 0 -1.80334e+06 0
0.121 -1193.53 0 -566.419 0 -1.81083e+06 0
0.1215 -1198.47 0 -568.76 0 -1.81831e+06 0
0.122 -1203.4 0 -571.1 0 -1.82579e+06 0
0.1225 -1208.33 0 -573.441 0 -1.83328e+06 0
0.123 -1213.26 0 -575.782 0 -1.84076e+06 0
0.1235 -1218.19 0 -578.122 0 -1.84824e+06 0
0.124 -1223.13 0 -580.463 0 -1.85572e+06 0
0.1245 -1228.06 0 -582.803 0 -1.86321e+06 0
0.125 -1232.99 0 -585.144 0 -1.87069e+06 0
0.1255 -1237.92 0 -587.484 0 -1.87817e+06 0
0.126 -1242.85 0 -589.825 0 -1.88565e+06 0
0.1265 -1247.78 0 -592.166 0 -1.89314e+06 0
0.127 -1252.72 0 -594.506 0 -1.90062e+06 0
0.1275 -1257.65 0 -596.847 0 -1.9081e+06 0
0.128 -1262.58 0 -599.187 0 -1.91559e+06 0
0.1285 -1267.51 0 -601.528 0 -1.92307e+06 0
0.129 -1272.44 0 -603.868 0 -1.93055e+06 0
0.1295 -1277.38 0 -606.209 0 -1.93803e+06 0
0.13 -1282.31 0 -608.55 0 -1.94552e+06 0
0.1305 -1287.24 0 -610.89 0 -1.953e+06 0
0.131 -1292.17 0 -613.231 0 -1.96048e+06 0
0.1315 -1297.1 0 -615.571 0 -1.96797e+06 0
0.132 -1302.04 0 -617.912 0 -1.97545e+06 0
0.1325 -1306.97 0 -620.252 0 -1.98293e+06 0
0.133 -1311.9 0 -622.593 0 -1.99041e+06 0
0.1335 -1316.83 0 -624.934 0 -1.9979e+06 0
0.134 -1321.76 0 -627.274 0 -2.00538e+06 0
0.1345 -1326.7 0 -629.615 0 -2.01286e+06 0
0.135 -1331.63 0 -631.955 0 -2.02034e+06 0
0.1355 -1336.56 0 -634.296 0 -2.02783e+06 0
0.136 -1341.49 0 -636.637 0 -2.03531e+06 0
0.1365 -1346.42 0 -638.977 0 -2.04279e+06 0
0.137 -1351.36 0 -641.318 0 -2.05028e+06 0
0.1375 -1356.29 0 -643.658 0 -2.05776e+06 0
0.138 -1361.22 0 -645.999 0 -2.06524e+06 0
0.1385 -1366.15 0 -648.339 0 -2.07272e+06 0
0.139 -1371.08 0 -650.68 0 -2.08021e+06 0
0.1395 -1376.02 0 -653.021 0 -2.08769e+06 0
0.14 -1380.95 0 -655.361 0 -2.09517e+06 0
0.1405 -1385.88 0 -657.702 0 -2.10265e+06 0
0.141 -1390.81 0 -660.042 0 -2.11014e+06 0
0.1415 -1395.74 0 -662.383 0 -2.11762e+06 0
0.142 -1400.68 0 -664.723 0 -2.1251e+06 0
0.1425 -1405.61 0 -667.064 0 -2.13259e+06 0
0.143 -1410.54 0 -669.405 0 -2.14007e+06 0
0.1435 -1415.47 0 -671.745 0 -2.14755e+06 0
0.144 -1420.4 0 -674.086 0 -2.15503e+06 0
0.1445 -1425.34 0 -676.426 0 -2.16252e+06 0
0.145 -1430.27 0 -678.767 0 -2.17e+06 0
0.1455 -1435.2 0 -681.107 0 -2.17748e+06 0
0.146 -1440.13 0 -683.448 0 -2.18497e+06 0
0.1465 -1445.06 0 -685.789 0 -2.19245e+06 0
0.147 -1450 0 -688.129 0 -2.19993e+06 0
0.1475 -1454.93 0 -690.47 0 -2.20741e+06 0
0.148 -1459.86 0 -692.81 0 -2.2149e+06 0
0.1485 -1464.79 0 -695.151 0 -2.22238e+06 0
0.149 -1469.72 0 -697.491 0 -2.22986e+06 0
0.1495 -1474.65 0 -699.832 0 -2.23734e+06 0
0.15 -1479.59 0 -702.173 0 -2.24483e+06 0
0.1505 -1484.52 0 -704.513 0 -2.25231e+06 0
0.151 -1489.45 0 -706.854 0 -2.25979e+06 0
0.1515 -1494.38 0 -709.194 0 -2.26728e+06 0
0.152 -1499.31 0 -711.535 0 -2.27476e+06 0
0.1525 -1504.25 0 -713.876 0 -2.28224e+06 0
0.153 -1509.18 0 -716.216 0 -2.28972e+06 0
0.1535 -1514.11 0 -718.557 0 -2.29721e+06 0
0.154 -1519.04 0 -720.897 0 -2.30469e+06 0
0.1545 -1523.97 0 -723.238 0 -2.31217e+06 0
0.155 -1528.91 0 -725.578 0 -2.31965e+06 0
0.1555 -1533.84 0 -727.919 0 -2.32714e+06 0
0.156 -1538.77 0 -730.26 0 -2.33462e+06 0
0.1565 -1543.7 0 -732.6 0 -2.3421e+06 0
0.157 -1548.63 0 -734.941 0 -2.34959e+06 0
0.1575 -1553.57 0 -737.281 0 -2.35707e+06 0
0.158 -1558.5 0 -739.622 0 -2.36455e+06 0
0.1585 -1563.43 0 -741.962 0 -2.37203e+06 0
0.159 -1568.36 0 -744.303 0 -2.37952e+06 0
0.1595 -1573.29 0 -746.644 0 -2.387e+06 0
0.16 -1578.23 0 -748.984 0 -2.39448e+06 0
0.1605 -1583.16 0 -751.325 0 -2.40196e+06 0
0.161 -1588.09 0 -753.665 0 -2.40945e+06 0
0.1615 -1593.02 0 -756.006 0 -2.41693e+06 0
0.162 -1597.95 0 -758.346 0 -2.42441e+06 0
0.1625 -1602.89 0 -760.687 0 -2.4319e+06 0
0.163 -1607.82 0 -763.028 0 -2.43938e+06 0
0.1635 -1612.75 0 -765.368 0 -2.44686e+06 0
0.164 -1617.68 0 -767.709 0 -2.45434e+06 0
0.1645 -1622.61 0 -770.049 0 -2.46183e+06 0
0.165 -1627.55 0 -772.39 0 -2.46931e+06 0
0.1655 -1632.48 0 -774.73 0 -2.47679e+06 0
0.166 -1637.41 0 -777.071 0 -2.48428e+06 0
0.1665 -1642.34 0 -779.412 0 -2.49176e+06 0
0.167 -1647.27 0 -781.752 0 -2.49924e+06 0
0.1675 -1652.21 0 -784.093 0 -2.50672e+06 0
0.168 -1657.14 0 -786.433 0 -2.51421e+06 0
0.1685 -1662.07 0 -788.774 0 -2.52169e+06 0
0.169 -1667 0 -791.114 0 -2.52917e+06 0
0.1695 -1671.93 0 -793.455 0 -2.53665e+06 0
0.17 -1676.87 0 -795.796 0 -2.54414e+06 0
0.1705 -1681.8 0 -798.136 0 -2.55162e+06 0
0.171 -1686.73 0 -800.477 0 -2.5591e+06 0
0.1715 -1691.66 0 -802.817 0 -2.56659e+06 0
0.172 -1696.59 0 -805.158 0 -2.57407e+06 0
0.1725 -1701.52 0 -807.499 0 -2.58155e+06 0
0.173 -1706.46 0 -809.839 0 -2.58903e+06 0
0.1735 -1711.39 0 -812.18 0 -2.59652e+06 0
0.174 -1716.32 0 -814.52 0 -2.604e+06 0
0.1745 -1721.25 0 -816.861 0 -2.61148e+06 0
0.175 -1726.18 0 -819.201 0 -2.61896e+06 0
0.1755 -1731.12 0 -821.542 0 -2.62645e+06 0
0.176 -1736.05 0 -823.883 0 -2.63393e+06 0
0.1765 -1740.98 0 -826.223 0 -2.64141e+06 0
0.177 -1745.91 0 -828.564 0 -2.6489e+06 0
0.1775 -1750.84 0 -830.904 0 -2.65638e+06 0
0.178 -1755.78 0 -833.245 0 -2.66386e+06 0
0.1785 -1760.71 0 -835.585 0 -2.67134e+06 0
0.179 -1765.64 0 -837.926 0 -2.67883e+06 0
0.1795 -1770.57 0 -840.267 0 -2.68631e+06 0
0.18 -1775.5 0 -842.607 0 -2.69379e+06 0
0.1805 -1780.44 0 -844.948 0 -2.70128e+06 0
0.181 -1785.37 0 -847.288 0 -2.70876e+06 0
0.1815 -1790.3 0 -849.629 0 -2.71624e+06 0
0.182 -1795.23 0 -851.969 0 -2.72372e+06 0
0.1825 -1800.16 0 -854.31 0 -2.73121e+06 0
0.183 -1805.1 0 -856.651 0 -2.73869e+06 0
0.1835 -1810.03 0 -858.991 0 -2.74617e+06 0
0.184 -1814.96 0 -861.332 0 -2.75365e+06 0
0.1845 -1819.89 0 -863.672 0 -2.76114e+06 0
0.185 -1824.82 0 -866.013 0 -2.76862e+06 0
0.1855 -1829.76 0 -868.353 0 -2.7761e+06 0
0.186 -1834.69 0 -870.694 0 -2.78359e+06 0
0.1865 -1839.62 0 -873.035 0 -2.79107e+06 0
0.187 -1844.55 0 -875.375 0 -2.79855e+06 0
0.1875 -1849.48 0 -877.716 0 -2.80603e+06 0
0.188 -1854.42 0 -880.056 0 -2.81352e+06 0
0.1885 -1859.35 0 -882.397 0 -2.821e+06 0
0.189 -1864.28 0 -884.738 0 -2.82848e+06 0
0.1895 -1869.21 0 -887.078 0 -2.83596e+06 0
0.19 -1874.14 0 -889.419 0 -2.84345e+06 0
0.1905 -1879.08 0 -891.759 0 -2.85093e+06 0
0.191 -1884.01 0 -894.1 0 -2.85841e+06 0
0.1915 -1888.94 0 -896.44 0 -2.8659e+06 0
0.192 -1893.87 0 -898.781 0 -2.87338e+06 0
0.1925 -1898.8 0 -901.122 0 -2.88086e+06 0
0.193 -1903.74 0 -903.462 0 -2.88834e+06 0
0.1935 -1908.67 0 -905.803 0 -2.89583e+06 0
0.194 -1913.6 0 -908.143 0 -2.90331e+06 0
0.1945 -1918.53 0 -910.484 0 -2.91079e+06 0
0.195 -1923.46 0 -912.824 0 -2.91828e+06 0
0.1955 -1928.39 0 -915.165 0 -2.92576e+06 0
0.196 -1933.33 0 -917.506 0 -2.93324e+06 0
0.1965 -1938.26 0 -919.846 0 -2.94072e+06 0
0.197 -1943.19 0 -922.187 0 -2.94821e+06 0
0.1975 -1948.12 0 -924.527 0 -2.95569e+06 0
0.198 -1953.05 0 -926.868 0 -2.96317e+06 0
0.1985 -1957.99 0 -929.208 0 -2.97065e+06 0
0.199 -1962.92 0 -931.549 0 -2.97814e+06 0
0.1995 -1967.85 0 -933.89 0 -2.98562e+06 0
0.2 -1972.78 0 -936.23 0 -2.9931e+06 0
0.2005 -1977.71 0 -938.571 0 -3.00059e+06 0
0.201 -1982.65 0 -940.911 0 -3.00807e+06 0
0.2015 -1987.58 0 -943.252 0 -3.01555e+06 0
0.202 -1992.51 0 -945.592 0 -3.02303e+06 0
0.2025 -1997.44 0 -947.933 0 -3.03052e+06 0
0.203 -2002.37 0 -950.274 0 -3.038e+06 0
0.2035 -2007.31 0 -952.614 0 -3.04548e+06 0
0.204 -2012.24 0 -954.955 0 -3.05296e+06 0
0.2045 -2017.17 0 -957.295 0 -3.06045e+06 0
0.205 -2022.1 0 -959.636 0 -3.06793e+06 0
0.2055 -2027.03 0 -961.976 0 -3.07541e+06 0
0.206 -2031.97 0 -964.317 0 -3.0829e+06 0
0.2065 -2036.9 0 -966.658 0 -3.09038e+06 0
0.207 -2041.83 0 -968.998 0 -3.09786e+06 0
0.2075 -2046.76 0 -971.339 0 -3.10534e+06 0
0.208 -2051.69 0 -973.679 0 -3.11283e+06 0
0.2085 -2056.63 0 -976.02 0 -3.12031e+06 0
0.209 -2061.56 0 -978.361 0 -3.12779e+06 0
0.2095 -2066.49 0 -980.701 0 -3.13528e+06 0
0.21 -2071.42 0 -983.042 0 -3.14276e+06 0
0.2105 -2076.35 0 -985.382 0 -3.15024e+06 0
0.211 -2081.29 0 -987.723 0 -3.15772e+06 0
0.2115 -2086.22 0 -990.063 0 -3.16521e+06 0
0.212 -2091.15 0 -992.404 0 -3.17269e+06 0
0.2125 -2096.08 0 -994.745 0 -3.18017e+06 0
0.213 -2101.01 0 -997.085 0 -3.18765e+06 0
0.2135 -2105.95 0 -999.426 0 -3.19514e+06 0
0.214 -2110.88 0 -1001.77 0 -3.20262e+06 0
0.2145 -2115.81 0 -1004.11 0 -3.2101e+06 0
0.215 -2120.74 0 -1006.45 0 -3.21759e+06 0
0.2155 -2125.67 0 -1008.79 0 -3.22507e+06 0
0.216 -2130.61 0 -1011.13 0 -3.23255e+06 0
0.2165 -2135.54 0 -1013.47 0 -3.24003e+06 0
0.217 -2140.47 0 -1015.81 0 -3.24752e+06 0
0.2175 -2145.4 0 -1018.15 0 -3.255e+06 0
0.218 -2150.33 0 -1020.49 0 -3.26248e+06 0
0.2185 -2155.26 0 -1022.83 0 -3.26996e+06 0
0.219 -2160.2 0 -1025.17 0 -3.27745e+06 0
0.2195 -2165.13 0 -1027.51 0 -3.28493e+06 0
0.22 -2170.06 0 -1029.85 0 -3.29241e+06 0
0.2205 -2174.99 0 -1032.19 0 -3.2999e+06 0
0.221 -2179.92 0 -1034.53 0 -3.30738e+06 0
0.2215 -2184.86 0 -1036.87 0 -3.31486e+06 0
0.222 -2189.79 0 -1039.22 0 -3.32234e+06 0
0.2225 -2194.72 0 -1041.56 0 -3.32983e+06 0
0.223 -2199.65 0 -1043.9 0 -3.33731e+06 0
0.2235 -2204.58 0 -1046.24 0 -3.34479e+06 0
0.224 -2209.52 0 -1048.58 0 -3.35228e+06 0
0.2245 -2214.45 0 -1050.92 0 -3.35976e+06 0
0.225 -2219.38 0 -1053.26 0 -3.36724e+06 0
0.2255 -2224.31 0 -1055.6 0 -3.37472e+06 0
0.226 -2229.24 0 -1057.94 0 -3.38221e+06 0
0.2265 -2234.18 0 -1060.28 0 -3.38969e+06 0
0.227 -2239.11 0 -1062.62 0 -3.39717e+06 0
0.2275 -2244.04 0 -1064.96 0 -3.40465e+06 0
0.228 -2248.97 0 -1067.3 0 -3.41214e+06 0
0.2285 -2253.9 0 -1069.64 0 -3.41962e+06 0
0.229 -2258.84 0 -1071.98 0 -3.4271e+06 0
0.2295 -2263.77 0 -1074.32 0 -3.43459e+06 0
0.23 -2268.7 0 -1076.66 0 -3.44207e+06 0
0.2305 -2273.63 0 -1079.01 0 -3.44955e+06 0
0.231 -2278.56 0 -1081.35 0 -3.45703e+06 0
0.2315 -2283.5 0 -1083.69 0 -3.46452e+06 0
0.232 -2288.43 0 -1086.03 0 -3.472e+06 0
0.2325 -2293.36 0 -1088.37 0 -3.47948e+06 0
0.233 -2298.29 0 -1090.71 0 -3.48696e+06 0
0.2335 -2303.22 0 -1093.05 0 -3.49445e+06 0
0.234 -2308.16 0 -1095.39 0 -3.50193e+06 0
0.2345 -2313.09 0 -1097.73 0 -3.50941e+06 0
0.235 -2318.02 0 -1100.07 0 -3.5169e+06 0
0.2355 -2322.95 0 -1102.41 0 -3.52438e+06 0
0.236 -2327.88 0 -1104.75 0 -3.53186e+06 0
0.2365 -2332.82 0 -1107.09 0 -3.53934e+06 0
0.237 -2337.75 0 -1109.43 0 -3.54683e+06 0
0.2375 -2342.68 0 -1111.77 0 -3.55431e+06 0
0.238 -2347.61 0 -1114.11 0 -3.56179e+06 0
0.2385 -2352.54 0 -1116.45 0 -3.56928e+06 0
0.239 -2357.47 0 -1118.8 0 -3.57676e+06 0
0.2395 -2362.41 0 -1121.14 0 -3.58424e+06 0
0.24 -2367.34 0 -1123.48 0 -3.59172e+06 0
0.2405 -2372.27 0 -1125.82 0 -3.59921e+06 0
0.241 -2377.2 0 -1128.16 0 -3.60669e+06 0
0.2415 -2382.13 0 -1130.5 0 -3.61417e+06 0
0.242 -2387.07 0 -1132.84 0 -3.62165e+06 0
0.2425 -2392 0 -1135.18 0 -3.62914e+06 0
0.243 -2396.93 0 -1137.52 0 -3.63662e+06 0
0.2435 -2401.86 0 -1139.86 0 -3.6441e+06 0
0.244 -2406.79 0 -1142.2 0 -3.65159e+06 0
0.2445 -2411.73 0 -1144.54 0 -3.65907e+06 0
0.245 -2416.66 0 -1146.88 0 -3.66655e+06 0
0.2455 -2421.59 0 -1149.22 0 -3.67403e+06 0
0.246 -2426.52 0 -1151.56 0 -3.68152e+06 0
0.2465 -2431.45 0 -1153.9 0 -3.689e+06 0
0.247 -2436.39 0 -1156.24 0 -3.69648e+06 0
0.2475 -2441.32 0 -1158.58 0 -3.70396e+06 0
0.248 -2446.25 0 -1160.93 0 -3.71145e+06 0
0.2485 -2451.18 0 -1163.27 0 -3.71893e+06 0
0.249 -2456.11 0 -1165.61 0 -3.72641e+06 0
0.2495 -2461.05 0 -1167.95 0 -3.7339e+06 0
0.25 -2465.98 0 -1170.29 0 -3.74138e+06 0
0.2505 -2470.91 0 -1172.63 0 -3.74886e+06 0
0.251 -2475.84 0 -1174.97 0 -3.75634e+06 0
0.2515 -2480.77 0 -1177.31 0 -3.76383e+06 0
0.252 -2485.71 0 -1179.65 0 -3.77131e+06 0
0.2525 -2490.64 0 -1181.99 0 -3.77879e+06 0
0.253 -2495.57 0 -1184.33 0 -3.78628e+06 0
0.2535 -2500.5 0 -1186.67 0 -3.79376e+06 0
0.254 -2505.43 0 -1189.01 0 -3.80124e+06 0
0.2545 -2510.37 0 -1191.35 0 -3.80872e+06 0
0.255 -2515.3 0 -1193.69 0 -3.81621e+06 0
0.2555 -2520.23 0 -1196.03 0 -3.82369e+06 0
0.256 -2525.16 0 -1198.37 0 -3.83117e+06 0
0.2565 -2530.09 0 -1200.72 0 -3.83865e+06 0
0.257 -2535.03 0 -1203.06 0 -3.84614e+06 0
0.2575 -2539.96 0 -1205.4 0 -3.85362e+06 0
0.258 -2544.89 0 -1207.74 0 -3.8611e+06 0
0.2585 -2549.82 0 -1210.08 0 -3.86859e+06 0
0.259 -2554.75 0 -1212.42 0 -3.87607e+06 0
0.2595 -2559.69 0 -1214.76 0 -3.88355e+06 0
0.26 -2564.62 0 -1217.1 0 -3.89103e+06 0
0.2605 -2569.55 0 -1219.44 0 -3.89852e+06 0
0.261 -2574.48 0 -1221.78 0 -3.906e+06 0
0.2615 -2579.41 0 -1224.12 0 -3.91348e+06 0
0.262 -2584.34 0 -1226.46 0 -3.92096e+06 0
0.2625 -2589.28 0 -1228.8 0 -3.92845e+06 0
0.263 -2594.21 0 -1231.14 0 -3.93593e+06 0
0.2635 -2599.14 0 -1233.48 0 -3.94341e+06 0
0.264 -2604.07 0 -1235.82 0 -3.9509e+06 0
0.2645 -2609 0 -1238.16 0 -3.95838e+06 0
0.265 -2613.94 0 -1240.5 0 -3.96586e+06 0
0.2655 -2618.87 0 -1242.85 0 -3.97334e+06 0
0.266 -2623.8 0 -1245.19 0 -3.98083e+06 0
0.2665 -2628.73 0 -1247.53 0 -3.98831e+06 0
0.267 -2633.66 0 -1249.87 0 -3.99579e+06 0
0.2675 -2638.6 0 -1252.21 0 -4.00327e+06 0
0.268 -2643.53 0 -1254.55 0 -4.01076e+06 0
0.2685 -2648.46 0 -1256.89 0 -4.01824e+06 0
0.269 -2653.39 0 -1259.23 0 -4.02572e+06 0
0.2695 -2658.32 0 -1261.57 0 -4.03321e+06 0
0.27 -2663.26 0 -1263.91 0 -4.04069e+06 0
0.2705 -2668.19 0 -1266.25 0 -4.04817e+06 0
0.271 -2673.12 0 -1268.59 0 -4.05565e+06 0
0.2715 -2678.05 0 -1270.93 0 -4.06314e+06 0
0.272 -2682.98 0 -1273.27 0 -4.07062e+06 0
0.2725 -2687.92 0 -1275.61 0 -4.0781e+06 0
0.273 -2692.85 0 -1277.95 0 -4.08559e+06 0
0.2735 -2697.78 0 -1280.29 0 -4.09307e+06 0
0.274 -2702.71 0 -1282.64 0 -4.10055e+06 0
0.2745 -2707.64 0 -1284.98 0 -4.10803e+06 0
0.275 -2712.58 0 -1287.32 0 -4.11552e+06 0
0.2755 -2717.51 0 -1289.66 0 -4.123e+06 0
0.276 -2722.44 0 -1292 0 -4.13048e+06 0
0.2765 -2727.37 0 -1294.34 0 -4.13796e+06 0
0.277 -2732.3 0 -1296.68 0 -4.14545e+06 0
0.2775 -2737.24 0 -1299.02 0 -4.15293e+06 0
0.278 -2742.17 0 -1301.36 0 -4.16041e+06 0
0.2785 -2747.1 0 -1303.7 0 -4.1679e+06 0
0.279 -2752.03 0 -1306.04 0 -4.17538e+06 0
0.2795 -2756.96 0 -1308.38 0 -4.18286e+06 0
0.28 -2761.9 0 -1310.72 0 -4.19034e+06 0
0.2805 -2766.83 0 -1313.06 0 -4.19783e+06 0
0.281 -2771.76 0 -1315.4 0 -4.20531e+06 0
0.2815 -2776.69 0 -1317.74 0 -4.21279e+06 0
0.282 -2781.62 0 -1320.08 0 -4.22027e+06 0
0.2825 -2786.56 0 -1322.43 0 -4.22776e+06 0
0.283 -2791.49 0 -1324.77 0 -4.23524e+06 0
0.2835 -2796.42 0 -1327.11 0 -4.24272e+06 0
0.284 -2801.35 0 -1329.45 0 -4.25021e+06 0
0.2845 -2806.28 0 -1331.79 0 -4.25769e+06 0
0.285 -2811.21 0 -1334.13 0 -4.26517e+06 0
0.2855 -2816.15 0 -1336.47 0 -4.27265e+06 0
0.286 -2821.08 0 -1338.81 0 -4.28014e+06 0
0.2865 -2826.01 0 -1341.15 0 -4.28762e+06 0
0.287 -2830.94 0 -1343.49 0 -4.2951e+06 0
0.2875 -2835.87 0 -1345.83 0 -4.30259e+06 0
0.288 -2840.81 0 -1348.17 0 -4.31007e+06 0
0.2885 -2845.74 0 -1350.51 0 -4.31755e+06 0
0.289 -2850.67 0 -1352.85 0 -4.32503e+06 0
0.2895 -2855.6 0 -1355.19 0 -4.33252e+06 0
0.29 -2860.53 0 -1357.53 0 -4.34e+06 0
0.2905 -2865.47 0 -1359.87 0 -4.34748e+06 0
0.291 -2870.4 0 -1362.21 0 -4.35496e+06 0
0.2915 -2875.33 0 -1364.56 0 -4.36245e+06 0
0.292 -2880.26 0 -1366.9 0 -4.36993e+06 0
0.2925 -2885.19 0 -1369.24 0 -4.37741e+06 0
0.293 -2890.13 0 -1371.58 0 -4.3849e+06 0
0.2935 -2895.06 0 -1373.92 0 -4.39238e+06 0
0.294 -2899.99 0 -1376.26 0 -4.39986e+06 0
0.2945 -2904.92 0 -1378.6 0 -4.40734e+06 0
0.295 -2909.85 0 -1380.94 0 -4.41483e+06 0
0.2955 -2914.79 0 -1383.28 0 -4.42231e+06 0
0.296 -2919.72 0 -1385.62 0 -4.42979e+06 0
0.2965 -2924.65 0 -1387.96 0 -4.43727e+06 0
0.297 -2929.58 0 -1390.3 0 -4.44476e+06 0
0.2975 -2934.51 0 -1392.64 0 -4.45224e+06 0
0.298 -2939.45 0 -1394.98 0 -4.45972e+06 0
0.2985 -2944.38 0 -1397.32 0 -4.46721e+06 0
0.299 -2949.31 0 -1399.66 0 -4.47469e+06 0
0.2995 -2954.24 0 -1402 0 -4.48217e+06 0
0.3 -2959.17 0 -1404.35 0 -4.48965e+06 0
0.3005 -2964.11 0 -1406.69 0 -4.49714e+06 0
0.301 -2969.04 0 -1409.03 0 -4.50462e+06 0
0.3015 -2973.97 0 -1411.37 0 -4.5121e+06 0
0.302 -2978.9 0 -1413.71 0 -4.51959e+06 0
0.3025 -2983.83 0 -1416.05 0 -4.52707e+06 0
0.303 -2988.77 0 -1418.39 0 -4.53455e+06 0
0.3035 -2993.7 0 -1420.73 0 -4.54203e+06 0
0.304 -2998.63 0 -1423.07 0 -4.54952e+06 0
0.3045 -3003.56 0 -1425.41 0 -4.557e+06 0
0.305 -3008.49 0 -1427.75 0 -4.56448e+06 0
0.3055 -3013.43 0 -1430.09 0 -4.57196e+06 0
0.306 -3018.36 0 -1432.43 0 -4.57945e+06 0
0.3065 -3023.29 0 -1434.77 0 -4.58693e+06 0
0.307 -3028.22 0 -1437.11 0 -4.59441e+06 0
0.3075 -3033.15 0 -1439.45 0 -4.6019e+06 0
0.308 -3038.08 0 -1441.79 0 -4.60938e+06 0
0.3085 -3043.02 0 -1444.14 0 -4.61686e+06 0
0.309 -3047.95 0 -1446.48 0 -4.62434e+06 0
0.3095 -3052.88 0 -1448.82 0 -4.63183e+06 0
0.31 -3057.81 0 -1451.16 0 -4.63931e+06 0
0.3105 -3062.74 0 -1453.5 0 -4.64679e+06 0
0.311 -3067.68 0 -1455.84 0 -4.65427e+06 0
0.3115 -3072.61 0 -1458.18 0 -4.66176e+06 0
0.312 -3077.54 0 -1460.52 0 -4.66924e+06 0
0.3125 -3082.47 0 -1462.86 0 -4.67672e+06 0
0.313 -3087.4 0 -1465.2 0 -4.68421e+06 0
0.3135 -3092.34 0 -1467.54 0 -4.69169e+06 0
0.314 -3097.27 0 -1469.88 0 -4.69917e+06 0
0.3145 -3102.2 0 -1472.22 0 -4.70665e+06 0
0.315 -3107.13 0 -1474.56 0 -4.71414e+06 0
0.3155 -3112.06 0 -1476.9 0 -4.72162e+06 0
0.316 -3117 0 -1479.24 0 -4.7291e+06 0
0.3165 -3121.93 0 -1481.58 0 -4.73659e+06 0
0.317 -3126.86 0 -1483.92 0 -4.74407e+06 0
0.3175 -3131.79 0 -1486.27 0 -4.75155e+06 0
0.318 -3136.72 0 -1488.61 0 -4.75903e+06 0
0.3185 -3141.66 0 -1490.95 0 -4.76652e+06 0
0.319 -3146.59 0 -1493.29 0 -4.774e+06 0
0.3195 -3151.52 0 -1495.63 0 -4.78148e+06 0
0.32 -3156.45 0 -1497.97 0 -4.78896e+06 0
0.3205 -3161.38 0 -1500.31 0 -4.79645e+06 0
0.321 -3166.32 0 -1502.65 0 -4.80393e+06 0
0.3215 -3171.25 0 -1504.99 0 -4.81141e+06 0
0.322 -3176.18 0 -1507.33 0 -4.8189e+06 0
0.3225 -3181.11 0 -1509.67 0 -4.82638e+06 0
0.323 -3186.04 0 -1512.01 0 -4.83386e+06 0
0.3235 -3190.98 0 -1514.35 0 -4.84134e+06 0
0.324 -3195.91 0 -1516.69 0 -4.84883e+06 0
0.3245 -3200.84 0 -1519.03 0 -4.85631e+06 0
0.325 -3205.77 0 -1521.37 0 -4.86379e+06 0
0.3255 -3210.7 0 -1523.71 0 -4.87127e+06 0
0.326 -3215.64 0 -1526.06 0 -4.87876e+06 0
0.3265 -3220.57 0 -1528.4 0 -4.88624e+06 0
0.327 -3225.5 0 -1530.74 0 -4.89372e+06 0
0.3275 -3230.43 0 -1533.08 0 -4.90121e+06 0
0.328 -3235.36 0 -1535.42 0 -4.90869e+06 0
0.3285 -3240.3 0 -1537.76 0 -4.91617e+06 0
0.329 -3245.23 0 -1540.1 0 -4.92365e+06 0
0.3295 -3250.16 0 -1542.44 0 -4.93114e+06 0
0.33 -3255.09 0 -1544.78 0 -4.93862e+06 0
0.3305 -3260.02 0 -1547.12 0 -4.9461e+06 0
0.331 -3264.95 0 -1549.46 0 -4.95359e+06 0
0.3315 -3269.89 0 -1551.8 0 -4.96107e+06 0
0.332 -3274.82 0 -1554.14 0 -4.96855e+06 0
0.3325 -3279.75 0 -1556.48 0 -4.97603e+06 0
0.333 -3284.68 0 -1558.82 0 -4.98352e+06 0
0.3335 -3289.61 0 -1561.16 0 -4.991e+06 0
0.334 -3294.55 0 -1563.5 0 -4.99848e+06 0
0.3345 -3299.48 0 -1565.84 0 -5.00596e+06 0
0.335 -3304.41 0 -1568.19 0 -5.01345e+06 0
0.3355 -3309.34 0 -1570.53 0 -5.02093e+06 0
0.336 -3314.27 0 -1572.87 0 -5.02841e+06 0
0.3365 -3319.21 0 -1575.21 0 -5.0359e+06 0
0.337 -3324.14 0 -1577.55 0 -5.04338e+06 0
0.3375 -3329.07 0 -1579.89 0 -5.05086e+06 0
0.338 -3334 0 -1582.23 0 -5.05834e+06 0
0.3385 -3338.93 0 -1584.57 0 -5.06583e+06 0
0.339 -3343.87 0 -1586.91 0 -5.07331e+06 0
0.3395 -3348.8 0 -1589.25 0 -5.08079e+06 0
0.34 -3353.73 0 -1591.59 0 -5.08827e+06 0
0.3405 -3358.66 0 -1593.93 0 -5.09576e+06 0
0.341 -3363.59 0 -1596.27 0 -5.10324e+06 0
0.3415 -3368.53 0 -1598.61 0 -5.11072e+06 0
0.342 -3373.46 0 -1600.95 0 -5.11821e+06 0
0.3425 -3378.39 0 -1603.29 0 -5.12569e+06 0
0.343 -3383.32 0 -1605.63 0 -5.13317e+06 0
0.3435 -3388.25 0 -1607.98 0 -5.14065e+06 0
0.344 -3393.19 0 -1610.32 0 -5.14814e+06 0
0.3445 -3398.12 0 -1612.66 0 -5.15562e+06 0
0.345 -3403.05 0 -1615 0 -5.1631e+06 0
0.3455 -3407.98 0 -1617.34 0 -5.17059e+06 0
0.346 -3412.91 0 -1619.68 0 -5.17807e+06 0
0.3465 -3417.85 0 -1622.02 0 -5.18555e+06 0
0.347 -3422.78 0 -1624.36 0 -5.19303e+06 0
0.3475 -3427.71 0 -1626.7 0 -5.20052e+06 0
0.348 -3432.64 0 -1629.04 0 -5.208e+06 0
0.3485 -3437.57 0 -1631.38 0 -5.21548e+06 0
0.349 -3442.51 0 -1633.72 0 -5.22296e+06 0
0.3495 -3447.44 0 -1636.06 0 -5.23045e+06 0
0.35 -3452.37 0 -1638.4 0 -5.23793e+06 0
0.3505 -3457.3 0 -1640.74 0 -5.24541e+06 0
0.351 -3462.23 0 -1643.08 0 -5.2529e+06 0
0.3515 -3467.17 0 -1645.42 0 -5.26038e+06 0
0.352 -3472.1 0 -1647.77 0 -5.26786e+06 0
0.3525 -3477.03 0 -1650.11 0 -5.27534e+06 0
0.353 -3481.96 0 -1652.45 0 -5.28283e+06 0
0.3535 -3486.89 0 -1654.79 0 -5.29031e+06 0
0.354 -3491.82 0 -1657.13 0 -5.29779e+06 0
0.3545 -3496.76 0 -1659.47 0 -5.30527e+06 0
0.355 -3501.69 0 -1661.81 0 -5.31276e+06 0
0.3555 -3506.62 0 -1664.15 0 -5.32024e+06 0
0.356 -3511.55 0 -1666.49 0 -5.32772e+06 0
0.3565 -3516.48 0 -1668.83 0 -5.33521e+06 0
0.357 -3521.42 0 -1671.17 0 -5.34269e+06 0
0.3575 -3526.35 0 -1673.51 0 -5.35017e+06 0
0.358 -3531.28 0 -1675.85 0 -5.35765e+06 0
0.3585 -3536.21 0 -1678.19 0 -5.36514e+06 0
0.359 -3541.14 0 -1680.53 0 -5.37262e+06 0
0.3595 -3546.08 0 -1682.87 0 -5.3801e+06 0
0.36 -3551.01 0 -1685.21 0 -5.38759e+06 0
0.3605 -3555.94 0 -1687.55 0 -5.39507e+06 0
0.361 -3560.87 0 -1689.9 0 -5.40255e+06 0
0.3615 -3565.8 0 -1692.24 0 -5.41003e+06 0
0.362 -3570.74 0 -1694.58 0 -5.41752e+06 0
0.3625 -3575.67 0 -1696.92 0 -5.425e+06 0
0.363 -3580.6 0 -1699.26 0 -5.43248e+06 0
0.3635 -3585.53 0 -1701.6 0 -5.43996e+06 0
0.364 -3590.46 0 -1703.94 0 -5.44745e+06 0
0.3645 -3595.4 0 -1706.28 0 -5.45493e+06 0
0.365 -3600.33 0 -1708.62 0 -5.46241e+06 0
0.3655 -3605.26 0 -1710.96 0 -5.4699e+06 0
0.366 -3610.19 0 -1713.3 0 -5.47738e+06 0
0.3665 -3615.12 0 -1715.64 0 -5.48486e+06 0
0.367 -3620.06 0 -1717.98 0 -5.49234e+06 0
0.3675 -3624.99 0 -1720.32 0 -5.49983e+06 0
0.368 -3629.92 0 -1722.66 0 -5.50731e+06 0
0.3685 -3634.85 0 -1725 0 -5.51479e+06 0
0.369 -3639.78 0 -1727.34 0 -5.52227e+06 0
0.3695 -3644.72 0 -1729.69 0 -5.52976e+06 0
0.37 -3649.65 0 -1732.03 0 -5.53724e+06 0
0.3705 -3654.58 0 -1734.37 0 -5.54472e+06 0
0.371 -3659.51 0 -1736.71 0 -5.55221e+06 0
0.3715 -3664.44 0 -1739.05 0 -5.55969e+06 0
0.372 -3669.38 0 -1741.39 0 -5.56717e+06 0
0.3725 -3674.31 0 -1743.73 0 -5.57465e+06 0
0.373 -3679.24 0 -1746.07 0 -5.58214e+06 0
0.3735 -3684.17 0 -1748.41 0 -5.58962e+06 0
0.374 -3689.1 0 -1750.75 0 -5.5971e+06 0
0.3745 -3694.04 0 -1753.09 0 -5.60458e+06 0
0.375 -3698.97 0 -1755.43 0 -5.61207e+06 0
0.3755 -3703.9 0 -1757.77 0 -5.61955e+06 0
0.376 -3708.83 0 -1760.11 0 -5.62703e+06 0
0.3765 -3713.76 0 -1762.45 0 -5.63452e+06 0
0.377 -3718.69 0 -1764.79 0 -5.642e+06 0
0.3775 -3723.63 0 -1767.13 0 -5.64948e+06 0
0.378 -3728.56 0 -1769.48 0 -5.65696e+06 0
0.3785 -3733.49 0 -1771.82 0 -5.66445e+06 0
0.379 -3738.42 0 -1774.16 0 -5.67193e+06 0
0.3795 -3743.35 0 -1776.5 0 -5.67941e+06 0
0.38 -3748.29 0 -1778.84 0 -5.6869e+06 0
0.3805 -3753.22 0 -1781.18 0 -5.69438e+06 0
0.381 -3758.15 0 -1783.52 0 -5.70186e+06 0
0.3815 -3763.08 0 -1785.86 0 -5.70934e+06 0
0.382 -3768.01 0 -1788.2 0 -5.71683e+06 0
0.3825 -3772.95 0 -1790.54 0 -5.72431e+06 0
0.383 -3777.88 0 -1792.88 0 -5.73179e+06 0
0.3835 -3782.81 0 -1795.22 0 -5.73927e+06 0
0.384 -3787.74 0 -1797.56 0 -5.74676e+06 0
0.3845 -3792.67 0 -1799.9 0 -5.75424e+06 0
0.385 -3797.61 0 -1802.24 0 -5.76172e+06 0
0.3855 -3802.54 0 -1804.58 0 -5.76921e+06 0
0.386 -3807.47 0 -1806.92 0 -5.77669e+06 0
0.3865 -3812.4 0 -1809.26 0 -5.78417e+06 0
0.387 -3817.33 0 -1811.61 0 -5.79165e+06 0
0.3875 -3822.27 0 -1813.95 0 -5.79914e+06 0
0.388 -3827.2 0 -1816.29 0 -5.80662e+06 0
0.3885 -3832.13 0 -1818.63 0 -5.8141e+06 0
0.389 -3837.06 0 -1820.97 0 -5.82158e+06 0
0.3895 -3841.99 0 -1823.31 0 -5.82907e+06 0
0.39 -3846.93 0 -1825.65 0 -5.83655e+06 0
0.3905 -3851.86 0 -1827.99 0 -5.84403e+06 0
0.391 -3856.79 0 -1830.33 0 -5.85152e+06 0
0.3915 -3861.72 0 -1832.67 0 -5.859e+06 0
0.392 -3866.65 0 -1835.01 0 -5.86648e+06 0
0.3925 -3871.59 0 -1837.35 0 -5.87396e+06 0
0.393 -3876.52 0 -1839.69 0 -5.88145e+06 0
0.3935 -3881.45 0 -1842.03 0 -5.88893e+06 0
0.394 -3886.38 0 -1844.37 0 -5.89641e+06 0
0.3945 -3891.31 0 -1846.71 0 -5.9039e+06 0
0.395 -3896.25 0 -1849.05 0 -5.91138e+06 0
0.3955 -3901.18 0 -1851.4 0 -5.91886e+06 0
0.396 -3906.11 0 -1853.74 0 -5.92634e+06 0
0.3965 -3911.04 0 -1856.08 0 -5.93383e+06 0
0.397 -3915.97 0 -1858.42 0 -5.94131e+06 0
0.3975 -3920.91 0 -1860.76 0 -5.94879e+06 0
0.398 -3925.84 0 -1863.1 0 -5.95627e+06 0
0.3985 -3930.77 0 -1865.44 0 -5.96376e+06 0
0.399 -3935.7 0 -1867.78 0 -5.97124e+06 0
0.3995 -3940.63 0 -1870.12 0 -5.97872e+06 0
0.4 -3945.56 0 -1872.46 0 -5.98621e+06 0
0.4005 -3950.5 0 -1874.8 0 -5.99369e+06 0
0.401 -3955.43 0 -1877.14 0 -6.00117e+06 0
0.4015 -3960.36 0 -1879.48 0 -6.00865e+06 0
0.402 -3965.29 0 -1881.82 0 -6.01614e+06 0
0.4025 -3970.22 0 -1884.16 0 -6.02362e+06 0
0.403 -3975.16 0 -1886.5 0 -6.0311e+06 0
0.4035 -3980.09 0 -1888.84 0 -6.03858e+06 0
0.404 -3985.02 0 -1891.18 0 -6.04607e+06 0
0.4045 -3989.95 0 -1893.53 0 -6.05355e+06 0
0.405 -3994.88 0 -1895.87 0 -6.06103e+06 0
0.4055 -3999.82 0 -1898.21 0 -6.06852e+06 0
0.406 -4004.75 0 -1900.55 0 -6.076e+06 0
0.4065 -4009.68 0 -1902.89 0 -6.08348e+06 0
0.407 -4014.61 0 -1905.23 0 -6.09096e+06 0
0.4075 -4019.54 0 -1907.57 0 -6.09845e+06 0
0.408 -4024.48 0 -1909.91 0 -6.10593e+06 0
0.4085 -4029.41 0 -1912.25 0 -6.11341e+06 0
0.409 -4034.34 0 -1914.59 0 -6.1209e+06 0
0.4095 -4039.27 0 -1916.93 0 -6.12838e+06 0
0.41 -4044.2 0 -1919.27 0 -6.13586e+06 0
0.4105 -4049.14 0 -1921.61 0 -6.14334e+06 0
0.411 -4054.07 0 -1923.95 0 -6.15083e+06 0
0.4115 -4059 0 -1926.29 0 -6.15831e+06 0
0.412 -4063.93 0 -1928.63 0 -6.16579e+06 0
0.4125 -4068.86 0 -1930.97 0 -6.17327e+06 0
0.413 -4073.8 0 -1933.32 0 -6.18076e+06 0
0.4135 -4078.73 0 -1935.66 0 -6.18824e+06 0
0.414 -4083.66 0 -1938 0 -6.19572e+06 0
0.4145 -4088.59 0 -1940.34 0 -6.20321e+06 0
0.415 -4093.52 0 -1942.68 0 -6.21069e+06 0
0.4155 -4098.46 0 -1945.02 0 -6.21817e+06 0
0.416 -4103.39 0 -1947.36 0 -6.22565e+06 0
0.4165 -4108.32 0 -1949.7 0 -6.23314e+06 0
0.417 -4113.25 0 -1952.04 0 -6.24062e+06 0
0.4175 -4118.18 0 -1954.38 0 -6.2481e+06 0
0.418 -4123.12 0 -1956.72 0 -6.25558e+06 0
0.4185 -4128.05 0 -1959.06 0 -6.26307e+06 0
0.419 -4132.98 0 -1961.4 0 -6.27055e+06 0
0.4195 -4137.91 0 -1963.74 0 -6.27803e+06 0
0.42 -4142.84 0 -1966.08 0 -6.28552e+06 0
0.4205 -4147.78 0 -1968.42 0 -6.293e+06 0
0.421 -4152.71 0 -1970.76 0 -6.30048e+06 0
0.4215 -4157.64 0 -1973.11 0 -6.30796e+06 0
0.422 -4162.57 0 -1975.45 0 -6.31545e+06 0
0.4225 -4167.5 0 -1977.79 0 -6.32293e+06 0
0.423 -4172.43 0 -1980.13 0 -6.33041e+06 0
0.4235 -4177.37 0 -1982.47 0 -6.3379e+06 0
0.424 -4182.3 0 -1984.81 0 -6.34538e+06 0
0.4245 -4187.23 0 -1987.15 0 -6.35286e+06 0
0.425 -4192.16 0 -1989.49 0 -6.36034e+06 0
0.4255 -4197.09 0 -1991.83 0 -6.36783e+06 0
0.426 -4202.03 0 -1994.17 0 -6.37531e+06 0
0.4265 -4206.96 0 -1996.51 0 -6.38279e+06 0
0.427 -4211.89 0 -1998.85 0 -6.39027e+06 0
0.4275 -4216.82 0 -2001.19 0 -6.39776e+06 0
0.428 -4221.75 0 -2003.53 0 -6.40524e+06 0
0.4285 -4226.69 0 -2005.87 0 -6.41272e+06 0
0.429 -4231.62 0 -2008.21 0 -6.42021e+06 0
0.4295 -4236.55 0 -2010.55 0 -6.42769e+06 0
0.43 -4241.48 0 -2012.89 0 -6.43517e+06 0
0.4305 -4246.41 0 -2015.24 0 -6.44265e+06 0
0.431 -4251.35 0 -2017.58 0 -6.45014e+06 0
0.4315 -4256.28 0 -2019.92 0 -6.45762e+06 0
0.432 -4261.21 0 -2022.26 0 -6.4651e+06 0
0.4325 -4266.14 0 -2024.6 0 -6.47258e+06 0
0.433 -4271.07 0 -2026.94 0 -6.48007e+06 0
0.4335 -4276.01 0 -2029.28 0 -6.48755e+06 0
0.434 -4280.94 0 -2031.62 0 -6.49503e+06 0
0.4345 -4285.87 0 -2033.96 0 -6.50252e+06 0
0.435 -4290.8 0 -2036.3 0 -6.51e+06 0
0.4355 -4295.73 0 -2038.64 0 -6.51748e+06 0
0.436 -4300.67 0 -2040.98 0 -6.52496e+06 0
0.4365 -4305.6 0 -2043.32 0 -6.53245e+06 0
0.437 -4310.53 0 -2045.66 0 -6.53993e+06 0
0.4375 -4315.46 0 -2048 0 -6.54741e+06 0
0.438 -4320.39 0 -2050.34 0 -6.5549e+06 0
0.4385 -4325.33 0 -2052.68 0 -6.56238e+06 0
0.439 -4330.26 0 -2055.03 0 -6.56986e+06 0
0.4395 -4335.19 0 -2057.37 0 -6.57734e+06 0
0.44 -4340.12 0 -2059.71 0 -6.58483e+06 0
0.4405 -4345.05 0 -2062.05 0 -6.59231e+06 0
0.441 -4349.99 0 -2064.39 0 -6.59979e+06 0
0.4415 -4354.92 0 -2066.73 0 -6.60727e+06 0
0.442 -4359.85 0 -2069.07 0 -6.61476e+06 0
0.4425 -4364.78 0 -2071.41 0 -6.62224e+06 0
0.443 -4369.71 0 -2073.75 0 -6.62972e+06 0
0.4435 -4374.65 0 -2076.09 0 -6.63721e+06 0
0.444 -4379.58 0 -2078.43 0 -6.64469e+06 0
0.4445 -4384.51 0 -2080.77 0 -6.65217e+06 0
0.445 -4389.44 0 -2083.11 0 -6.65965e+06 0
0.4455 -4394.37 0 -2085.45 0 -6.66714e+06 0
0.446 -4399.3 0 -2087.79 0 -6.67462e+06 0
0.4465 -4404.24 0 -2090.13 0 -6.6821e+06 0
0.447 -4409.17 0 -2092.47 0 -6.68958e+06 0
0.4475 -4414.1 0 -2094.81 0 -6.69707e+06 0
0.448 -4419.03 0 -2097.16 0 -6.70455e+06 0
0.4485 -4423.96 0 -2099.5 0 -6.71203e+06 0
0.449 -4428.9 0 -2101.84 0 -6.71952e+06 0
0.4495 -4433.83 0 -2104.18 0 -6.727e+06 0
0.45 -4438.76 0 -2106.52 0 -6.73448e+06 0
0.4505 -4443.69 0 -2108.86 0 -6.74196e+06 0
0.451 -4448.62 0 -2111.2 0 -6.74945e+06 0
0.4515 -4453.56 0 -2113.54 0 -6.75693e+06 0
0.452 -4458.49 0 -2115.88 0 -6.76441e+06 0
0.4525 -4463.42 0 -2118.22 0 -6.7719e+06 0
0.453 -4468.35 0 -2120.56 0 -6.77938e+06 0
0.4535 -4473.28 0 -2122.9 0 -6.78686e+06 0
0.454 -4478.22 0 -2125.24 0 -6.79434e+06 0
0.4545 -4483.15 0 -2127.58 0 -6.80183e+06 0
0.455 -4488.08 0 -2129.92 0 -6.80931e+06 0
0.4555 -4493.01 0 -2132.26 0 -6.81679e+06 0
0.456 -4497.94 0 -2134.6 0 -6.82427e+06 0
0.4565 -4502.88 0 -2136.95 0 -6.83176e+06 0
0.457 -4507.81 0 -2139.29 0 -6.83924e+06 0
0.4575 -4512.74 0 -2141.63 0 -6.84672e+06 0
0.458 -4517.67 0 -2143.97 0 -6.85421e+06 0
0.4585 -4522.6 0 -2146.31 0 -6.86169e+06 0
0.459 -4527.54 0 -2148.65 0 -6.86917e+06 0
0.4595 -4532.47 0 -2150.99 0 -6.87665e+06 0
0.46 -4537.4 0 -2153.33 0 -6.88414e+06 0
0.4605 -4542.33 0 -2155.67 0 -6.89162e+06 0
0.461 -4547.26 0 -2158.01 0 -6.8991e+06 0
0.4615 -4552.2 0 -2160.35 0 -6.90658e+06 0
0.462 -4557.13 0 -2162.69 0 -6.91407e+06 0
0.4625 -4562.06 0 -2165.03 0 -6.92155e+06 0
0.463 -4566.99 0 -2167.37 0 -6.92903e+06 0
0.4635 -4571.92 0 -2169.71 0 -6.93652e+06 0
0.464 -4576.86 0 -2172.05 0 -6.944e+06 0
0.4645 -4581.79 0 -2174.39 0 -6.95148e+06 0
0.465 -4586.72 0 -2176.74 0 -6.95896e+06 0
0.4655 -4591.65 0 -2179.08 0 -6.96645e+06 0
0.466 -4596.58 0 -2181.42 0 -6.97393e+06 0
0.4665 -4601.52 0 -2183.76 0 -6.98141e+06 0
0.467 -4606.45 0 -2186.1 0 -6.9889e+06 0
0.4675 -4611.38 0 -2188.44 0 -6.99638e+06 0
0.468 -4616.31 0 -2190.78 0 -7.00386e+06 0
0.4685 -4621.24 0 -2193.12 0 -7.01134e+06 0
0.469 -4626.17 0 -2195.46 0 -7.01883e+06 0
0.4695 -4631.11 0 -2197.8 0 -7.02631e+06 0
0.47 -4636.04 0 -2200.14 0 -7.03379e+06 0
0.4705 -4640.97 0 -2202.48 0 -7.04127e+06 0
0.471 -4645.9 0 -2204.82 0 -7.04876e+06 0
0.4715 -4650.83 0 -2207.16 0 -7.05624e+06 0
0.472 -4655.77 0 -2209.5 0 -7.06372e+06 0
0.4725 -4660.7 0 -2211.84 0 -7.07121e+06 0
0.473 -4665.63 0 -2214.18 0 -7.07869e+06 0
0.4735 -4670.56 0 -2216.52 0 -7.08617e+06 0
0.474 -4675.49 0 -2218.87 0 -7.09365e+06 0
0.4745 -4680.43 0 -2221.21 0 -7.10114e+06 0
0.475 -4685.36 0 -2223.55 0 -7.10862e+06 0
0.4755 -4690.29 0 -2225.89 0 -7.1161e+06 0
0.476 -4695.22 0 -2228.23 0 -7.12358e+06 0
0.4765 -4700.15 0 -2230.57 0 -7.13107e+06 0
0.477 -4705.09 0 -2232.91 0 -7.13855e+06 0
0.4775 -4710.02 0 -2235.25 0 -7.14603e+06 0
0.478 -4714.95 0 -2237.59 0 -7.15352e+06 0
0.4785 -4719.88 0 -2239.93 0 -7.161e+06 0
0.479 -4724.81 0 -2242.27 0 -7.16848e+06 0
0.4795 -4729.75 0 -2244.61 0 -7.17596e+06 0
0.48 -4734.68 0 -2246.95 0 -7.18345e+06 0
0.4805 -4739.61 0 -2249.29 0 -7.19093e+06 0
0.481 -4744.54 0 -2251.63 0 -7.19841e+06 0
0.4815 -4749.47 0 -2253.97 0 -7.20589e+06 0
0.482 -4754.41 0 -2256.31 0 -7.21338e+06 0
0.4825 -4759.34 0 -2258.66 0 -7.22086e+06 0
0.483 -4764.27 0 -2261 0 -7.22834e+06 0
0.4835 -4769.2 0 -2263.34 0 -7.23583e+06 0
0.484 -4774.13 0 -2265.68 0 -7.24331e+06 0
0.4845 -4779.07 0 -2268.02 0 -7.25079e+06 0
0.485 -4784 0 -2270.36 0 -7.25827e+06 0
0.4855 -4788.93 0 -2272.7 0 -7.26576e+06 0
0.486 -4793.86 0 -2275.04 0 -7.27324e+06 0
0.4865 -4798.79 0 -2277.38 0 -7.28072e+06 0
0.487 -4803.73 0 -2279.72 0 -7.28821e+06 0
0.4875 -4808.66 0 -2282.06 0 -7.29569e+06 0
0.488 -4813.59 0 -2284.4 0 -7.30317e+06 0
0.4885 -4818.52 0 -2286.74 0 -7.31065e+06 0
0.489 -4823.45 0 -2289.08 0 -7.31814e+06 0
0.4895 -4828.38 0 -2291.42 0 -7.32562e+06 0
0.49 -4833.32 0 -2293.76 0 -7.3331e+06 0
0.4905 -4838.25 0 -2296.1 0 -7.34058e+06 0
0.491 -4843.18 0 -2298.45 0 -7.34807e+06 0
0.4915 -4848.11 0 -2300.79 0 -7.35555e+06 0
0.492 -4853.04 0 -2303.13 0 -7.36303e+06 0
0.4925 -4857.98 0 -2305.47 0 -7.37052e+06 0
0.493 -4862.91 0 -2307.81 0 -7.378e+06 0
0.4935 -4867.84 0 -2310.15 0 -7.38548e+06 0
0.494 -4872.77 0 -2312.49 0 -7.39296e+06 0
0.4945 -4877.7 0 -2314.83 0 -7.40045e+06 0
0.495 -4882.64 0 -2317.17 0 -7.40793e+06 0
0.4955 -4887.57 0 -2319.51 0 -7.41541e+06 0
0.496 -4892.5 0 -2321.85 0 -7.42289e+06 0
0.4965 -4897.43 0 -2324.19 0 -7.43038e+06 0
0.497 -4902.36 0 -2326.53 0 -7.43786e+06 0
0.4975 -4907.3 0 -2328.87 0 -7.44534e+06 0
0.498 -4912.23 0 -2331.21 0 -7.45283e+06 0
0.4985 -4917.16 0 -2333.55 0 -7.46031e+06 0
0.499 -4922.09 0 -2335.89 0 -7.46779e+06 0
0.4995 -4927.02 0 -2338.23 0 -7.47527e+06 0
0.5 -4931.96 0 -2340.58 0 -7.48276e+06 0
0.5005 -4936.89 0 -2342.92 0 -7.49024e+06 0
0.501 -4941.82 0 -2345.26 0 -7.49772e+06 0
0.5015 -4946.75 0 -2347.6 0 -7.50521e+06 0
0.502 -4951.68 0 -2349.94 0 -7.51269e+06 0
0.5025 -4956.62 0 -2352.28 0 -7.52017e+06 0
0.503 -4961.55 0 -2354.62 0 -7.52765e+06 0
0.5035 -4966.48 0 -2356.96 0 -7.53514e+06 0
0.504 -4971.41 0 -2359.3 0 -7.54262e+06 0
0.5045 -4976.34 0 -2361.64 0 -7.5501e+06 0
0.505 -4981.28 0 -2363.98 0 -7.55758e+06 0
0.5055 -4986.21 0 -2366.32 0 -7.56507e+06 0
0.506 -4991.14 0 -2368.66 0 -7.57255e+06 0
0.5065 -4996.07 0 -2371 0 -7.58003e+06 0
0.507 -5001 0 -2373.34 0 -7.58752e+06 0
0.5075 -5005.94 0 -2375.68 0 -7.595e+06 0
0.508 -5010.87 0 -2378.02 0 -7.60248e+06 0
0.5085 -5015.8 0 -2380.37 0 -7.60996e+06 0
0.509 -5020.73 0 -2382.71 0 -7.61745e+06 0
0.5095 -5025.66 0 -2385.05 0 -7.62493e+06 0
0.51 -5030.6 0 -2387.39 0 -7.63241e+06 0
0.5105 -5035.53 0 -2389.73 0 -7.63989e+06 0
0.511 -5040.46 0 -2392.07 0 -7.64738e+06 0
0.5115 -5045.39 0 -2394.41 0 -7.65486e+06 0
0.512 -5050.32 0 -2396.75 0 -7.66234e+06 0
0.5125 -5055.25 0 -2399.09 0 -7.66983e+06 0
0.513 -5060.19 0 -2401.43 0 -7.67731e+06 0
0.5135 -5065.12 0 -2403.77 0 -7.68479e+06 0
0.514 -5070.05 0 -2406.11 0 -7.69227e+06 0
0.5145 -5074.98 0 -2408.45 0 -7.69976e+06 0
0.515 -5079.91 0 -2410.79 0 -7.70724e+06 0
0.5155 -5084.85 0 -2413.13 0 -7.71472e+06 0
0.516 -5089.78 0 -2415.47 0 -7.72221e+06 0
0.5165 -5094.71 0 -2417.81 0 -7.72969e+06 0
0.517 -5099.64 0 -2420.15 0 -7.73717e+06 0
0.5175 -5104.57 0 -2422.5 0 -7.74465e+06 0
0.518 -5109.51 0 -2424.84 0 -7.75214e+06 0
0.5185 -5114.44 0 -2427.18 0 -7.75962e+06 0
0.519 -5119.37 0 -2429.52 0 -7.7671e+06 0
0.5195 -5124.3 0 -2431.86 0 -7.77458e+06 0
0.52 -5129.23 0 -2434.2 0 -7.78207e+06 0
0.5205 -5134.17 0 -2436.54 0 -7.78955e+06 0
0.521 -5139.1 0 -2438.88 0 -7.79703e+06 0
0.5215 -5144.03 0 -2441.22 0 -7.80452e+06 0
0.522 -5148.96 0 -2443.56 0 -7.812e+06 0
0.5225 -5153.89 0 -2445.9 0 -7.81948e+06 0
0.523 -5158.83 0 -2448.24 0 -7.82696e+06 0
0.5235 -5163.76 0 -2450.58 0 -7.83445e+06 0
0.524 -5168.69 0 -2452.92 0 -7.84193e+06 0
0.5245 -5173.62 0 -2455.26 0 -7.84941e+06 0
0.525 -5178.55 0 -2457.6 0 -7.85689e+06 0
0.5255 -5183.49 0 -2459.94 0 -7.86438e+06 0
0.526 -5188.42 0 -2462.29 0 -7.87186e+06 0
0.5265 -5193.35 0 -2464.63 0 -7.87934e+06 0
0.527 -5198.28 0 -2466.97 0 -7.88683e+06 0
0.5275 -5203.21 0 -2469.31 0 -7.89431e+06 0
0.528 -5208.15 0 -2471.65 0 -7.90179e+06 0
0.5285 -5213.08 0 -2473.99 0 -7.90927e+06 0
0.529 -5218.01 0 -2476.33 0 -7.91676e+06 0
0.5295 -5222.94 0 -2478.67 0 -7.92424e+06 0
0.53 -5227.87 0 -2481.01 0 -7.93172e+06 0
0.5305 -5232.81 0 -2483.35 0 -7.93921e+06 0
0.531 -5237.74 0 -2485.69 0 -7.94669e+06 0
0.5315 -5242.67 0 -2488.03 0 -7.95417e+06 0
0.532 -5247.6 0 -2490.37 0 -7.96165e+06 0
0.5325 -5252.53 0 -2492.71 0 -7.96914e+06 0
0.533 -5257.47 0 -2495.05 0 -7.97662e+06 0
0.5335 -5262.4 0 -2497.39 0 -7.9841e+06 0
0.534 -5267.33 0 -2499.73 0 -7.99158e+06 0
0.5345 -5272.26 0 -2502.08 0 -7.99907e+06 0
0.535 -5277.19 0 -2504.42 0 -8.00655e+06 0
0.5355 -5282.12 0 -2506.76 0 -8.01403e+06 0
0.536 -5287.06 0 -2509.1 0 -8.02152e+06 0
0.5365 -5291.99 0 -2511.44 0 -8.029e+06 0
0.537 -5296.92 0 -2513.78 0 -8.03648e+06 0
0.5375 -5301.85 0 -2516.12 0 -8.04396e+06 0
0.538 -5306.78 0 -2518.46 0 -8.05145e+06 0
0.5385 -5311.72 0 -2520.8 0 -8.05893e+06 0
0.539 -5316.65 0 -2523.14 0 -8.06641e+06 0
0.5395 -5321.58 0 -2525.48 0 -8.07389e+06 0
0.54 -5326.51 0 -2527.82 0 -8.08138e+06 0
0.5405 -5331.44 0 -2530.16 0 -8.08886e+06 0
0.541 -5336.38 0 -2532.5 0 -8.09634e+06 0
0.5415 -5341.31 0 -2534.84 0 -8.10383e+06 0
0.542 -5346.24 0 -2537.18 0 -8.11131e+06 0
0.5425 -5351.17 0 -2539.52 0 -8.11879e+06 0
0.543 -5356.1 0 -2541.86 0 -8.12627e+06 0
0.5435 -5361.04 0 -2544.21 0 -8.13376e+06 0
0.544 -5365.97 0 -2546.55 0 -8.14124e+06 0
0.5445 -5370.9 0 -2548.89 0 -8.14872e+06 0
0.545 -5375.83 0 -2551.23 0 -8.15621e+06 0
0.5455 -5380.76 0 -2553.57 0 -8.16369e+06 0
0.546 -5385.7 0 -2555.91 0 -8.17117e+06 0
0.5465 -5390.63 0 -2558.25 0 -8.17865e+06 0
0.547 -5395.56 0 -2560.59 0 -8.18614e+06 0
0.5475 -5400.49 0 -2562.93 0 -8.19362e+06 0
0.548 -5405.42 0 -2565.27 0 -8.2011e+06 0
0.5485 -5410.36 0 -2567.61 0 -8.20858e+06 0
0.549 -5415.29 0 -2569.95 0 -8.21607e+06 0
0.5495 -5420.22 0 -2572.29 0 -8.22355e+06 0
0.55 -5425.15 0 -2574.63 0 -8.23103e+06 0
0.5505 -5430.08 0 -2576.97 0 -8.23852e+06 0
0.551 -5435.02 0 -2579.31 0 -8.246e+06 0
0.5515 -5439.95 0 -2581.65 0 -8.25348e+06 0
0.552 -5444.88 0 -2584 0 -8.26096e+06 0
0.5525 -5449.81 0 -2586.34 0 -8.26845e+06 0
0.553 -5454.74 0 -2588.68 0 -8.27593e+06 0
0.5535 -5459.68 0 -2591.02 0 -8.28341e+06 0
0.554 -5464.61 0 -2593.36 0 -8.29089e+06 0
0.5545 -5469.54 0 -2595.7 0 -8.29838e+06 0
0.555 -5474.47 0 -2598.04 0 -8.30586e+06 0
0.5555 -5479.4 0 -2600.38 0 -8.31334e+06 0
0.556 -5484.34 0 -2602.72 0 -8.32083e+06 0
0.5565 -5489.27 0 -2605.06 0 -8.32831e+06 0
0.557 -5494.2 0 -2607.4 0 -8.33579e+06 0
0.5575 -5499.13 0 -2609.74 0 -8.34327e+06 0
0.558 -5504.06 0 -2612.08 0 -8.35076e+06 0
0.5585 -5508.99 0 -2614.42 0 -8.35824e+06 0
0.559 -5513.93 0 -2616.76 0 -8.36572e+06 0
0.5595 -5518.86 0 -2619.1 0 -8.37321e+06 0
0.56 -5523.79 0 -2621.44 0 -8.38069e+06 0
0.5605 -5528.72 0 -2623.79 0 -8.38817e+06 0
0.561 -5533.65 0 -2626.13 0 -8.39565e+06 0
0.5615 -5538.59 0 -2628.47 0 -8.40314e+06 0
0.562 -5543.52 0 -2630.81 0 -8.41062e+06 0
0.5625 -5548.45 0 -2633.15 0 -8.4181e+06 0
0.563 -5553.38 0 -2635.49 0 -8.42558e+06 0
0.5635 -5558.31 0 -2637.83 0 -8.43307e+06 0
0.564 -5563.25 0 -2640.17 0 -8.44055e+06 0
0.5645 -5568.18 0 -2642.51 0 -8.44803e+06 0
0.565 -5573.11 0 -2644.85 0 -8.45552e+06 0
0.5655 -5578.04 0 -2647.19 0 -8.463e+06 0
0.566 -5582.97 0 -2649.53 0 -8.47048e+06 0
0.5665 -5587.91 0 -2651.87 0 -8.47796e+06 0
0.567 -5592.84 0 -2654.21 0 -8.48545e+06 0
0.5675 -5597.77 0 -2656.55 0 -8.49293e+06 0
0.568 -5602.7 0 -2658.89 0 -8.50041e+06 0
0.5685 -5607.63 0 -2661.23 0 -8.50789e+06 0
0.569 -5612.57 0 -2663.57 0 -8.51538e+06 0
0.5695 -5617.5 0 -2665.92 0 -8.52286e+06 0
0.57 -5622.43 0 -2668.26 0 -8.53034e+06 0
0.5705 -5627.36 0 -2670.6 0 -8.53783e+06 0
0.571 -5632.29 0 -2672.94 0 -8.54531e+06 0
0.5715 -5637.23 0 -2675.28 0 -8.55279e+06 0
0.572 -5642.16 0 -2677.62 0 -8.56027e+06 0
0.5725 -5647.09 0 -2679.96 0 -8.56776e+06 0
0.573 -5652.02 0 -2682.3 0 -8.57524e+06 0
0.5735 -5656.95 0 -2684.64 0 -8.58272e+06 0
0.574 -5661.89 0 -2686.98 0 -8.5902e+06 0
0.5745 -5666.82 0 -2689.32 0 -8.59769e+06 0
0.575 -5671.75 0 -2691.66 0 -8.60517e+06 0
0.5755 -5676.68 0 -2694 0 -8.61265e+06 0
0.576 -5681.61 0 -2696.34 0 -8.62014e+06 0
0.5765 -5686.55 0 -2698.68 0 -8.62762e+06 0
0.577 -5691.48 0 -2701.02 0 -8.6351e+06 0
0.5775 -5696.41 0 -2703.36 0 -8.64258e+06 0
0.578 -5701.34 0 -2705.71 0 -8.65007e+06 0
0.5785 -5706.27 0 -2708.05 0 -8.65755e+06 0
0.579 -5711.21 0 -2710.39 0 -8.66503e+06 0
0.5795 -5716.14 0 -2712.73 0 -8.67252e+06 0
0.58 -5721.07 0 -2715.07 0 -8.68e+06 0
0.5805 -5726 0 -2717.41 0 -8.68748e+06 0
0.581 -5730.93 0 -2719.75 0 -8.69496e+06 0
0.5815 -5735.86 0 -2722.09 0 -8.70245e+06 0
0.582 -5740.8 0 -2724.43 0 -8.70993e+06 0
0.5825 -5745.73 0 -2726.77 0 -8.71741e+06 0
0.583 -5750.66 0 -2729.11 0 -8.72489e+06 0
0.5835 -5755.59 0 -2731.45 0 -8.73238e+06 0
0.584 -5760.52 0 -2733.79 0 -8.73986e+06 0
0.5845 -5765.46 0 -2736.13 0 -8.74734e+06 0
0.585 -5770.39 0 -2738.47 0 -8.75483e+06 0
0.5855 -5775.32 0 -2740.81 0 -8.76231e+06 0
0.586 -5780.25 0 -2743.15 0 -8.76979e+06 0
0.5865 -5785.18 0 -2745.49 0 -8.77727e+06 0
0.587 -5790.12 0 -2747.84 0 -8.78476e+06 0
0.5875 -5795.05 0 -2750.18 0 -8.79224e+06 0
0.588 -5799.98 0 -2752.52 0 -8.79972e+06 0
0.5885 -5804.91 0 -2754.86 0 -8.8072e+06 0
0.589 -5809.84 0 -2757.2 0 -8.81469e+06 0
0.5895 -5814.78 0 -2759.54 0 -8.82217e+06 0
0.59 -5819.71 0 -2761.88 0 -8.82965e+06 0
0.5905 -5824.64 0 -2764.22 0 -8.83714e+06 0
0.591 -5829.57 0 -2766.56 0 -8.84462e+06 0
0.5915 -5834.5 0 -2768.9 0 -8.8521e+06 0
0.592 -5839.44 0 -2771.24 0 -8.85958e+06 0
0.5925 -5844.37 0 -2773.58 0 -8.86707e+06 0
0.593 -5849.3 0 -2775.92 0 -8.87455e+06 0
0.5935 -5854.23 0 -2778.26 0 -8.88203e+06 0
0.594 -5859.16 0 -2780.6 0 -8.88952e+06 0
0.5945 -5864.1 0 -2782.94 0 -8.897e+06 0
0.595 -5869.03 0 -2785.28 0 -8.90448e+06 0
0.5955 -5873.96 0 -2787.63 0 -8.91196e+06 0
0.596 -5878.89 0 -2789.97 0 -8.91945e+06 0
0.5965 -5883.82 0 -2792.31 0 -8.92693e+06 0
0.597 -5888.76 0 -2794.65 0 -8.93441e+06 0
0.5975 -5893.69 0 -2796.99 0 -8.94189e+06 0
0.598 -5898.62 0 -2799.33 0 -8.94938e+06 0
0.5985 -5903.55 0 -2801.67 0 -8.95686e+06 0
0.599 -5908.48 0 -2804.01 0 -8.96434e+06 0
0.5995 -5913.42 0 -2806.35 0 -8.97183e+06 0
0.6 -5918.35 0 -2808.69 0 -8.97931e+06 0
0.6005 -5923.28 0 -2811.03 0 -8.98679e+06 0
0.601 -5928.21 0 -2813.37 0 -8.99427e+06 0
0.6015 -5933.14 0 -2815.71 0 -9.00176e+06 0
0.602 -5938.08 0 -2818.05 0 -9.00924e+06 0
0.6025 -5943.01 0 -2820.39 0 -9.01672e+06 0
0.603 -5947.94 0 -2822.73 0 -9.0242e+06 0
0.6035 -5952.87 0 -2825.07 0 -9.03169e+06 0
0.604 -5957.8 0 -2827.42 0 -9.03917e+06 0
0.6045 -5962.73 0 -2829.76 0 -9.04665e+06 0
0.605 -5967.67 0 -2832.1 0 -9.05414e+06 0
0.6055 -5972.6 0 -2834.44 0 -9.06162e+06 0
0.606 -5977.53 0 -2836.78 0 -9.0691e+06 0
0.6065 -5982.46 0 -2839.12 0 -9.07658e+06 0
0.607 -5987.39 0 -2841.46 0 -9.08407e+06 0
0.6075 -5992.33 0 -2843.8 0 -9.09155e+06 0
0.608 -5997.26 0 -2846.14 0 -9.09903e+06 0
0.6085 -6002.19 0 -2848.48 0 -9.10652e+06 0
0.609 -6007.12 0 -2850.82 0 -9.114e+06 0
0.6095 -6012.05 0 -2853.16 0 -9.12148e+06 0
0.61 -6016.99 0 -2855.5 0 -9.12896e+06 0
0.6105 -6021.92 0 -2857.84 0 -9.13645e+06 0
0.611 -6026.85 0 -2860.18 0 -9.14393e+06 0
0.6115 -6031.78 0 -2862.52 0 -9.15141e+06 0
0.612 -6036.71 0 -2864.86 0 -9.15889e+06 0
0.6125 -6041.65 0 -2867.2 0 -9.16638e+06 0
0.613 -6046.58 0 -2869.55 0 -9.17386e+06 0
0.6135 -6051.51 0 -2871.89 0 -9.18134e+06 0
0.614 -6056.44 0 -2874.23 0 -9.18883e+06 0
0.6145 -6061.37 0 -2876.57 0 -9.19631e+06 0
0.615 -6066.31 0 -2878.91 0 -9.20379e+06 0
0.6155 -6071.24 0 -2881.25 0 -9.21127e+06 0
0.616 -6076.17 0 -2883.59 0 -9.21876e+06 0
0.6165 -6081.1 0 -2885.93 0 -9.22624e+06 0
0.617 -6086.03 0 -2888.27 0 -9.23372e+06 0
0.6175 -6090.97 0 -2890.61 0 -9.2412e+06 0
0.618 -6095.9 0 -2892.95 0 -9.24869e+06 0
0.6185 -6100.83 0 -2895.29 0 -9.25617e+06 0
0.619 -6105.76 0 -2897.63 0 -9.26365e+06 0
0.6195 -6110.69 0 -2899.97 0 -9.27114e+06 0
0.62 -6115.63 0 -2902.31 0 -9.27862e+06 0
0.6205 -6120.56 0 -2904.65 0 -9.2861e+06 0
0.621 -6125.49 0 -2906.99 0 -9.29358e+06 0
0.6215 -6130.42 0 -2909.34 0 -9.30107e+06 0
0.622 -6135.35 0 -2911.68 0 -9.30855e+06 0
0.6225 -6140.29 0 -2914.02 0 -9.31603e+06 0
0.623 -6145.22 0 -2916.36 0 -9.32352e+06 0
0.6235 -6150.15 0 -2918.7 0 -9.331e+06 0
0.624 -6155.08 0 -2921.04 0 -9.33848e+06 0
0.6245 -6160.01 0 -2923.38 0 -9.34596e+06 0
0.625 -6164.95 0 -2925.72 0 -9.35345e+06 0
0.6255 -6169.88 0 -2928.06 0 -9.36093e+06 0
0.626 -6174.81 0 -2930.4 0 -9.36841e+06 0
0.6265 -6179.74 0 -2932.74 0 -9.37589e+06 0
0.627 -6184.67 0 -2935.08 0 -9.38338e+06 0
0.6275 -6189.6 0 -2937.42 0 -9.39086e+06 0
0.628 -6194.54 0 -2939.76 0 -9.39834e+06 0
0.6285 -6199.47 0 -2942.1 0 -9.40583e+06 0
0.629 -6204.4 0 -2944.44 0 -9.41331e+06 0
0.6295 -6209.33 0 -2946.78 0 -9.42079e+06 0
0.63 -6214.26 0 -2949.13 0 -9.42827e+06 0
0.6305 -6219.2 0 -2951.47 0 -9.43576e+06 0
0.631 -6224.13 0 -2953.81 0 -9.44324e+06 0
0.6315 -6229.06 0 -2956.15 0 -9.45072e+06 0
0.632 -6233.99 0 -2958.49 0 -9.4582e+06 0
0.6325 -6238.92 0 -2960.83 0 -9.46569e+06 0
0.633 -6243.86 0 -2963.17 0 -9.47317e+06 0
0.6335 -6248.79 0 -2965.51 0 -9.48065e+06 0
0.634 -6253.72 0 -2967.85 0 -9.48814e+06 0
0.6345 -6258.65 0 -2970.19 0 -9.49562e+06 0
0.635 -6263.58 0 -2972.53 0 -9.5031e+06 0
0.6355 -6268.52 0 -2974.87 0 -9.51058e+06 0
0.636 -6273.45 0 -2977.21 0 -9.51807e+06 0
0.6365 -6278.38 0 -2979.55 0 -9.52555e+06 0
0.637 -6283.31 0 -2981.89 0 -9.53303e+06 0
0.6375 -6288.24 0 -2984.23 0 -9.54052e+06 0
0.638 -6293.18 0 -2986.57 0 -9.548e+06 0
0.6385 -6298.11 0 -2988.91 0 -9.55548e+06 0
0.639 -6303.04 0 -2991.26 0 -9.56296e+06 0
0.6395 -6307.97 0 -2993.6 0 -9.57045e+06 0
0.64 -6312.9 0 -2995.94 0 -9.57793e+06 0
0.6405 -6317.84 0 -2998.28 0 -9.58541e+06 0
0.641 -6322.77 0 -3000.62 0 -9.59289e+06 0
0.6415 -6327.7 0 -3002.96 0 -9.60038e+06 0
0.642 -6332.63 0 -3005.3 0 -9.60786e+06 0
0.6425 -6337.56 0 -3007.64 0 -9.61534e+06 0
0.643 -6342.5 0 -3009.98 0 -9.62283e+06 0
0.6435 -6347.43 0 -3012.32 0 -9.63031e+06 0
0.644 -6352.36 0 -3014.66 0 -9.63779e+06 0
0.6445 -6357.29 0 -3017 0 -9.64527e+06 0
0.645 -6362.22 0 -3019.34 0 -9.65276e+06 0
0.6455 -6367.16 0 -3021.68 0 -9.66024e+06 0
0.646 -6372.09 0 -3024.02 0 -9.66772e+06 0
0.6465 -6377.02 0 -3026.36 0 -9.6752e+06 0
0.647 -6381.95 0 -3028.7 0 -9.68269e+06 0
0.6475 -6386.88 0 -3031.05 0 -9.69017e+06 0
0.648 -6391.82 0 -3033.39 0 -9.69765e+06 0
0.6485 -6396.75 0 -3035.73 0 -9.70514e+06 0
0.649 -6401.68 0 -3038.07 0 -9.71262e+06 0
0.6495 -6406.61 0 -3040.41 0 -9.7201e+06 0
0.65 -6411.54 0 -3042.75 0 -9.72758e+06 0
0.6505 -6416.47 0 -3045.09 0 -9.73507e+06 0
0.651 -6421.41 0 -3047.43 0 -9.74255e+06 0
0.6515 -6426.34 0 -3049.77 0 -9.75003e+06 0
0.652 -6431.27 0 -3052.11 0 -9.75752e+06 0
0.6525 -6436.2 0 -3054.45 0 -9.765e+06 0
0.653 -6441.13 0 -3056.79 0 -9.77248e+06 0
0.6535 -6446.07 0 -3059.13 0 -9.77996e+06 0
0.654 -6451 0 -3061.47 0 -9.78745e+06 0
0.6545 -6455.93 0 -3063.81 0 -9.79493e+06 0
0.655 -6460.86 0 -3066.15 0 -9.80241e+06 0
0.6555 -6465.79 0 -3068.49 0 -9.80989e+06 0
0.656 -6470.73 0 -3070.83 0 -9.81738e+06 0
0.6565 -6475.66 0 -3073.18 0 -9.82486e+06 0
0.657 -6480.59 0 -3075.52 0 -9.83234e+06 0
0.6575 -6485.52 0 -3077.86 0 -9.83983e+06 0
0.658 -6490.45 0 -3080.2 0 -9.84731e+06 0
0.6585 -6495.39 0 -3082.54 0 -9.85479e+06 0
0.659 -6500.32 0 -3084.88 0 -9.86227e+06 0
0.6595 -6505.25 0 -3087.22 0 -9.86976e+06 0
0.66 -6510.18 0 -3089.56 0 -9.87724e+06 0
0.6605 -6515.11 0 -3091.9 0 -9.88472e+06 0
0.661 -6520.05 0 -3094.24 0 -9.8922e+06 0
0.6615 -6524.98 0 -3096.58 0 -9.89969e+06 0
0.662 -6529.91 0 -3098.92 0 -9.90717e+06 0
0.6625 -6534.84 0 -3101.26 0 -9.91465e+06 0
0.663 -6539.77 0 -3103.6 0 -9.92214e+06 0
0.6635 -6544.71 0 -3105.94 0 -9.92962e+06 0
0.664 -6549.64 0 -3108.28 0 -9.9371e+06 0
0.6645 -6554.57 0 -3110.62 0 -9.94458e+06 0
0.665 -6559.5 0 -3112.97 0 -9.95207e+06 0
0.6655 -6564.43 0 -3115.31 0 -9.95955e+06 0
0.666 -6569.37 0 -3117.65 0 -9.96703e+06 0
0.6665 -6574.3 0 -3119.99 0 -9.97452e+06 0
0.667 -6579.23 0 -3122.33 0 -9.982e+06 0
0.6675 -6584.16 0 -3124.67 0 -9.98948e+06 0
0.668 -6589.09 0 -3127.01 0 -9.99696e+06 0
0.6685 -6594.03 0 -3129.35 0 -1.00044e+07 0
0.669 -6598.96 0 -3131.69 0 -1.00119e+07 0
0.6695 -6603.89 0 -3134.03 0 -1.00194e+07 0
0.67 -6608.82 0 -3136.37 0 -1.00269e+07 0
0.6705 -6613.75 0 -3138.71 0 -1.00344e+07 0
0.671 -6618.69 0 -3141.05 0 -1.00419e+07 0
0.6715 -6623.62 0 -3143.39 0 -1.00493e+07 0
0.672 -6628.55 0 -3145.73 0 -1.00568e+07 0
0.6725 -6633.48 0 -3148.07 0 -1.00643e+07 0
0.673 -6638.41 0 -3150.41 0 -1.00718e+07 0
0.6735 -6643.34 0 -3152.76 0 -1.00793e+07 0
0.674 -6648.28 0 -3155.1 0 -1.00868e+07 0
0.6745 -6653.21 0 -3157.44 0 -1.00942e+07 0
0.675 -6658.14 0 -3159.78 0 -1.01017e+07 0
0.6755 -6663.07 0 -3162.12 0 -1.01092e+07 0
0.676 -6668 0 -3164.46 0 -1.01167e+07 0
0.6765 -6672.94 0 -3166.8 0 -1.01242e+07 0
0.677 -6677.87 0 -3169.14 0 -1.01317e+07 0
0.6775 -6682.8 0 -3171.48 0 -1.01391e+07 0
0.678 -6687.73 0 -3173.82 0 -1.01466e+07 0
0.6785 -6692.66 0 -3176.16 0 -1.01541e+07 0
0.679 -6697.6 0 -3178.5 0 -1.01616e+07 0
0.6795 -6702.53 0 -3180.84 0 -1.01691e+07 0
0.68 -6707.46 0 -3183.18 0 -1.01765e+07 0
0.6805 -6712.39 0 -3185.52 0 -1.0184e+07 0
0.681 -6717.32 0 -3187.86 0 -1.01915e+07 0
0.6815 -6722.26 0 -3190.2 0 -1.0199e+07 0
0.682 -6727.19 0 -3192.54 0 -1.02065e+07 0
0.6825 -6732.12 0 -3194.89 0 -1.0214e+07 0
0.683 -6737.05 0 -3197.23 0 -1.02214e+07 0
0.6835 -6741.98 0 -3199.57 0 -1.02289e+07 0
0.684 -6746.92 0 -3201.91 0 -1.02364e+07 0
0.6845 -6751.85 0 -3204.25 0 -1.02439e+07 0
0.685 -6756.78 0 -3206.59 0 -1.02514e+07 0
0.6855 -6761.71 0 -3208.93 0 -1.02589e+07 0
0.686 -6766.64 0 -3211.27 0 -1.02663e+07 0
0.6865 -6771.58 0 -3213.61 0 -1.02738e+07 0
0.687 -6776.51 0 -3215.95 0 -1.02813e+07 0
0.6875 -6781.44 0 -3218.29 0 -1.02888e+07 0
0.688 -6786.37 0 -3220.63 0 -1.02963e+07 0
0.6885 -6791.3 0 -3222.97 0 -1.03038e+07 0
0.689 -6796.24 0 -3225.31 0 -1.03112e+07 0
0.6895 -6801.17 0 -3227.65 0 -1.03187e+07 0
0.69 -6806.1 0 -3229.99 0 -1.03262e+07 0
0.6905 -6811.03 0 -3232.33 0 -1.03337e+07 0
0.691 -6815.96 0 -3234.68 0 -1.03412e+07 0
0.6915 -6820.9 0 -3237.02 0 -1.03487e+07 0
0.692 -6825.83 0 -3239.36 0 -1.03561e+07 0
0.6925 -6830.76 0 -3241.7 0 -1.03636e+07 0
0.693 -6835.69 0 -3244.04 0 -1.03711e+07 0
0.6935 -6840.62 0 -3246.38 0 -1.03786e+07 0
0.694 -6845.56 0 -3248.72 0 -1.03861e+07 0
0.6945 -6850.49 0 -3251.06 0 -1.03935e+07 0
0.695 -6855.42 0 -3253.4 0 -1.0401e+07 0
0.6955 -6860.35 0 -3255.74 0 -1.04085e+07 0
0.696 -6865.28 0 -3258.08 0 -1.0416e+07 0
0.6965 -6870.21 0 -3260.42 0 -1.04235e+07 0
0.697 -6875.15 0 -3262.76 0 -1.0431e+07 0
0.6975 -6880.08 0 -3265.1 0 -1.04384e+07 0
0.698 -6885.01 0 -3267.44 0 -1.04459e+07 0
0.6985 -6889.94 0 -3269.78 0 -1.04534e+07 0
0.699 -6894.87 0 -3272.12 0 -1.04609e+07 0
0.6995 -6899.81 0 -3274.47 0 -1.04684e+07 0
0.7 -6904.74 0 -3276.81 0 -1.04759e+07 0
0.7005 -6909.67 0 -3279.15 0 -1.04833e+07 0
0.701 -6914.6 0 -3281.49 0 -1.04908e+07 0
0.7015 -6919.53 0 -3283.83 0 -1.04983e+07 0
0.702 -6924.47 0 -3286.17 0 -1.05058e+07 0
0.7025 -6929.4 0 -3288.51 0 -1.05133e+07 0
0.703 -6934.33 0 -3290.85 0 -1.05208e+07 0
0.7035 -6939.26 0 -3293.19 0 -1.05282e+07 0
0.704 -6944.19 0 -3295.53 0 -1.05357e+07 0
0.7045 -6949.13 0 -3297.87 0 -1.05432e+07 0
0.705 -6954.06 0 -3300.21 0 -1.05507e+07 0
0.7055 -6958.99 0 -3302.55 0 -1.05582e+07 0
0.706 -6963.92 0 -3304.89 0 -1.05657e+07 0
0.7065 -6968.85 0 -3307.23 0 -1.05731e+07 0
0.707 -6973.79 0 -3309.57 0 -1.05806e+07 0
0.7075 -6978.72 0 -3311.91 0 -1.05881e+07 0
0.708 -6983.65 0 -3314.25 0 -1.05956e+07 0
0.7085 -6988.58 0 -3316.6 0 -1.06031e+07 0
0.709 -6993.51 0 -3318.94 0 -1.06105e+07 0
0.7095 -6998.45 0 -3321.28 0 -1.0618e+07 0
0.71 -7003.38 0 -3323.62 0 -1.06255e+07 0
0.7105 -7008.31 0 -3325.96 0 -1.0633e+07 0
0.711 -7013.24 0 -3328.3 0 -1.06405e+07 0
0.7115 -7018.17 0 -3330.64 0 -1.0648e+07 0
0.712 -7023.11 0 -3332.98 0 -1.06554e+07 0
0.7125 -7028.04 0 -3335.32 0 -1.06629e+07 0
0.713 -7032.97 0 -3337.66 0 -1.06704e+07 0
0.7135 -7037.9 0 -3340 0 -1.06779e+07 0
0.714 -7042.83 0 -3342.34 0 -1.06854e+07 0
0.7145 -7047.77 0 -3344.68 0 -1.06929e+07 0
0.715 -7052.7 0 -3347.02 0 -1.07003e+07 0
0.7155 -7057.63 0 -3349.36 0 -1.07078e+07 0
0.716 -7062.56 0 -3351.7 0 -1.07153e+07 0
0.7165 -7067.49 0 -3354.04 0 -1.07228e+07 0
0.717 -7072.42 0 -3356.39 0 -1.07303e+07 0
0.7175 -7077.36 0 -3358.73 0 -1.07378e+07 0
0.718 -7082.29 0 -3361.07 0 -1.07452e+07 0
0.7185 -7087.22 0 -3363.41 0 -1.07527e+07 0
0.719 -7092.15 0 -3365.75 0 -1.07602e+07 0
0.7195 -7097.08 0 -3368.09 0 -1.07677e+07 0
0.72 -7102.02 0 -3370.43 0 -1.07752e+07 0
0.7205 -7106.95 0 -3372.77 0 -1.07827e+07 0
0.721 -7111.88 0 -3375.11 0 -1.07901e+07 0
0.7215 -7116.81 0 -3377.45 0 -1.07976e+07 0
0.722 -7121.74 0 -3379.79 0 -1.08051e+07 0
0.7225 -7126.68 0 -3382.13 0 -1.08126e+07 0
0.723 -7131.61 0 -3384.47 0 -1.08201e+07 0
0.7235 -7136.54 0 -3386.81 0 -1.08275e+07 0
0.724 -7141.47 0 -3389.15 0 -1.0835e+07 0
0.7245 -7146.4 0 -3391.49 0 -1.08425e+07 0
0.725 -7151.34 0 -3393.83 0 -1.085e+07 0
0.7255 -7156.27 0 -3396.17 0 -1.08575e+07 0
0.726 -7161.2 0 -3398.52 0 -1.0865e+07 0
0.7265 -7166.13 0 -3400.86 0 -1.08724e+07 0
0.727 -7171.06 0 -3403.2 0 -1.08799e+07 0
0.7275 -7176 0 -3405.54 0 -1.08874e+07 0
0.728 -7180.93 0 -3407.88 0 -1.08949e+07 0
0.7285 -7185.86 0 -3410.22 0 -1.09024e+07 0
0.729 -7190.79 0 -3412.56 0 -1.09099e+07 0
0.7295 -7195.72 0 -3414.9 0 -1.09173e+07 0
0.73 -7200.66 0 -3417.24 0 -1.09248e+07 0
0.7305 -7205.59 0 -3419.58 0 -1.09323e+07 0
0.731 -7210.52 0 -3421.92 0 -1.09398e+07 0
0.7315 -7215.45 0 -3424.26 0 -1.09473e+07 0
0.732 -7220.38 0 -3426.6 0 -1.09548e+07 0
0.7325 -7225.32 0 -3428.94 0 -1.09622e+07 0
0.733 -7230.25 0 -3431.28 0 -1.09697e+07 0
0.7335 -7235.18 0 -3433.62 0 -1.09772e+07 0
0.734 -7240.11 0 -3435.96 0 -1.09847e+07 0
0.7345 -7245.04 0 -3438.31 0 -1.09922e+07 0
0.735 -7249.98 0 -3440.65 0 -1.09997e+07 0
0.7355 -7254.91 0 -3442.99 0 -1.10071e+07 0
0.736 -7259.84 0 -3445.33 0 -1.10146e+07 0
0.7365 -7264.77 0 -3447.67 0 -1.10221e+07 0
0.737 -7269.7 0 -3450.01 0 -1.10296e+07 0
0.7375 -7274.64 0 -3452.35 0 -1.10371e+07 0
0.738 -7279.57 0 -3454.69 0 -1.10445e+07 0
0.7385 -7284.5 0 -3457.03 0 -1.1052e+07 0
0.739 -7289.43 0 -3459.37 0 -1.10595e+07 0
0.7395 -7294.36 0 -3461.71 0 -1.1067e+07 0
0.74 -7299.29 0 -3464.05 0 -1.10745e+07 0
0.7405 -7304.23 0 -3466.39 0 -1.1082e+07 0
0.741 -7309.16 0 -3468.73 0 -1.10894e+07 0
0.7415 -7314.09 0 -3471.07 0 -1.10969e+07 0
0.742 -7319.02 0 -3473.41 0 -1.11044e+07 0
0.7425 -7323.95 0 -3475.75 0 -1.11119e+07 0
0.743 -7328.89 0 -3478.1 0 -1.11194e+07 0
0.7435 -7333.82 0 -3480.44 0 -1.11269e+07 0
0.744 -7338.75 0 -3482.78 0 -1.11343e+07 0
0.7445 -7343.68 0 -3485.12 0 -1.11418e+07 0
0.745 -7348.61 0 -3487.46 0 -1.11493e+07 0
0.7455 -7353.55 0 -3489.8 0 -1.11568e+07 0
0.746 -7358.48 0 -3492.14 0 -1.11643e+07 0
0.7465 -7363.41 0 -3494.48 0 -1.11718e+07 0
0.747 -7368.34 0 -3496.82 0 -1.11792e+07 0
0.7475 -7373.27 0 -3499.16 0 -1.11867e+07 0
0.748 -7378.21 0 -3501.5 0 -1.11942e+07 0
0.7485 -7383.14 0 -3503.84 0 -1.12017e+07 0
0.749 -7388.07 0 -3506.18 0 -1.12092e+07 0
0.7495 -7393 0 -3508.52 0 -1.12167e+07 0
0.75 -7397.93 0 -3510.86 0 -1.12241e+07 0
0.7505 -7402.87 0 -3513.2 0 -1.12316e+07 0
0.751 -7407.8 0 -3515.54 0 -1.12391e+07 0
0.7515 -7412.73 0 -3517.88 0 -1.12466e+07 0
0.752 -7417.66 0 -3520.23 0 -1.12541e+07 0
0.7525 -7422.59 0 -3522.57 0 -1.12615e+07 0
0.753 -7427.53 0 -3524.91 0 -1.1269e+07 0
0.7535 -7432.46 0 -3527.25 0 -1.12765e+07 0
0.754 -7437.39 0 -3529.59 0 -1.1284e+07 0
0.7545 -7442.32 0 -3531.93 0 -1.12915e+07 0
0.755 -7447.25 0 -3534.27 0 -1.1299e+07 0
0.7555 -7452.19 0 -3536.61 0 -1.13064e+07 0
0.756 -7457.12 0 -3538.95 0 -1.13139e+07 0
0.7565 -7462.05 0 -3541.29 0 -1.13214e+07 0
0.757 -7466.98 0 -3543.63 0 -1.13289e+07 0
0.7575 -7471.91 0 -3545.97 0 -1.13364e+07 0
0.758 -7476.85 0 -3548.31 0 -1.13439e+07 0
0.7585 -7481.78 0 -3550.65 0 -1.13513e+07 0
0.759 -7486.71 0 -3552.99 0 -1.13588e+07 0
0.7595 -7491.64 0 -3555.33 0 -1.13663e+07 0
0.76 -7496.57 0 -3557.67 0 -1.13738e+07 0
0.7605 -7501.51 0 -3560.02 0 -1.13813e+07 0
0.761 -7506.44 0 -3562.36 0 -1.13888e+07 0
0.7615 -7511.37 0 -3564.7 0 -1.13962e+07 0
0.762 -7516.3 0 -3567.04 0 -1.14037e+07 0
0.7625 -7521.23 0 -3569.38 0 -1.14112e+07 0
0.763 -7526.16 0 -3571.72 0 -1.14187e+07 0
0.7635 -7531.1 0 -3574.06 0 -1.14262e+07 0
0.764 -7536.03 0 -3576.4 0 -1.14337e+07 0
0.7645 -7540.96 0 -3578.74 0 -1.14411e+07 0
0.765 -7545.89 0 -3581.08 0 -1.14486e+07 0
0.7655 -7550.82 0 -3583.42 0 -1.14561e+07 0
0.766 -7555.76 0 -3585.76 0 -1.14636e+07 0
0.7665 -7560.69 0 -3588.1 0 -1.14711e+07 0
0.767 -7565.62 0 -3590.44 0 -1.14785e+07 0
0.7675 -7570.55 0 -3592.78 0 -1.1486e+07 0
0.768 -7575.48 0 -3595.12 0 -1.14935e+07 0
0.7685 -7580.42 0 -3597.46 0 -1.1501e+07 0
0.769 -7585.35 0 -3599.8 0 -1.15085e+07 0
0.7695 -7590.28 0 -3602.15 0 -1.1516e+07 0
0.77 -7595.21 0 -3604.49 0 -1.15234e+07 0
0.7705 -7600.14 0 -3606.83 0 -1.15309e+07 0
0.771 -7605.08 0 -3609.17 0 -1.15384e+07 0
0.7715 -7610.01 0 -3611.51 0 -1.15459e+07 0
0.772 -7614.94 0 -3613.85 0 -1.15534e+07 0
0.7725 -7619.87 0 -3616.19 0 -1.15609e+07 0
0.773 -7624.8 0 -3618.53 0 -1.15683e+07 0
0.7735 -7629.74 0 -3620.87 0 -1.15758e+07 0
0.774 -7634.67 0 -3623.21 0 -1.15833e+07 0
0.7745 -7639.6 0 -3625.55 0 -1.15908e+07 0
0.775 -7644.53 0 -3627.89 0 -1.15983e+07 0
0.7755 -7649.46 0 -3630.23 0 -1.16058e+07 0
0.776 -7654.4 0 -3632.57 0 -1.16132e+07 0
0.7765 -7659.33 0 -3634.91 0 -1.16207e+07 0
0.777 -7664.26 0 -3637.25 0 -1.16282e+07 0
0.7775 -7669.19 0 -3639.59 0 -1.16357e+07 0
0.778 -7674.12 0 -3641.94 0 -1.16432e+07 0
0.7785 -7679.06 0 -3644.28 0 -1.16507e+07 0
0.779 -7683.99 0 -3646.62 0 -1.16581e+07 0
0.7795 -7688.92 0 -3648.96 0 -1.16656e+07 0
0.78 -7693.85 0 -3651.3 0 -1.16731e+07 0
0.7805 -7698.78 0 -3653.64 0 -1.16806e+07 0
0.781 -7703.72 0 -3655.98 0 -1.16881e+07 0
0.7815 -7708.65 0 -3658.32 0 -1.16955e+07 0
0.782 -7713.58 0 -3660.66 0 -1.1703e+07 0
0.7825 -7718.51 0 -3663 0 -1.17105e+07 0
0.783 -7723.44 0 -3665.34 0 -1.1718e+07 0
0.7835 -7728.38 0 -3667.68 0 -1.17255e+07 0
0.784 -7733.31 0 -3670.02 0 -1.1733e+07 0
0.7845 -7738.24 0 -3672.36 0 -1.17404e+07 0
0.785 -7743.17 0 -3674.7 0 -1.17479e+07 0
0.7855 -7748.1 0 -3677.04 0 -1.17554e+07 0
0.786 -7753.03 0 -3679.38 0 -1.17629e+07 0
0.7865 -7757.97 0 -3681.73 0 -1.17704e+07 0
0.787 -7762.9 0 -3684.07 0 -1.17779e+07 0
0.7875 -7767.83 0 -3686.41 0 -1.17853e+07 0
0.788 -7772.76 0 -3688.75 0 -1.17928e+07 0
0.7885 -7777.69 0 -3691.09 0 -1.18003e+07 0
0.789 -7782.63 0 -3693.43 0 -1.18078e+07 0
0.7895 -7787.56 0 -3695.77 0 -1.18153e+07 0
0.79 -7792.49 0 -3698.11 0 -1.18228e+07 0
0.7905 -7797.42 0 -3700.45 0 -1.18302e+07 0
0.791 -7802.35 0 -3702.79 0 -1.18377e+07 0
0.7915 -7807.29 0 -3705.13 0 -1.18452e+07 0
0.792 -7812.22 0 -3707.47 0 -1.18527e+07 0
0.7925 -7817.15 0 -3709.81 0 -1.18602e+07 0
0.793 -7822.08 0 -3712.15 0 -1.18677e+07 0
0.7935 -7827.01 0 -3714.49 0 -1.18751e+07 0
0.794 -7831.95 0 -3716.83 0 -1.18826e+07 0
0.7945 -7836.88 0 -3719.17 0 -1.18901e+07 0
0.795 -7841.81 0 -3721.51 0 -1.18976e+07 0
0.7955 -7846.74 0 -3723.86 0 -1.19051e+07 0
0.796 -7851.67 0 -3726.2 0 -1.19125e+07 0
0.7965 -7856.61 0 -3728.54 0 -1.192e+07 0
0.797 -7861.54 0 -3730.88 0 -1.19275e+07 0
0.7975 -7866.47 0 -3733.22 0 -1.1935e+07 0
0.798 -7871.4 0 -3735.56 0 -1.19425e+07 0
0.7985 -7876.33 0 -3737.9 0 -1.195e+07 0
0.799 -7881.27 0 -3740.24 0 -1.19574e+07 0
0.7995 -7886.2 0 -3742.58 0 -1.19649e+07 0
0.8 -7891.13 0 -3744.92 0 -1.19724e+07 0
0.8005 -7896.06 0 -3747.26 0 -1.19799e+07 0
0.801 -7900.99 0 -3749.6 0 -1.19874e+07 0
0.8015 -7905.93 0 -3751.94 0 -1.19949e+07 0
0.802 -7910.86 0 -3754.28 0 -1.20023e+07 0
0.8025 -7915.79 0 -3756.62 0 -1.20098e+07 0
0.803 -7920.72 0 -3758.96 0 -1.20173e+07 0
0.8035 -7925.65 0 -3761.3 0 -1.20248e+07 0
0.804 -7930.59 0 -3763.65 0 -1.20323e+07 0
0.8045 -7935.52 0 -3765.99 0 -1.20398e+07 0
0.805 -7940.45 0 -3768.33 0 -1.20472e+07 0
0.8055 -7945.38 0 -3770.67 0 -1.20547e+07 0
0.806 -7950.31 0 -3773.01 0 -1.20622e+07 0
0.8065 -7955.25 0 -3775.35 0 -1.20697e+07 0
0.807 -7960.18 0 -3777.69 0 -1.20772e+07 0
0.8075 -7965.11 0 -3780.03 0 -1.20847e+07 0
0.808 -7970.04 0 -3782.37 0 -1.20921e+07 0
0.8085 -7974.97 0 -3784.71 0 -1.20996e+07 0
0.809 -7979.9 0 -3787.05 0 -1.21071e+07 0
0.8095 -7984.84 0 -3789.39 0 -1.21146e+07 0
0.81 -7989.77 0 -3791.73 0 -1.21221e+07 0
0.8105 -7994.7 0 -3794.07 0 -1.21295e+07 0
0.811 -7999.63 0 -3796.41 0 -1.2137e+07 0
0.8115 -8004.56 0 -3798.75 0 -1.21445e+07 0
0.812 -8009.5 0 -3801.09 0 -1.2152e+07 0
0.8125 -8014.43 0 -3803.44 0 -1.21595e+07 0
0.813 -8019.36 0 -3805.78 0 -1.2167e+07 0
0.8135 -8024.29 0 -3808.12 0 -1.21744e+07 0
0.814 -8029.22 0 -3810.46 0 -1.21819e+07 0
0.8145 -8034.16 0 -3812.8 0 -1.21894e+07 0
0.815 -8039.09 0 -3815.14 0 -1.21969e+07 0
0.8155 -8044.02 0 -3817.48 0 -1.22044e+07 0
0.816 -8048.95 0 -3819.82 0 -1.22119e+07 0
0.8165 -8053.88 0 -3822.16 0 -1.22193e+07 0
0.817 -8058.82 0 -3824.5 0 -1.22268e+07 0
0.8175 -8063.75 0 -3826.84 0 -1.22343e+07 0
0.818 -8068.68 0 -3829.18 0 -1.22418e+07 0
0.8185 -8073.61 0 -3831.52 0 -1.22493e+07 0
0.819 -8078.54 0 -3833.86 0 -1.22568e+07 0
0.8195 -8083.48 0 -3836.2 0 -1.22642e+07 0
0.82 -8088.41 0 -3838.54 0 -1.22717e+07 0
0.8205 -8093.34 0 -3840.88 0 -1.22792e+07 0
0.821 -8098.27 0 -3843.22 0 -1.22867e+07 0
0.8215 -8103.2 0 -3845.57 0 -1.22942e+07 0
0.822 -8108.14 0 -3847.91 0 -1.23017e+07 0
0.8225 -8113.07 0 -3850.25 0 -1.23091e+07 0
0.823 -8118 0 -3852.59 0 -1.23166e+07 0
0.8235 -8122.93 0 -3854.93 0 -1.23241e+07 0
0.824 -8127.86 0 -3857.27 0 -1.23316e+07 0
0.8245 -8132.8 0 -3859.61 0 -1.23391e+07 0
0.825 -8137.73 0 -3861.95 0 -1.23465e+07 0
0.8255 -8142.66 0 -3864.29 0 -1.2354e+07 0
0.826 -8147.59 0 -3866.63 0 -1.23615e+07 0
0.8265 -8152.52 0 -3868.97 0 -1.2369e+07 0
0.827 -8157.46 0 -3871.31 0 -1.23765e+07 0
0.8275 -8162.39 0 -3873.65 0 -1.2384e+07 0
0.828 -8167.32 0 -3875.99 0 -1.23914e+07 0
0.8285 -8172.25 0 -3878.33 0 -1.23989e+07 0
0.829 -8177.18 0 -3880.67 0 -1.24064e+07 0
0.8295 -8182.12 0 -3883.01 0 -1.24139e+07 0
0.83 -8187.05 0 -3885.36 0 -1.24214e+07 0
0.8305 -8191.98 0 -3887.7 0 -1.24289e+07 0
0.831 -8196.91 0 -3890.04 0 -1.24363e+07 0
0.8315 -8201.84 0 -3892.38 0 -1.24438e+07 0
0.832 -8206.77 0 -3894.72 0 -1.24513e+07 0
0.8325 -8211.71 0 -3897.06 0 -1.24588e+07 0
0.833 -8216.64 0 -3899.4 0 -1.24663e+07 0
0.8335 -8221.57 0 -3901.74 0 -1.24738e+07 0
0.834 -8226.5 0 -3904.08 0 -1.24812e+07 0
0.8345 -8231.43 0 -3906.42 0 -1.24887e+07 0
0.835 -8236.37 0 -3908.76 0 -1.24962e+07 0
0.8355 -8241.3 0 -3911.1 0 -1.25037e+07 0
0.836 -8246.23 0 -3913.44 0 -1.25112e+07 0
0.8365 -8251.16 0 -3915.78 0 -1.25187e+07 0
0.837 -8256.09 0 -3918.12 0 -1.25261e+07 0
0.8375 -8261.03 0 -3920.46 0 -1.25336e+07 0
0.838 -8265.96 0 -3922.8 0 -1.25411e+07 0
0.8385 -8270.89 0 -3925.14 0 -1.25486e+07 0
0.839 -8275.82 0 -3927.49 0 -1.25561e+07 0
0.8395 -8280.75 0 -3929.83 0 -1.25635e+07 0
0.84 -8285.69 0 -3932.17 0 -1.2571e+07 0
0.8405 -8290.62 0 -3934.51 0 -1.25785e+07 0
0.841 -8295.55 0 -3936.85 0 -1.2586e+07 0
0.8415 -8300.48 0 -3939.19 0 -1.25935e+07 0
0.842 -8305.41 0 -3941.53 0 -1.2601e+07 0
0.8425 -8310.35 0 -3943.87 0 -1.26084e+07 0
0.843 -8315.28 0 -3946.21 0 -1.26159e+07 0
0.8435 -8320.21 0 -3948.55 0 -1.26234e+07 0
0.844 -8325.14 0 -3950.89 0 -1.26309e+07 0
0.8445 -8330.07 0 -3953.23 0 -1.26384e+07 0
0.845 -8335.01 0 -3955.57 0 -1.26459e+07 0
0.8455 -8339.94 0 -3957.91 0 -1.26533e+07 0
0.846 -8344.87 0 -3960.25 0 -1.26608e+07 0
0.8465 -8349.8 0 -3962.59 0 -1.26683e+07 0
0.847 -8354.73 0 -3964.93 0 -1.26758e+07 0
0.8475 -8359.67 0 -3967.28 0 -1.26833e+07 0
0.848 -8364.6 0 -3969.62 0 -1.26908e+07 0
0.8485 -8369.53 0 -3971.96 0 -1.26982e+07 0
0.849 -8374.46 0 -3974.3 0 -1.27057e+07 0
0.8495 -8379.39 0 -3976.64 0 -1.27132e+07 0
0.85 -8384.33 0 -3978.98 0 -1.27207e+07 0
0.8505 -8389.26 0 -3981.32 0 -1.27282e+07 0
0.851 -8394.19 0 -3983.66 0 -1.27357e+07 0
0.8515 -8399.12 0 -3986 0 -1.27431e+07 0
0.852 -8404.05 0 -3988.34 0 -1.27506e+07 0
0.8525 -8408.99 0 -3990.68 0 -1.27581e+07 0
0.853 -8413.92 0 -3993.02 0 -1.27656e+07 0
0.8535 -8418.85 0 -3995.36 0 -1.27731e+07 0
0.854 -8423.78 0 -3997.7 0 -1.27805e+07 0
0.8545 -8428.71 0 -4000.04 0 -1.2788e+07 0
0.855 -8433.64 0 -4002.38 0 -1.27955e+07 0
0.8555 -8438.58 0 -4004.72 0 -1.2803e+07 0
0.856 -8443.51 0 -4007.07 0 -1.28105e+07 0
0.8565 -8448.44 0 -4009.41 0 -1.2818e+07 0
0.857 -8453.37 0 -4011.75 0 -1.28254e+07 0
0.8575 -8458.3 0 -4014.09 0 -1.28329e+07 0
0.858 -8463.24 0 -4016.43 0 -1.28404e+07 0
0.8585 -8468.17 0 -4018.77 0 -1.28479e+07 0
0.859 -8473.1 0 -4021.11 0 -1.28554e+07 0
0.8595 -8478.03 0 -4023.45 0 -1.28629e+07 0
0.86 -8482.96 0 -4025.79 0 -1.28703e+07 0
0.8605 -8487.9 0 -4028.13 0 -1.28778e+07 0
0.861 -8492.83 0 -4030.47 0 -1.28853e+07 0
0.8615 -8497.76 0 -4032.81 0 -1.28928e+07 0
0.862 -8502.69 0 -4035.15 0 -1.29003e+07 0
0.8625 -8507.62 0 -4037.49 0 -1.29078e+07 0
0.863 -8512.56 0 -4039.83 0 -1.29152e+07 0
0.8635 -8517.49 0 -4042.17 0 -1.29227e+07 0
0.864 -8522.42 0 -4044.51 0 -1.29302e+07 0
0.8645 -8527.35 0 -4046.85 0 -1.29377e+07 0
0.865 -8532.28 0 -4049.2 0 -1.29452e+07 0
0.8655 -8537.22 0 -4051.54 0 -1.29527e+07 0
0.866 -8542.15 0 -4053.88 0 -1.29601e+07 0
0.8665 -8547.08 0 -4056.22 0 -1.29676e+07 0
0.867 -8552.01 0 -4058.56 0 -1.29751e+07 0
0.8675 -8556.94 0 -4060.9 0 -1.29826e+07 0
0.868 -8561.88 0 -4063.24 0 -1.29901e+07 0
0.8685 -8566.81 0 -4065.58 0 -1.29975e+07 0
0.869 -8571.74 0 -4067.92 0 -1.3005e+07 0
0.8695 -8576.67 0 -4070.26 0 -1.30125e+07 0
0.87 -8581.6 0 -4072.6 0 -1.302e+07 0
0.8705 -8586.54 0 -4074.94 0 -1.30275e+07 0
0.871 -8591.47 0 -4077.28 0 -1.3035e+07 0
0.8715 -8596.4 0 -4079.62 0 -1.30424e+07 0
0.872 -8601.33 0 -4081.96 0 -1.30499e+07 0
0.8725 -8606.26 0 -4084.3 0 -1.30574e+07 0
0.873 -8611.2 0 -4086.64 0 -1.30649e+07 0
0.8735 -8616.13 0 -4088.99 0 -1.30724e+07 0
0.874 -8621.06 0 -4091.33 0 -1.30799e+07 0
0.8745 -8625.99 0 -4093.67 0 -1.30873e+07 0
0.875 -8630.92 0 -4096.01 0 -1.30948e+07 0
0.8755 -8635.86 0 -4098.35 0 -1.31023e+07 0
0.876 -8640.79 0 -4100.69 0 -1.31098e+07 0
0.8765 -8645.72 0 -4103.03 0 -1.31173e+07 0
0.877 -8650.65 0 -4105.37 0 -1.31248e+07 0
0.8775 -8655.58 0 -4107.71 0 -1.31322e+07 0
0.878 -8660.51 0 -4110.05 0 -1.31397e+07 0
0.8785 -8665.45 0 -4112.39 0 -1.31472e+07 0
0.879 -8670.38 0 -4114.73 0 -1.31547e+07 0
0.8795 -8675.31 0 -4117.07 0 -1.31622e+07 0
0.88 -8680.24 0 -4119.41 0 -1.31697e+07 0
0.8805 -8685.17 0 -4121.75 0 -1.31771e+07 0
0.881 -8690.11 0 -4124.09 0 -1.31846e+07 0
0.8815 -8695.04 0 -4126.43 0 -1.31921e+07 0
0.882 -8699.97 0 -4128.78 0 -1.31996e+07 0
0.8825 -8704.9 0 -4131.12 0 -1.32071e+07 0
0.883 -8709.83 0 -4133.46 0 -1.32145e+07 0
0.8835 -8714.77 0 -4135.8 0 -1.3222e+07 0
0.884 -8719.7 0 -4138.14 0 -1.32295e+07 0
0.8845 -8724.63 0 -4140.48 0 -1.3237e+07 0
0.885 -8729.56 0 -4142.82 0 -1.32445e+07 0
0.8855 -8734.49 0 -4145.16 0 -1.3252e+07 0
0.886 -8739.43 0 -4147.5 0 -1.32594e+07 0
0.8865 -8744.36 0 -4149.84 0 -1.32669e+07 0
0.887 -8749.29 0 -4152.18 0 -1.32744e+07 0
0.8875 -8754.22 0 -4154.52 0 -1.32819e+07 0
0.888 -8759.15 0 -4156.86 0 -1.32894e+07 0
0.8885 -8764.09 0 -4159.2 0 -1.32969e+07 0
0.889 -8769.02 0 -4161.54 0 -1.33043e+07 0
0.8895 -8773.95 0 -4163.88 0 -1.33118e+07 0
0.89 -8778.88 0 -4166.22 0 -1.33193e+07 0
0.8905 -8783.81 0 -4168.56 0 -1.33268e+07 0
0.891 -8788.75 0 -4170.91 0 -1.33343e+07 0
0.8915 -8793.68 0 -4173.25 0 -1.33418e+07 0
0.892 -8798.61 0 -4175.59 0 -1.33492e+07 0
0.8925 -8803.54 0 -4177.93 0 -1.33567e+07 0
0.893 -8808.47 0 -4180.27 0 -1.33642e+07 0
0.8935 -8813.41 0 -4182.61 0 -1.33717e+07 0
0.894 -8818.34 0 -4184.95 0 -1.33792e+07 0
0.8945 -8823.27 0 -4187.29 0 -1.33867e+07 0
0.895 -8828.2 0 -4189.63 0 -1.33941e+07 0
0.8955 -8833.13 0 -4191.97 0 -1.34016e+07 0
0.896 -8838.07 0 -4194.31 0 -1.34091e+07 0
0.8965 -8843 0 -4196.65 0 -1.34166e+07 0
0.897 -8847.93 0 -4198.99 0 -1.34241e+07 0
0.8975 -8852.86 0 -4201.33 0 -1.34315e+07 0
0.898 -8857.79 0 -4203.67 0 -1.3439e+07 0
0.8985 -8862.73 0 -4206.01 0 -1.34465e+07 0
0.899 -8867.66 0 -4208.35 0 -1.3454e+07 0
0.8995 -8872.59 0 -4210.7 0 -1.34615e+07 0
0.9 -8877.52 0 -4213.04 0 -1.3469e+07 0
0.9005 -8882.45 0 -4215.38 0 -1.34764e+07 0
0.901 -8887.38 0 -4217.72 0 -1.34839e+07 0
0.9015 -8892.32 0 -4220.06 0 -1.34914e+07 0
0.902 -8897.25 0 -4222.4 0 -1.34989e+07 0
0.9025 -8902.18 0 -4224.74 0 -1.35064e+07 0
0.903 -8907.11 0 -4227.08 0 -1.35139e+07 0
0.9035 -8912.04 0 -4229.42 0 -1.35213e+07 0
0.904 -8916.98 0 -4231.76 0 -1.35288e+07 0
0.9045 -8921.91 0 -4234.1 0 -1.35363e+07 0
0.905 -8926.84 0 -4236.44 0 -1.35438e+07 0
0.9055 -8931.77 0 -4238.78 0 -1.35513e+07 0
0.906 -8936.7 0 -4241.12 0 -1.35588e+07 0
0.9065 -8941.64 0 -4243.46 0 -1.35662e+07 0
0.907 -8946.57 0 -4245.8 0 -1.35737e+07 0
0.9075 -8951.5 0 -4248.14 0 -1.35812e+07 0
0.908 -8956.43 0 -4250.48 0 -1.35887e+07 0
0.9085 -8961.36 0 -4252.83 0 -1.35962e+07 0
0.909 -8966.3 0 -4255.17 0 -1.36037e+07 0
0.9095 -8971.23 0 -4257.51 0 -1.36111e+07 0
0.91 -8976.16 0 -4259.85 0 -1.36186e+07 0
0.9105 -8981.09 0 -4262.19 0 -1.36261e+07 0
0.911 -8986.02 0 -4264.53 0 -1.36336e+07 0
0.9115 -8990.96 0 -4266.87 0 -1.36411e+07 0
0.912 -8995.89 0 -4269.21 0 -1.36485e+07 0
0.9125 -9000.82 0 -4271.55 0 -1.3656e+07 0
0.913 -9005.75 0 -4273.89 0 -1.36635e+07 0
0.9135 -9010.68 0 -4276.23 0 -1.3671e+07 0
0.914 -9015.62 0 -4278.57 0 -1.36785e+07 0
0.9145 -9020.55 0 -4280.91 0 -1.3686e+07 0
0.915 -9025.48 0 -4283.25 0 -1.36934e+07 0
0.9155 -9030.41 0 -4285.59 0 -1.37009e+07 0
0.916 -9035.34 0 -4287.93 0 -1.37084e+07 0
0.9165 -9040.28 0 -4290.27 0 -1.37159e+07 0
0.917 -9045.21 0 -4292.62 0 -1.37234e+07 0
0.9175 -9050.14 0 -4294.96 0 -1.37309e+07 0
0.918 -9055.07 0 -4297.3 0 -1.37383e+07 0
0.9185 -9060 0 -4299.64 0 -1.37458e+07 0
0.919 -9064.94 0 -4301.98 0 -1.37533e+07 0
0.9195 -9069.87 0 -4304.32 0 -1.37608e+07 0
0.92 -9074.8 0 -4306.66 0 -1.37683e+07 0
0.9205 -9079.73 0 -4309 0 -1.37758e+07 0
0.921 -9084.66 0 -4311.34 0 -1.37832e+07 0
0.9215 -9089.6 0 -4313.68 0 -1.37907e+07 0
0.922 -9094.53 0 -4316.02 0 -1.37982e+07 0
0.9225 -9099.46 0 -4318.36 0 -1.38057e+07 0
0.923 -9104.39 0 -4320.7 0 -1.38132e+07 0
0.9235 -9109.32 0 -4323.04 0 -1.38207e+07 0
0.924 -9114.25 0 -4325.38 0 -1.38281e+07 0
0.9245 -9119.19 0 -4327.72 0 -1.38356e+07 0
0.925 -9124.12 0 -4330.06 0 -1.38431e+07 0
0.9255 -9129.05 0 -4332.41 0 -1.38506e+07 0
0.926 -9133.98 0 -4334.75 0 -1.38581e+07 0
0.9265 -9138.91 0 -4337.09 0 -1.38655e+07 0
0.927 -9143.85 0 -4339.43 0 -1.3873e+07 0
0.9275 -9148.78 0 -4341.77 0 -1.38805e+07 0
0.928 -9153.71 0 -4344.11 0 -1.3888e+07 0
0.9285 -9158.64 0 -4346.45 0 -1.38955e+07 0
0.929 -9163.57 0 -4348.79 0 -1.3903e+07 0
0.9295 -9168.51 0 -4351.13 0 -1.39104e+07 0
0.93 -9173.44 0 -4353.47 0 -1.39179e+07 0
0.9305 -9178.37 0 -4355.81 0 -1.39254e+07 0
0.931 -9183.3 0 -4358.15 0 -1.39329e+07 0
0.9315 -9188.23 0 -4360.49 0 -1.39404e+07 0
0.932 -9193.17 0 -4362.83 0 -1.39479e+07 0
0.9325 -9198.1 0 -4365.17 0 -1.39553e+07 0
0.933 -9203.03 0 -4367.51 0 -1.39628e+07 0
0.9335 -9207.96 0 -4369.85 0 -1.39703e+07 0
0.934 -9212.89 0 -4372.19 0 -1.39778e+07 0
0.9345 -9217.83 0 -4374.54 0 -1.39853e+07 0
0.935 -9222.76 0 -4376.88 0 -1.39928e+07 0
0.9355 -9227.69 0 -4379.22 0 -1.40002e+07 0
0.936 -9232.62 0 -4381.56 0 -1.40077e+07 0
0.9365 -9237.55 0 -4383.9 0 -1.40152e+07 0
0.937 -9242.49 0 -4386.24 0 -1.40227e+07 0
0.9375 -9247.42 0 -4388.58 0 -1.40302e+07 0
0.938 -9252.35 0 -4390.92 0 -1.40377e+07 0
0.9385 -9257.28 0 -4393.26 0 -1.40451e+07 0
0.939 -9262.21 0 -4395.6 0 -1.40526e+07 0
0.9395 -9267.15 0 -4397.94 0 -1.40601e+07 0
0.94 -9272.08 0 -4400.28 0 -1.40676e+07 0
0.9405 -9277.01 0 -4402.62 0 -1.40751e+07 0
0.941 -9281.94 0 -4404.96 0 -1.40825e+07 0
0.9415 -9286.87 0 -4407.3 0 -1.409e+07 0
0.942 -9291.81 0 -4409.64 0 -1.40975e+07 0
0.9425 -9296.74 0 -4411.98 0 -1.4105e+07 0
0.943 -9301.67 0 -4414.33 0 -1.41125e+07 0
0.9435 -9306.6 0 -4416.67 0 -1.412e+07 0
0.944 -9311.53 0 -4419.01 0 -1.41274e+07 0
0.9445 -9316.46 0 -4421.35 0 -1.41349e+07 0
0.945 -9321.4 0 -4423.69 0 -1.41424e+07 0
0.9455 -9326.33 0 -4426.03 0 -1.41499e+07 0
0.946 -9331.26 0 -4428.37 0 -1.41574e+07 0
0.9465 -9336.19 0 -4430.71 0 -1.41649e+07 0
0.947 -9341.12 0 -4433.05 0 -1.41723e+07 0
0.9475 -9346.06 0 -4435.39 0 -1.41798e+07 0
0.948 -9350.99 0 -4437.73 0 -1.41873e+07 0
0.9485 -9355.92 0 -4440.07 0 -1.41948e+07 0
0.949 -9360.85 0 -4442.41 0 -1.42023e+07 0
0.9495 -9365.78 0 -4444.75 0 -1.42098e+07 0
0.95 -9370.72 0 -4447.09 0 -1.42172e+07 0
0.9505 -9375.65 0 -4449.43 0 -1.42247e+07 0
0.951 -9380.58 0 -4451.77 0 -1.42322e+07 0
0.9515 -9385.51 0 -4454.12 0 -1.42397e+07 0
0.952 -9390.44 0 -4456.46 0 -1.42472e+07 0
0.9525 -9395.38 0 -4458.8 0 -1.42547e+07 0
0.953 -9400.31 0 -4461.14 0 -1.42621e+07 0
0.9535 -9405.24 0 -4463.48 0 -1.42696e+07 0
0.954 -9410.17 0 -4465.82 0 -1.42771e+07 0
0.9545 -9415.1 0 -4468.16 0 -1.42846e+07 0
0.955 -9420.04 0 -4470.5 0 -1.42921e+07 0
0.9555 -9424.97 0 -4472.84 0 -1.42995e+07 0
0.956 -9429.9 0 -4475.18 0 -1.4307e+07 0
0.9565 -9434.83 0 -4477.52 0 -1.43145e+07 0
0.957 -9439.76 0 -4479.86 0 -1.4322e+07 0
0.9575 -9444.7 0 -4482.2 0 -1.43295e+07 0
0.958 -9449.63 0 -4484.54 0 -1.4337e+07 0
0.9585 -9454.56 0 -4486.88 0 -1.43444e+07 0
0.959 -9459.49 0 -4489.22 0 -1.43519e+07 0
0.9595 -9464.42 0 -4491.56 0 -1.43594e+07 0
0.96 -9469.36 0 -4493.9 0 -1.43669e+07 0
0.9605 -9474.29 0 -4496.25 0 -1.43744e+07 0
0.961 -9479.22 0 -4498.59 0 -1.43819e+07 0
0.9615 -9484.15 0 -4500.93 0 -1.43893e+07 0
0.962 -9489.08 0 -4503.27 0 -1.43968e+07 0
0.9625 -9494.02 0 -4505.61 0 -1.44043e+07 0
0.963 -9498.95 0 -4507.95 0 -1.44118e+07 0
0.9635 -9503.88 0 -4510.29 0 -1.44193e+07 0
0.964 -9508.81 0 -4512.63 0 -1.44268e+07 0
0.9645 -9513.74 0 -4514.97 0 -1.44342e+07 0
0.965 -9518.68 0 -4517.31 0 -1.44417e+07 0
0.9655 -9523.61 0 -4519.65 0 -1.44492e+07 0
0.966 -9528.54 0 -4521.99 0 -1.44567e+07 0
0.9665 -9533.47 0 -4524.33 0 -1.44642e+07 0
0.967 -9538.4 0 -4526.67 0 -1.44717e+07 0
0.9675 -9543.33 0 -4529.01 0 -1.44791e+07 0
0.968 -9548.27 0 -4531.35 0 -1.44866e+07 0
0.9685 -9553.2 0 -4533.69 0 -1.44941e+07 0
0.969 -9558.13 0 -4536.04 0 -1.45016e+07 0
0.9695 -9563.06 0 -4538.38 0 -1.45091e+07 0
0.97 -9567.99 0 -4540.72 0 -1.45165e+07 0
0.9705 -9572.93 0 -4543.06 0 -1.4524e+07 0
0.971 -9577.86 0 -4545.4 0 -1.45315e+07 0
0.9715 -9582.79 0 -4547.74 0 -1.4539e+07 0
0.972 -9587.72 0 -4550.08 0 -1.45465e+07 0
0.9725 -9592.65 0 -4552.42 0 -1.4554e+07 0
0.973 -9597.59 0 -4554.76 0 -1.45614e+07 0
0.9735 -9602.52 0 -4557.1 0 -1.45689e+07 0
0.974 -9607.45 0 -4559.44 0 -1.45764e+07 0
0.9745 -9612.38 0 -4561.78 0 -1.45839e+07 0
0.975 -9617.31 0 -4564.12 0 -1.45914e+07 0
0.9755 -9622.25 0 -4566.46 0 -1.45989e+07 0
0.976 -9627.18 0 -4568.8 0 -1.46063e+07 0
0.9765 -9632.11 0 -4571.14 0 -1.46138e+07 0
0.977 -9637.04 0 -4573.48 0 -1.46213e+07 0
0.9775 -9641.97 0 -4575.82 0 -1.46288e+07 0
0.978 -9646.91 0 -4578.17 0 -1.46363e+07 0
0.9785 -9651.84 0 -4580.51 0 -1.46438e+07 0
0.979 -9656.77 0 -4582.85 0 -1.46512e+07 0
0.9795 -9661.7 0 -4585.19 0 -1.46587e+07 0
0.98 -9666.63 0 -4587.53 0 -1.46662e+07 0
0.9805 -9671.57 0 -4589.87 0 -1.46737e+07 0
0.981 -9676.5 0 -4592.21 0 -1.46812e+07 0
0.9815 -9681.43 0 -4594.55 0 -1.46887e+07 0
0.982 -9686.36 0 -4596.89 0 -1.46961e+07 0
0.9825 -9691.29 0 -4599.23 0 -1.47036e+07 0
0.983 -9696.23 0 -4601.57 0 -1.47111e+07 0
0.9835 -9701.16 0 -4603.91 0 -1.47186e+07 0
0.984 -9706.09 0 -4606.25 0 -1.47261e+07 0
0.9845 -9711.02 0 -4608.59 0 -1.47335e+07 0
0.985 -9715.95 0 -4610.93 0 -1.4741e+07 0
0.9855 -9720.89 0 -4613.27 0 -1.47485e+07 0
0.986 -9725.82 0 -4615.61 0 -1.4756e+07 0
0.9865 -9730.75 0 -4617.96 0 -1.47635e+07 0
0.987 -9735.68 0 -4620.3 0 -1.4771e+07 0
0.9875 -9740.61 0 -4622.64 0 -1.47784e+07 0
0.988 -9745.55 0 -4624.98 0 -1.47859e+07 0
0.9885 -9750.48 0 -4627.32 0 -1.47934e+07 0
0.989 -9755.41 0 -4629.66 0 -1.48009e+07 0
0.9895 -9760.34 0 -4632 0 -1.48084e+07 0
0.99 -9765.27 0 -4634.34 0 -1.48159e+07 0
0.9905 -9770.2 0 -4636.68 0 -1.48233e+07 0
0.991 -9775.14 0 -4639.02 0 -1.48308e+07 0
0.9915 -9780.07 0 -4641.36 0 -1.48383e+07 0
0.992 -9785 0 -4643.7 0 -1.48458e+07 0
0.9925 -9789.93 0 -4646.04 0 -1.48533e+07 0
0.993 -9794.86 0 -4648.38 0 -1.48608e+07 0
0.9935 -9799.8 0 -4650.72 0 -1.48682e+07 0
0.994 -9804.73 0 -4653.06 0 -1.48757e+07 0
0.9945 -9809.66 0 -4655.4 0 -1.48832e+07 0
0.995 -9814.59 0 -4657.75 0 -1.48907e+07 0
0.9955 -9819.52 0 -4660.09 0 -1.48982e+07 0
0.996 -9824.46 0 -4662.43 0 -1.49057e+07 0
0.9965 -9829.39 0 -4664.77 0 -1.49131e+07 0
0.997 -9834.32 0 -4667.11 0 -1.49206e+07 0
0.9975 -9839.25 0 -4669.45 0 -1.49281e+07 0
0.998 -9844.18 0 -4671.79 0 -1.49356e+07 0
0.9985 -9849.12 0 -4674.13 0 -1.49431e+07 0
0.999 -9854.05 0 -4676.47 0 -1.49505e+07 0
0.9995 -9858.98 0 -4678.81 0 -1.4958e+07 0
1 -9863.91 0 -4681.15 0 -1.49655e+07 0
