0.0005 0.0257671 0 -0.00772103 0 2.18152e-05 0
0.001 0.0515343 0 -0.0154421 0 4.36304e-05 0
0.0015 0.0773014 0 -0.0231631 0 6.54455e-05 0
0.002 0.103069 0 -0.0308841 0 8.72607e-05 0
0.0025 0.128836 0 -0.0386051 0 0.000109076 0
0.003 0.154603 0 -0.0463262 0 0.000130891 0
0.0035 0.18037 0 -0.0540472 0 0.000152706 0
0.004 0.206137 0 -0.0617682 0 0.000174521 0
0.0045 0.231904 0 -0.0694893 0 0.000196337 0
0.005 0.257671 0 -0.0772103 0 0.000218152 0
0.0055 0.283438 0 -0.0849313 0 0.000239967 0
0.006 0.309206 0 -0.0926524 0 0.000261782 0
0.0065 0.334973 0 -0.100373 0 0.000283597 0
0.007 0.36074 0 -0.108094 0 0.000305413 0
0.0075 0.386507 0 -0.115815 0 0.000327228 0
0.008 0.412274 0 -0.123536 0 0.000349043 0
0.0085 0.438041 0 -0.131258 0 0.000370858 0
0.009 0.463808 0 -0.138979 0 0.000392673 0
0.0095 0.489576 0 -0.1467 0 0.000414488 0
0.01 0.515343 0 -0.154421 0 0.000436304 0
0.0105 0.54111 0 -0.162142 0 0.000458119 0
0.011 0.566877 0 -0.169863 0 0.000479934 0
0.0115 0.592644 0 -0.177584 0 0.000501749 0
0.012 0.618411 0 -0.185305 0 0.000523564 0
0.0125 0.644178 0 -0.193026 0 0.00054538 0
0.013 0.669945 0 -0.200747 0 0.000567195 0
0.0135 0.695713 0 -0.208468 0 0.00058901 0
0.014 0.72148 0 -0.216189 0 0.000610825 0
0.0145 0.747247 0 -0.22391 0 0.00063264 0
0.015 0.773014 0 -0.231631 0 0.000654455 0
0.0155 0.798781 0 -0.239352 0 0.000676271 0
0.016 0.824548 0 -0.247073 0 0.000698086 0
0.0165 0.850315 0 -0.254794 0 0.000719901 0
0.017 0.876083 0 -0.262515 0 0.000741716 0
0.0175 0.90185 0 -0.270236 0 0.000763531 0
0.018 0.927617 0 -0.277957 0 0.000785346 0
0.0185 0.953384 0 -0.285678 0 0.000807162 0
0.019 0.979151 0 -0.293399 0 0.000828977 0
0.0195 1.00492 0 -0.30112 0 0.000850792 0
0.02 1.03069 0 -0.308841 0 0.000872607 0
0.0205 1.05645 0 -0.316562 0 0.000894422 0
0.021 1.08222 0 -0.324283 0 0.000916238 0
0.0215 1.10799 0 -0.332004 0 0.000938053 0
0.022 1.13375 0 -0.339725 0 0.000959868 0
0.0225 1.15952 0 -0.347446 0 0.000981683 0
0.023 1.18529 0 -0.355167 0 0.0010035 0
0.0235 1.21106 0 -0.362888 0 0.00102531 0
0.024 1.23682 0 -0.370609 0 0.00104713 0
0.0245 1.26259 0 -0.37833 0 0.00106894 0
0.025 1.28836 0 -0.386051 0 0.00109076 0
0.0255 1.31412 0 -0.393773 0 0.00111257 0
0.026 1.33989 0 -0.401494 0 0.00113439 0
0.0265 1.36566 0 -0.409215 0 0.0011562 0
0.027 1.39143 0 -0.416936 0 0.00117802 0
0.0275 1.41719 0 -0.424657 0 0.00119983 0
0.028 1.44296 0 -0.432378 0 0.00122165 0
0.0285 1.46873 0 -0.440099 0 0.00124347 0
0.029 1.49449 0 -0.44782 0 0.00126528 0
0.0295 1.52026 0 -0.455541 0 0.0012871 0
0.03 1.54603 0 -0.463262 0 0.00130891 0
0.0305 1.5718 0 -0.470983 0 0.00133073 0
0.031 1.59756 0 -0.478704 0 0.00135254 0
0.0315 1.62333 0 -0.486425 0 0.00137436 0
0.032 1.6491 0 -0.494146 0 0.00139617 0
0.0325 1.67486 0 -0.501867 0 0.00141799 0
0.033 1.70063 0 -0.509588 0 0.0014398 0
0.0335 1.7264 0 -0.517309 0 0.00146162 0
0.034 1.75217 0 -0.52503 0 0.00148343 0
0.0345 1.77793 0 -0.532751 0 0.00150525 0
0.035 1.8037 0 -0.540472 0 0.00152706 0
0.0355 1.82947 0 -0.548193 0 0.00154888 0
0.036 1.85523 0 -0.555914 0 0.00157069 0
0.0365 1.881 0 -0.563635 0 0.00159251 0
0.037 1.90677 0 -0.571356 0 0.00161432 0
0.0375 1.93254 0 -0.579077 0 0.00163614 0
0.038 1.9583 0 -0.586798 0 0.00165795 0
0.0385 1.98407 0 -0.594519 0 0.00167977 0
0.039 2.00984 0 -0.60224 0 0.00170158 0
0.0395 2.0356 0 -0.609961 0 0.0017234 0
0.04 2.06137 0 -0.617682 0 0.00174521 0
0.0405 2.08714 0 -0.625403 0 0.00176703 0
0.041 2.11291 0 -0.633124 0 0.00178884 0
0.0415 2.13867 0 -0.640845 0 0.00181066 0
0.042 2.16444 0 -0.648566 0 0.00183248 0
0.0425 2.19021 0 -0.656288 0 0.00185429 0
0.043 2.21597 0 -0.664009 0 0.00187611 0
0.0435 2.24174 0 -0.67173 0 0.00189792 0
0.044 2.26751 0 -0.679451 0 0.00191974 0
0.0445 2.29327 0 -0.687172 0 0.00194155 0
0.045 2.31904 0 -0.694893 0 0.00196337 0
0.0455 2.34481 0 -0.702614 0 0.00198518 0
0.046 2.37058 0 -0.710335 0 0.002007 0
0.0465 2.39634 0 -0.718056 0 0.00202881 0
0.047 2.42211 0 -0.725777 0 0.00205063 0
0.0475 2.44788 0 -0.733498 0 0.00207244 0
0.048 2.47364 0 -0.741219 0 0.00209426 0
0.0485 2.49941 0 -0.74894 0 0.00211607 0
0.049 2.52518 0 -0.756661 0 0.00213789 0
0.0495 2.55095 0 -0.764382 0 0.0021597 0
0.05 2.57671 0 -0.772103 0 0.00218152 0
0.0505 2.60248 0 -0.779824 0 0.00220333 0
0.051 2.62825 0 -0.787545 0 0.00222515 0
0.0515 2.65401 0 -0.795266 0 0.00224696 0
0.052 2.67978 0 -0.802987 0 0.00226878 0
0.0525 2.70555 0 -0.810708 0 0.00229059 0
0.053 2.73132 0 -0.818429 0 0.00231241 0
0.0535 2.75708 0 -0.82615 0 0.00233422 0
0.054 2.78285 0 -0.833871 0 0.00235604 0
0.0545 2.80862 0 -0.841592 0 0.00237785 0
0.055 2.83438 0 -0.849313 0 0.00239967 0
0.0555 2.86015 0 -0.857034 0 0.00242149 0
0.056 2.88592 0 -0.864755 0 0.0024433 0
0.0565 2.91169 0 -0.872476 0 0.00246512 0
0.057 2.93745 0 -0.880197 0 0.00248693 0
0.0575 2.96322 0 -0.887918 0 0.00250875 0
0.058 2.98899 0 -0.895639 0 0.00253056 0
0.0585 3.01475 0 -0.90336 0 0.00255238 0
0.059 3.04052 0 -0.911081 0 0.00257419 0
0.0595 3.06629 0 -0.918803 0 0.00259601 0
0.06 3.09206 0 -0.926524 0 0.00261782 0
0.0605 3.11782 0 -0.934245 0 0.00263964 0
0.061 3.14359 0 -0.941966 0 0.00266145 0
0.0615 3.16936 0 -0.949687 0 0.00268327 0
0.062 3.19512 0 -0.957408 0 0.00270508 0
0.0625 3.22089 0 -0.965129 0 0.0027269 0
0.063 3.24666 0 -0.97285 0 0.00274871 0
0.0635 3.27243 0 -0.980571 0 0.00277053 0
0.064 3.29819 0 -0.988292 0 0.00279234 0
0.0645 3.32396 0 -0.996013 0 0.00281416 0
0.065 3.34973 0 -1.00373 0 0.00283597 0
0.0655 3.37549 0 -1.01145 0 0.00285779 0
0.066 3.40126 0 -1.01918 0 0.0028796 0
0.0665 3.42703 0 -1.0269 0 0.00290142 0
0.067 3.4528 0 -1.03462 0 0.00292323 0
0.0675 3.47856 0 -1.04234 0 0.00294505 0
0.068 3.50433 0 -1.05006 0 0.00296686 0
0.0685 3.5301 0 -1.05778 0 0.00298868 0
0.069 3.55586 0 -1.0655 0 0.00301049 0
0.0695 3.58163 0 -1.07322 0 0.00303231 0
0.07 3.6074 0 -1.08094 0 0.00305413 0
0.0705 3.63317 0 -1.08867 0 0.00307594 0
0.071 3.65893 0 -1.09639 0 0.00309776 0
0.0715 3.6847 0 -1.10411 0 0.00311957 0
0.072 3.71047 0 -1.11183 0 0.00314139 0
0.0725 3.73623 0 -1.11955 0 0.0031632 0
0.073 3.762 0 -1.12727 0 0.00318502 0
0.0735 3.78777 0 -1.13499 0 0.00320683 0
0.074 3.81354 0 -1.14271 0 0.00322865 0
0.0745 3.8393 0 -1.15043 0 0.00325046 0
0.075 3.86507 0 -1.15815 0 0.00327228 0
0.0755 3.89084 0 -1.16588 0 0.00329409 0
0.076 3.9166 0 -1.1736 0 0.00331591 0
0.0765 3.94237 0 -1.18132 0 0.00333772 0
0.077 3.96814 0 -1.18904 0 0.00335954 0
0.0775 3.99391 0 -1.19676 0 0.00338135 0
0.078 4.01967 0 -1.20448 0 0.00340317 0
0.0785 4.04544 0 -1.2122 0 0.00342498 0
0.079 4.07121 0 -1.21992 0 0.0034468 0
0.0795 4.09697 0 -1.22764 0 0.00346861 0
0.08 4.12274 0 -1.23536 0 0.00349043 0
0.0805 4.14851 0 -1.24309 0 0.00351224 0
0.081 4.17428 0 -1.25081 0 0.00353406 0
0.0815 4.20004 0 -1.25853 0 0.00355587 0
0.082 4.22581 0 -1.26625 0 0.00357769 0
0.0825 4.25158 0 -1.27397 0 0.0035995 0
0.083 4.27734 0 -1.28169 0 0.00362132 0
0.0835 4.30311 0 -1.28941 0 0.00364314 0
0.084 4.32888 0 -1.29713 0 0.00366495 0
0.0845 4.35465 0 -1.30485 0 0.00368677 0
0.085 4.38041 0 -1.31258 0 0.00370858 0
0.0855 4.40618 0 -1.3203 0 0.0037304 0
0.086 4.43195 0 -1.32802 0 0.00375221 0
0.0865 4.45771 0 -1.33574 0 0.00377403 0
0.087 4.48348 0 -1.34346 0 0.00379584 0
0.0875 4.50925 0 -1.35118 0 0.00381766 0
0.088 4.53502 0 -1.3589 0 0.00383947 0
0.0885 4.56078 0 -1.36662 0 0.00386129 0
0.089 4.58655 0 -1.37434 0 0.0038831 0
0.0895 4.61232 0 -1.38206 0 0.00390492 0
0.09 4.63808 0 -1.38979 0 0.00392673 0
0.0905 4.66385 0 -1.39751 0 0.00394855 0
0.091 4.68962 0 -1.40523 0 0.00397036 0
0.0915 4.71539 0 -1.41295 0 0.00399218 0
0.092 4.74115 0 -1.42067 0 0.00401399 0
0.0925 4.76692 0 -1.42839 0 0.00403581 0
0.093 4.79269 0 -1.43611 0 0.00405762 0
0.0935 4.81845 0 -1.44383 0 0.00407944 0
0.094 4.84422 0 -1.45155 0 0.00410125 0
0.0945 4.86999 0 -1.45927 0 0.00412307 0
0.095 4.89576 0 -1.467 0 0.00414488 0
0.0955 4.92152 0 -1.47472 0 0.0041667 0
0.096 4.94729 0 -1.48244 0 0.00418851 0
0.0965 4.97306 0 -1.49016 0 0.00421033 0
0.097 4.99882 0 -1.49788 0 0.00423214 0
0.0975 5.02459 0 -1.5056 0 0.00425396 0
0.098 5.05036 0 -1.51332 0 0.00427578 0
0.0985 5.07613 0 -1.52104 0 0.00429759 0
0.099 5.10189 0 -1.52876 0 0.00431941 0
0.0995 5.12766 0 -1.53648 0 0.00434122 0
0.1 5.15343 0 -1.54421 0 0.00436304 0
0.1005 5.17919 0 -1.55193 0 0.00438485 0
0.101 5.20496 0 -1.55965 0 0.00440667 0
0.1015 5.23073 0 -1.56737 0 0.00442848 0
0.102 5.2565 0 -1.57509 0 0.0044503 0
0.1025 5.28226 0 -1.58281 0 0.00447211 0
0.103 5.30803 0 -1.59053 0 0.00449393 0
0.1035 5.3338 0 -1.59825 0 0.00451574 0
0.104 5.35956 0 -1.60597 0 0.00453756 0
0.1045 5.38533 0 -1.6137 0 0.00455937 0
0.105 5.4111 0 -1.62142 0 0.00458119 0
0.1055 5.43687 0 -1.62914 0 0.004603 0
0.106 5.46263 0 -1.63686 0 0.00462482 0
0.1065 5.4884 0 -1.64458 0 0.00464663 0
0.107 5.51417 0 -1.6523 0 0.00466845 0
0.1075 5.53993 0 -1.66002 0 0.00469026 0
0.108 5.5657 0 -1.66774 0 0.00471208 0
0.1085 5.59147 0 -1.67546 0 0.00473389 0
0.109 5.61724 0 -1.68318 0 0.00475571 0
0.1095 5.643 0 -1.69091 0 0.00477752 0
0.11 5.66877 0 -1.69863 0 0.00479934 0
0.1105 5.69454 0 -1.70635 0 0.00482115 0
0.111 5.7203 0 -1.71407 0 0.00484297 0
0.1115 5.74607 0 -1.72179 0 0.00486479 0
0.112 5.77184 0 -1.72951 0 0.0048866 0
0.1125 5.79761 0 -1.73723 0 0.00490842 0
0.113 5.82337 0 -1.74495 0 0.00493023 0
0.1135 5.84914 0 -1.75267 0 0.00495205 0
0.114 5.87491 0 -1.76039 0 0.00497386 0
0.1145 5.90067 0 -1.76812 0 0.00499568 0
0.115 5.92644 0 -1.77584 0 0.00501749 0
0.1155 5.95221 0 -1.78356 0 0.00503931 0
0.116 5.97798 0 -1.79128 0 0.00506112 0
0.1165 6.00374 0 -1.799 0 0.00508294 0
0.117 6.02951 0 -1.80672 0 0.00510475 0
0.1175 6.05528 0 -1.81444 0 0.00512657 0
0.118 6.08104 0 -1.82216 0 0.00514838 0
0.1185 6.10681 0 -1.82988 0 0.0051702 0
0.119 6.13258 0 -1.83761 0 0.00519201 0
0.1195 6.15835 0 -1.84533 0 0.00521383 0
0.12 6.18411 0 -1.85305 0 0.00523564 0
0.1205 6.20988 0 -1.86077 0 0.00525746 0
0.121 6.23565 0 -1.86849 0 0.00527927 0
0.1215 6.26141 0 -1.87621 0 0.00530109 0
0.122 6.28718 0 -1.88393 0 0.0053229 0
0.1225 6.31295 0 -1.89165 0 0.00534472 0
0.123 6.33872 0 -1.89937 0 0.00536653 0
0.1235 6.36448 0 -1.90709 0 0.00538835 0
0.124 6.39025 0 -1.91482 0 0.00541016 0
0.1245 6.41602 0 -1.92254 0 0.00543198 0
0.125 6.44178 0 -1.93026 0 0.0054538 0
0.1255 6.46755 0 -1.93798 0 0.00547561 0
0.126 6.49332 0 -1.9457 0 0.00549743 0
0.1265 6.51909 0 -1.95342 0 0.00551924 0
0.127 6.54485 0 -1.96114 0 0.00554106 0
0.1275 6.57062 0 -1.96886 0 0.00556287 0
0.128 6.59639 0 -1.97658 0 0.00558469 0
0.1285 6.62215 0 -1.9843 0 0.0056065 0
0.129 6.64792 0 -1.99203 0 0.00562832 0
0.1295 6.67369 0 -1.99975 0 0.00565013 0
0.13 6.69945 0 -2.00747 0 0.00567195 0
0.1305 6.72522 0 -2.01519 0 0.00569376 0
0.131 6.75099 0 -2.02291 0 0.00571558 0
0.1315 6.77676 0 -2.03063 0 0.00573739 0
0.132 6.80252 0 -2.03835 0 0.00575921 0
0.1325 6.82829 0 -2.04607 0 0.00578102 0
0.133 6.85406 0 -2.05379 0 0.00580284 0
0.1335 6.87982 0 -2.06151 0 0.00582465 0
0.134 6.90559 0 -2.06924 0 0.00584647 0
0.1345 6.93136 0 -2.07696 0 0.00586828 0
0.135 6.95713 0 -2.08468 0 0.0058901 0
0.1355 6.98289 0 -2.0924 0 0.00591191 0
0.136 7.00866 0 -2.10012 0 0.00593373 0
0.1365 7.03443 0 -2.10784 0 0.00595554 0
0.137 7.06019 0 -2.11556 0 0.00597736 0
0.1375 7.08596 0 -2.12328 0 0.00599917 0
0.138 7.11173 0 -2.131 0 0.00602099 0
0.1385 7.1375 0 -2.13873 0 0.0060428 0
0.139 7.16326 0 -2.14645 0 0.00606462 0
0.1395 7.18903 0 -2.15417 0 0.00608644 0
0.14 7.2148 0 -2.16189 0 0.00610825 0
0.1405 7.24056 0 -2.16961 0 0.00613007 0
0.141 7.26633 0 -2.17733 0 0.00615188 0
0.1415 7.2921 0 -2.18505 0 0.0061737 0
0.142 7.31787 0 -2.19277 0 0.00619551 0
0.1425 7.34363 0 -2.20049 0 0.00621733 0
0.143 7.3694 0 -2.20821 0 0.00623914 0
0.1435 7.39517 0 -2.21594 0 0.00626096 0
0.144 7.42093 0 -2.22366 0 0.00628277 0
0.1445 7.4467 0 -2.23138 0 0.00630459 0
0.145 7.47247 0 -2.2391 0 0.0063264 0
0.1455 7.49824 0 -2.24682 0 0.00634822 0
0.146 7.524 0 -2.25454 0 0.00637003 0
0.1465 7.54977 0 -2.26226 0 0.00639185 0
0.147 7.57554 0 -2.26998 0 0.00641366 0
0.1475 7.6013 0 -2.2777 0 0.00643548 0
0.148 7.62707 0 -2.28542 0 0.00645729 0
0.1485 7.65284 0 -2.29315 0 0.00647911 0
0.149 7.67861 0 -2.30087 0 0.00650092 0
0.1495 7.70437 0 -2.30859 0 0.00652274 0
0.15 7.73014 0 -2.31631 0 0.00654455 0
0.1505 7.75591 0 -2.32403 0 0.00656637 0
0.151 7.78167 0 -2.33175 0 0.00658818 0
0.1515 7.80744 0 -2.33947 0 0.00661 0
0.152 7.83321 0 -2.34719 0 0.00663181 0
0.1525 7.85898 0 -2.35491 0 0.00665363 0
0.153 7.88474 0 -2.36264 0 0.00667545 0
0.1535 7.91051 0 -2.37036 0 0.00669726 0
0.154 7.93628 0 -2.37808 0 0.00671908 0
0.1545 7.96204 0 -2.3858 0 0.00674089 0
0.155 7.98781 0 -2.39352 0 0.00676271 0
0.1555 8.01358 0 -2.40124 0 0.00678452 0
0.156 8.03935 0 -2.40896 0 0.00680634 0
0.1565 8.06511 0 -2.41668 0 0.00682815 0
0.157 8.09088 0 -2.4244 0 0.00684997 0
0.1575 8.11665 0 -2.43212 0 0.00687178 0
0.158 8.14241 0 -2.43985 0 0.0068936 0
0.1585 8.16818 0 -2.44757 0 0.00691541 0
0.159 8.19395 0 -2.45529 0 0.00693723 0
0.1595 8.21972 0 -2.46301 0 0.00695904 0
0.16 8.24548 0 -2.47073 0 0.00698086 0
0.1605 8.27125 0 -2.47845 0 0.00700267 0
0.161 8.29702 0 -2.48617 0 0.00702449 0
0.1615 8.32278 0 -2.49389 0 0.0070463 0
0.162 8.34855 0 -2.50161 0 0.00706812 0
0.1625 8.37432 0 -2.50933 0 0.00708993 0
0.163 8.40009 0 -2.51706 0 0.00711175 0
0.1635 8.42585 0 -2.52478 0 0.00713356 0
0.164 8.45162 0 -2.5325 0 0.00715538 0
0.1645 8.47739 0 -2.54022 0 0.00717719 0
0.165 8.50315 0 -2.54794 0 0.00719901 0
0.1655 8.52892 0 -2.55566 0 0.00722082 0
0.166 8.55469 0 -2.56338 0 0.00724264 0
0.1665 8.58046 0 -2.5711 0 0.00726446 0
0.167 8.60622 0 -2.57882 0 0.00728627 0
0.1675 8.63199 0 -2.58654 0 0.00730809 0
0.168 8.65776 0 -2.59427 0 0.0073299 0
0.1685 8.68352 0 -2.60199 0 0.00735172 0
0.169 8.70929 0 -2.60971 0 0.00737353 0
0.1695 8.73506 0 -2.61743 0 0.00739535 0
0.17 8.76083 0 -2.62515 0 0.00741716 0
0.1705 8.78659 0 -2.63287 0 0.00743898 0
0.171 8.81236 0 -2.64059 0 0.00746079 0
0.1715 8.83813 0 -2.64831 0 0.00748261 0
0.172 8.86389 0 -2.65603 0 0.00750442 0
0.1725 8.88966 0 -2.66376 0 0.00752624 0
0.173 8.91543 0 -2.67148 0 0.00754805 0
0.1735 8.9412 0 -2.6792 0 0.00756987 0
0.174 8.96696 0 -2.68692 0 0.00759168 0
0.1745 8.99273 0 -2.69464 0 0.0076135 0
0.175 9.0185 0 -2.70236 0 0.00763531 0
0.1755 9.04426 0 -2.71008 0 0.00765713 0
0.176 9.07003 0 -2.7178 0 0.00767894 0
0.1765 9.0958 0 -2.72552 0 0.00770076 0
0.177 9.12157 0 -2.73324 0 0.00772257 0
0.1775 9.14733 0 -2.74097 0 0.00774439 0
0.178 9.1731 0 -2.74869 0 0.0077662 0
0.1785 9.19887 0 -2.75641 0 0.00778802 0
0.179 9.22463 0 -2.76413 0 0.00780983 0
0.1795 9.2504 0 -2.77185 0 0.00783165 0
0.18 9.27617 0 -2.77957 0 0.00785346 0
0.1805 9.30194 0 -2.78729 0 0.00787528 0
0.181 9.3277 0 -2.79501 0 0.0078971 0
0.1815 9.35347 0 -2.80273 0 0.00791891 0
0.182 9.37924 0 -2.81045 0 0.00794073 0
0.1825 9.405 0 -2.81818 0 0.00796254 0
0.183 9.43077 0 -2.8259 0 0.00798436 0
0.1835 9.45654 0 -2.83362 0 0.00800617 0
0.184 9.48231 0 -2.84134 0 0.00802799 0
0.1845 9.50807 0 -2.84906 0 0.0080498 0
0.185 9.53384 0 -2.85678 0 0.00807162 0
0.1855 9.55961 0 -2.8645 0 0.00809343 0
0.186 9.58537 0 -2.87222 0 0.00811525 0
0.1865 9.61114 0 -2.87994 0 0.00813706 0
0.187 9.63691 0 -2.88767 0 0.00815888 0
0.1875 9.66268 0 -2.89539 0 0.00818069 0
0.188 9.68844 0 -2.90311 0 0.00820251 0
0.1885 9.71421 0 -2.91083 0 0.00822432 0
0.189 9.73998 0 -2.91855 0 0.00824614 0
0.1895 9.76574 0 -2.92627 0 0.00826795 0
0.19 9.79151 0 -2.93399 0 0.00828977 0
0.1905 9.81728 0 -2.94171 0 0.00831158 0
0.191 9.84305 0 -2.94943 0 0.0083334 0
0.1915 9.86881 0 -2.95715 0 0.00835521 0
0.192 9.89458 0 -2.96488 0 0.00837703 0
0.1925 9.92035 0 -2.9726 0 0.00839884 0
0.193 9.94611 0 -2.98032 0 0.00842066 0
0.1935 9.97188 0 -2.98804 0 0.00844247 0
0.194 9.99765 0 -2.99576 0 0.00846429 0
0.1945 10.0234 0 -3.00348 0 0.00848611 0
0.195 10.0492 0 -3.0112 0 0.00850792 0
0.1955 10.0749 0 -3.01892 0 0.00852974 0
0.196 10.1007 0 -3.02664 0 0.00855155 0
0.1965 10.1265 0 -3.03436 0 0.00857337 0
0.197 10.1523 0 -3.04209 0 0.00859518 0
0.1975 10.178 0 -3.04981 0 0.008617 0
0.198 10.2038 0 -3.05753 0 0.00863881 0
0.1985 10.2296 0 -3.06525 0 0.00866063 0
0.199 10.2553 0 -3.07297 0 0.00868244 0
0.1995 10.2811 0 -3.08069 0 0.00870426 0
0.2 10.3069 0 -3.08841 0 0.00872607 0
0.2005 10.3326 0 -3.09613 0 0.00874789 0
0.201 10.3584 0 -3.10385 0 0.0087697 0
0.2015 10.3842 0 -3.11157 0 0.00879152 0
0.202 10.4099 0 -3.1193 0 0.00881333 0
0.2025 10.4357 0 -3.12702 0 0.00883515 0
0.203 10.4615 0 -3.13474 0 0.00885696 0
0.2035 10.4872 0 -3.14246 0 0.00887878 0
0.204 10.513 0 -3.15018 0 0.00890059 0
0.2045 10.5388 0 -3.1579 0 0.00892241 0
0.205 10.5645 0 -3.16562 0 0.00894422 0
0.2055 10.5903 0 -3.17334 0 0.00896604 0
0.206 10.6161 0 -3.18106 0 0.00898785 0
0.2065 10.6418 0 -3.18879 0 0.00900967 0
0.207 10.6676 0 -3.19651 0 0.00903148 0
0.2075 10.6934 0 -3.20423 0 0.0090533 0
0.208 10.7191 0 -3.21195 0 0.00907511 0
0.2085 10.7449 0 -3.21967 0 0.00909693 0
0.209 10.7707 0 -3.22739 0 0.00911875 0
0.2095 10.7964 0 -3.23511 0 0.00914056 0
0.21 10.8222 0 -3.24283 0 0.00916238 0
0.2105 10.848 0 -3.25055 0 0.00918419 0
0.211 10.8737 0 -3.25827 0 0.00920601 0
0.2115 10.8995 0 -3.266 0 0.00922782 0
0.212 10.9253 0 -3.27372 0 0.00924964 0
0.2125 10.951 0 -3.28144 0 0.00927145 0
0.213 10.9768 0 -3.28916 0 0.00929327 0
0.2135 11.0026 0 -3.29688 0 0.00931508 0
0.214 11.0283 0 -3.3046 0 0.0093369 0
0.2145 11.0541 0 -3.31232 0 0.00935871 0
0.215 11.0799 0 -3.32004 0 0.00938053 0
0.2155 11.1056 0 -3.32776 0 0.00940234 0
0.216 11.1314 0 -3.33548 0 0.00942416 0
0.2165 11.1572 0 -3.34321 0 0.00944597 0
0.217 11.1829 0 -3.35093 0 0.00946779 0
0.2175 11.2087 0 -3.35865 0 0.0094896 0
0.218 11.2345 0 -3.36637 0 0.00951142 0
0.2185 11.2602 0 -3.37409 0 0.00953323 0
0.219 11.286 0 -3.38181 0 0.00955505 0
0.2195 11.3118 0 -3.38953 0 0.00957686 0
0.22 11.3375 0 -3.39725 0 0.00959868 0
0.2205 11.3633 0 -3.40497 0 0.00962049 0
0.221 11.3891 0 -3.4127 0 0.00964231 0
0.2215 11.4148 0 -3.42042 0 0.00966412 0
0.222 11.4406 0 -3.42814 0 0.00968594 0
0.2225 11.4664 0 -3.43586 0 0.00970776 0
0.223 11.4921 0 -3.44358 0 0.00972957 0
0.2235 11.5179 0 -3.4513 0 0.00975139 0
0.224 11.5437 0 -3.45902 0 0.0097732 0
0.2245 11.5694 0 -3.46674 0 0.00979502 0
0.225 11.5952 0 -3.47446 0 0.00981683 0
0.2255 11.621 0 -3.48218 0 0.00983865 0
0.226 11.6467 0 -3.48991 0 0.00986046 0
0.2265 11.6725 0 -3.49763 0 0.00988228 0
0.227 11.6983 0 -3.50535 0 0.00990409 0
0.2275 11.724 0 -3.51307 0 0.00992591 0
0.228 11.7498 0 -3.52079 0 0.00994772 0
0.2285 11.7756 0 -3.52851 0 0.00996954 0
0.229 11.8013 0 -3.53623 0 0.00999135 0
0.2295 11.8271 0 -3.54395 0 0.0100132 0
0.23 11.8529 0 -3.55167 0 0.010035 0
0.2305 11.8786 0 -3.55939 0 0.0100568 0
0.231 11.9044 0 -3.56712 0 0.0100786 0
0.2315 11.9302 0 -3.57484 0 0.0101004 0
0.232 11.956 0 -3.58256 0 0.0101222 0
0.2325 11.9817 0 -3.59028 0 0.0101441 0
0.233 12.0075 0 -3.598 0 0.0101659 0
0.2335 12.0333 0 -3.60572 0 0.0101877 0
0.234 12.059 0 -3.61344 0 0.0102095 0
0.2345 12.0848 0 -3.62116 0 0.0102313 0
0.235 12.1106 0 -3.62888 0 0.0102531 0
0.2355 12.1363 0 -3.6366 0 0.0102749 0
0.236 12.1621 0 -3.64433 0 0.0102968 0
0.2365 12.1879 0 -3.65205 0 0.0103186 0
0.237 12.2136 0 -3.65977 0 0.0103404 0
0.2375 12.2394 0 -3.66749 0 0.0103622 0
0.238 12.2652 0 -3.67521 0 0.010384 0
0.2385 12.2909 0 -3.68293 0 0.0104058 0
0.239 12.3167 0 -3.69065 0 0.0104277 0
0.2395 12.3425 0 -3.69837 0 0.0104495 0
0.24 12.3682 0 -3.70609 0 0.0104713 0
0.2405 12.394 0 -3.71382 0 0.0104931 0
0.241 12.4198 0 -3.72154 0 0.0105149 0
0.2415 12.4455 0 -3.72926 0 0.0105367 0
0.242 12.4713 0 -3.73698 0 0.0105585 0
0.2425 12.4971 0 -3.7447 0 0.0105804 0
0.243 12.5228 0 -3.75242 0 0.0106022 0
0.2435 12.5486 0 -3.76014 0 0.010624 0
0.244 12.5744 0 -3.76786 0 0.0106458 0
0.2445 12.6001 0 -3.77558 0 0.0106676 0
0.245 12.6259 0 -3.7833 0 0.0106894 0
0.2455 12.6517 0 -3.79103 0 0.0107113 0
0.246 12.6774 0 -3.79875 0 0.0107331 0
0.2465 12.7032 0 -3.80647 0 0.0107549 0
0.247 12.729 0 -3.81419 0 0.0107767 0
0.2475 12.7547 0 -3.82191 0 0.0107985 0
0.248 12.7805 0 -3.82963 0 0.0108203 0
0.2485 12.8063 0 -3.83735 0 0.0108421 0
0.249 12.832 0 -3.84507 0 0.010864 0
0.2495 12.8578 0 -3.85279 0 0.0108858 0
0.25 12.8836 0 -3.86051 0 0.0109076 0
0.2505 12.9093 0 -3.86824 0 0.0109294 0
0.251 12.9351 0 -3.87596 0 0.0109512 0
0.2515 12.9609 0 -3.88368 0 0.010973 0
0.252 12.9866 0 -3.8914 0 0.0109949 0
0.2525 13.0124 0 -3.89912 0 0.0110167 0
0.253 13.0382 0 -3.90684 0 0.0110385 0
0.2535 13.0639 0 -3.91456 0 0.0110603 0
0.254 13.0897 0 -3.92228 0 0.0110821 0
0.2545 13.1155 0 -3.93 0 0.0111039 0
0.255 13.1412 0 -3.93773 0 0.0111257 0
0.2555 13.167 0 -3.94545 0 0.0111476 0
0.256 13.1928 0 -3.95317 0 0.0111694 0
0.2565 13.2185 0 -3.96089 0 0.0111912 0
0.257 13.2443 0 -3.96861 0 0.011213 0
0.2575 13.2701 0 -3.97633 0 0.0112348 0
0.258 13.2958 0 -3.98405 0 0.0112566 0
0.2585 13.3216 0 -3.99177 0 0.0112784 0
0.259 13.3474 0 -3.99949 0 0.0113003 0
0.2595 13.3731 0 -4.00721 0 0.0113221 0
0.26 13.3989 0 -4.01494 0 0.0113439 0
0.2605 13.4247 0 -4.02266 0 0.0113657 0
0.261 13.4504 0 -4.03038 0 0.0113875 0
0.2615 13.4762 0 -4.0381 0 0.0114093 0
0.262 13.502 0 -4.04582 0 0.0114312 0
0.2625 13.5277 0 -4.05354 0 0.011453 0
0.263 13.5535 0 -4.06126 0 0.0114748 0
0.2635 13.5793 0 -4.06898 0 0.0114966 0
0.264 13.605 0 -4.0767 0 0.0115184 0
0.2645 13.6308 0 -4.08442 0 0.0115402 0
0.265 13.6566 0 -4.09215 0 0.011562 0
0.2655 13.6823 0 -4.09987 0 0.0115839 0
0.266 13.7081 0 -4.10759 0 0.0116057 0
0.2665 13.7339 0 -4.11531 0 0.0116275 0
0.267 13.7596 0 -4.12303 0 0.0116493 0
0.2675 13.7854 0 -4.13075 0 0.0116711 0
0.268 13.8112 0 -4.13847 0 0.0116929 0
0.2685 13.837 0 -4.14619 0 0.0117148 0
0.269 13.8627 0 -4.15391 0 0.0117366 0
0.2695 13.8885 0 -4.16163 0 0.0117584 0
0.27 13.9143 0 -4.16936 0 0.0117802 0
0.2705 13.94 0 -4.17708 0 0.011802 0
0.271 13.9658 0 -4.1848 0 0.0118238 0
0.2715 13.9916 0 -4.19252 0 0.0118456 0
0.272 14.0173 0 -4.20024 0 0.0118675 0
0.2725 14.0431 0 -4.20796 0 0.0118893 0
0.273 14.0689 0 -4.21568 0 0.0119111 0
0.2735 14.0946 0 -4.2234 0 0.0119329 0
0.274 14.1204 0 -4.23112 0 0.0119547 0
0.2745 14.1462 0 -4.23885 0 0.0119765 0
0.275 14.1719 0 -4.24657 0 0.0119983 0
0.2755 14.1977 0 -4.25429 0 0.0120202 0
0.276 14.2235 0 -4.26201 0 0.012042 0
0.2765 14.2492 0 -4.26973 0 0.0120638 0
0.277 14.275 0 -4.27745 0 0.0120856 0
0.2775 14.3008 0 -4.28517 0 0.0121074 0
0.278 14.3265 0 -4.29289 0 0.0121292 0
0.2785 14.3523 0 -4.30061 0 0.0121511 0
0.279 14.3781 0 -4.30833 0 0.0121729 0
0.2795 14.4038 0 -4.31606 0 0.0121947 0
0.28 14.4296 0 -4.32378 0 0.0122165 0
0.2805 14.4554 0 -4.3315 0 0.0122383 0
0.281 14.4811 0 -4.33922 0 0.0122601 0
0.2815 14.5069 0 -4.34694 0 0.0122819 0
0.282 14.5327 0 -4.35466 0 0.0123038 0
0.2825 14.5584 0 -4.36238 0 0.0123256 0
0.283 14.5842 0 -4.3701 0 0.0123474 0
0.2835 14.61 0 -4.37782 0 0.0123692 0
0.284 14.6357 0 -4.38554 0 0.012391 0
0.2845 14.6615 0 -4.39327 0 0.0124128 0
0.285 14.6873 0 -4.40099 0 0.0124347 0
0.2855 14.713 0 -4.40871 0 0.0124565 0
0.286 14.7388 0 -4.41643 0 0.0124783 0
0.2865 14.7646 0 -4.42415 0 0.0125001 0
0.287 14.7903 0 -4.43187 0 0.0125219 0
0.2875 14.8161 0 -4.43959 0 0.0125437 0
0.288 14.8419 0 -4.44731 0 0.0125655 0
0.2885 14.8676 0 -4.45503 0 0.0125874 0
0.289 14.8934 0 -4.46276 0 0.0126092 0
0.2895 14.9192 0 -4.47048 0 0.012631 0
0.29 14.9449 0 -4.4782 0 0.0126528 0
0.2905 14.9707 0 -4.48592 0 0.0126746 0
0.291 14.9965 0 -4.49364 0 0.0126964 0
0.2915 15.0222 0 -4.50136 0 0.0127183 0
0.292 15.048 0 -4.50908 0 0.0127401 0
0.2925 15.0738 0 -4.5168 0 0.0127619 0
0.293 15.0995 0 -4.52452 0 0.0127837 0
0.2935 15.1253 0 -4.53224 0 0.0128055 0
0.294 15.1511 0 -4.53997 0 0.0128273 0
0.2945 15.1768 0 -4.54769 0 0.0128491 0
0.295 15.2026 0 -4.55541 0 0.012871 0
0.2955 15.2284 0 -4.56313 0 0.0128928 0
0.296 15.2541 0 -4.57085 0 0.0129146 0
0.2965 15.2799 0 -4.57857 0 0.0129364 0
0.297 15.3057 0 -4.58629 0 0.0129582 0
0.2975 15.3314 0 -4.59401 0 0.01298 0
0.298 15.3572 0 -4.60173 0 0.0130018 0
0.2985 15.383 0 -4.60945 0 0.0130237 0
0.299 15.4087 0 -4.61718 0 0.0130455 0
0.2995 15.4345 0 -4.6249 0 0.0130673 0
0.3 15.4603 0 -4.63262 0 0.0130891 0
0.3005 15.486 0 -4.64034 0 0.0131109 0
0.301 15.5118 0 -4.64806 0 0.0131327 0
0.3015 15.5376 0 -4.65578 0 0.0131546 0
0.302 15.5633 0 -4.6635 0 0.0131764 0
0.3025 15.5891 0 -4.67122 0 0.0131982 0
0.303 15.6149 0 -4.67894 0 0.01322 0
0.3035 15.6407 0 -4.68666 0 0.0132418 0
0.304 15.6664 0 -4.69439 0 0.0132636 0
0.3045 15.6922 0 -4.70211 0 0.0132854 0
0.305 15.718 0 -4.70983 0 0.0133073 0
0.3055 15.7437 0 -4.71755 0 0.0133291 0
0.306 15.7695 0 -4.72527 0 0.0133509 0
0.3065 15.7953 0 -4.73299 0 0.0133727 0
0.307 15.821 0 -4.74071 0 0.0133945 0
0.3075 15.8468 0 -4.74843 0 0.0134163 0
0.308 15.8726 0 -4.75615 0 0.0134382 0
0.3085 15.8983 0 -4.76388 0 0.01346 0
0.309 15.9241 0 -4.7716 0 0.0134818 0
0.3095 15.9499 0 -4.77932 0 0.0135036 0
0.31 15.9756 0 -4.78704 0 0.0135254 0
0.3105 16.0014 0 -4.79476 0 0.0135472 0
0.311 16.0272 0 -4.80248 0 0.013569 0
0.3115 16.0529 0 -4.8102 0 0.0135909 0
0.312 16.0787 0 -4.81792 0 0.0136127 0
0.3125 16.1045 0 -4.82564 0 0.0136345 0
0.313 16.1302 0 -4.83336 0 0.0136563 0
0.3135 16.156 0 -4.84109 0 0.0136781 0
0.314 16.1818 0 -4.84881 0 0.0136999 0
0.3145 16.2075 0 -4.85653 0 0.0137217 0
0.315 16.2333 0 -4.86425 0 0.0137436 0
0.3155 16.2591 0 -4.87197 0 0.0137654 0
0.316 16.2848 0 -4.87969 0 0.0137872 0
0.3165 16.3106 0 -4.88741 0 0.013809 0
0.317 16.3364 0 -4.89513 0 0.0138308 0
0.3175 16.3621 0 -4.90285 0 0.0138526 0
0.318 16.3879 0 -4.91057 0 0.0138745 0
0.3185 16.4137 0 -4.9183 0 0.0138963 0
0.319 16.4394 0 -4.92602 0 0.0139181 0
0.3195 16.4652 0 -4.93374 0 0.0139399 0
0.32 16.491 0 -4.94146 0 0.0139617 0
0.3205 16.5167 0 -4.94918 0 0.0139835 0
0.321 16.5425 0 -4.9569 0 0.0140053 0
0.3215 16.5683 0 -4.96462 0 0.0140272 0
0.322 16.594 0 -4.97234 0 0.014049 0
0.3225 16.6198 0 -4.98006 0 0.0140708 0
0.323 16.6456 0 -4.98779 0 0.0140926 0
0.3235 16.6713 0 -4.99551 0 0.0141144 0
0.324 16.6971 0 -5.00323 0 0.0141362 0
0.3245 16.7229 0 -5.01095 0 0.0141581 0
0.325 16.7486 0 -5.01867 0 0.0141799 0
0.3255 16.7744 0 -5.02639 0 0.0142017 0
0.326 16.8002 0 -5.03411 0 0.0142235 0
0.3265 16.8259 0 -5.04183 0 0.0142453 0
0.327 16.8517 0 -5.04955 0 0.0142671 0
0.3275 16.8775 0 -5.05727 0 0.0142889 0
0.328 16.9032 0 -5.065 0 0.0143108 0
0.3285 16.929 0 -5.07272 0 0.0143326 0
0.329 16.9548 0 -5.08044 0 0.0143544 0
0.3295 16.9805 0 -5.08816 0 0.0143762 0
0.33 17.0063 0 -5.09588 0 0.014398 0
0.3305 17.0321 0 -5.1036 0 0.0144198 0
0.331 17.0578 0 -5.11132 0 0.0144416 0
0.3315 17.0836 0 -5.11904 0 0.0144635 0
0.332 17.1094 0 -5.12676 0 0.0144853 0
0.3325 17.1351 0 -5.13448 0 0.0145071 0
0.333 17.1609 0 -5.14221 0 0.0145289 0
0.3335 17.1867 0 -5.14993 0 0.0145507 0
0.334 17.2124 0 -5.15765 0 0.0145725 0
0.3345 17.2382 0 -5.16537 0 0.0145944 0
0.335 17.264 0 -5.17309 0 0.0146162 0
0.3355 17.2897 0 -5.18081 0 0.014638 0
0.336 17.3155 0 -5.18853 0 0.0146598 0
0.3365 17.3413 0 -5.19625 0 0.0146816 0
0.337 17.367 0 -5.20397 0 0.0147034 0
0.3375 17.3928 0 -5.21169 0 0.0147252 0
0.338 17.4186 0 -5.21942 0 0.0147471 0
0.3385 17.4444 0 -5.22714 0 0.0147689 0
0.339 17.4701 0 -5.23486 0 0.0147907 0
0.3395 17.4959 0 -5.24258 0 0.0148125 0
0.34 17.5217 0 -5.2503 0 0.0148343 0
0.3405 17.5474 0 -5.25802 0 0.0148561 0
0.341 17.5732 0 -5.26574 0 0.014878 0
0.3415 17.599 0 -5.27346 0 0.0148998 0
0.342 17.6247 0 -5.28118 0 0.0149216 0
0.3425 17.6505 0 -5.28891 0 0.0149434 0
0.343 17.6763 0 -5.29663 0 0.0149652 0
0.3435 17.702 0 -5.30435 0 0.014987 0
0.344 17.7278 0 -5.31207 0 0.0150088 0
0.3445 17.7536 0 -5.31979 0 0.0150307 0
0.345 17.7793 0 -5.32751 0 0.0150525 0
0.3455 17.8051 0 -5.33523 0 0.0150743 0
0.346 17.8309 0 -5.34295 0 0.0150961 0
0.3465 17.8566 0 -5.35067 0 0.0151179 0
0.347 17.8824 0 -5.35839 0 0.0151397 0
0.3475 17.9082 0 -5.36612 0 0.0151616 0
0.348 17.9339 0 -5.37384 0 0.0151834 0
0.3485 17.9597 0 -5.38156 0 0.0152052 0
0.349 17.9855 0 -5.38928 0 0.015227 0
0.3495 18.0112 0 -5.397 0 0.0152488 0
0.35 18.037 0 -5.40472 0 0.0152706 0
0.3505 18.0628 0 -5.41244 0 0.0152924 0
0.351 18.0885 0 -5.42016 0 0.0153143 0
0.3515 18.1143 0 -5.42788 0 0.0153361 0
0.352 18.1401 0 -5.4356 0 0.0153579 0
0.3525 18.1658 0 -5.44333 0 0.0153797 0
0.353 18.1916 0 -5.45105 0 0.0154015 0
0.3535 18.2174 0 -5.45877 0 0.0154233 0
0.354 18.2431 0 -5.46649 0 0.0154451 0
0.3545 18.2689 0 -5.47421 0 0.015467 0
0.355 18.2947 0 -5.48193 0 0.0154888 0
0.3555 18.3204 0 -5.48965 0 0.0155106 0
0.356 18.3462 0 -5.49737 0 0.0155324 0
0.3565 18.372 0 -5.50509 0 0.0155542 0
0.357 18.3977 0 -5.51282 0 0.015576 0
0.3575 18.4235 0 -5.52054 0 0.0155979 0
0.358 18.4493 0 -5.52826 0 0.0156197 0
0.3585 18.475 0 -5.53598 0 0.0156415 0
0.359 18.5008 0 -5.5437 0 0.0156633 0
0.3595 18.5266 0 -5.55142 0 0.0156851 0
0.36 18.5523 0 -5.55914 0 0.0157069 0
0.3605 18.5781 0 -5.56686 0 0.0157287 0
0.361 18.6039 0 -5.57458 0 0.0157506 0
0.3615 18.6296 0 -5.5823 0 0.0157724 0
0.362 18.6554 0 -5.59003 0 0.0157942 0
0.3625 18.6812 0 -5.59775 0 0.015816 0
0.363 18.7069 0 -5.60547 0 0.0158378 0
0.3635 18.7327 0 -5.61319 0 0.0158596 0
0.364 18.7585 0 -5.62091 0 0.0158815 0
0.3645 18.7842 0 -5.62863 0 0.0159033 0
0.365 18.81 0 -5.63635 0 0.0159251 0
0.3655 18.8358 0 -5.64407 0 0.0159469 0
0.366 18.8615 0 -5.65179 0 0.0159687 0
0.3665 18.8873 0 -5.65951 0 0.0159905 0
0.367 18.9131 0 -5.66724 0 0.0160123 0
0.3675 18.9388 0 -5.67496 0 0.0160342 0
0.368 18.9646 0 -5.68268 0 0.016056 0
0.3685 18.9904 0 -5.6904 0 0.0160778 0
0.369 19.0161 0 -5.69812 0 0.0160996 0
0.3695 19.0419 0 -5.70584 0 0.0161214 0
0.37 19.0677 0 -5.71356 0 0.0161432 0
0.3705 19.0934 0 -5.72128 0 0.016165 0
0.371 19.1192 0 -5.729 0 0.0161869 0
0.3715 19.145 0 -5.73672 0 0.0162087 0
0.372 19.1707 0 -5.74445 0 0.0162305 0
0.3725 19.1965 0 -5.75217 0 0.0162523 0
0.373 19.2223 0 -5.75989 0 0.0162741 0
0.3735 19.248 0 -5.76761 0 0.0162959 0
0.374 19.2738 0 -5.77533 0 0.0163178 0
0.3745 19.2996 0 -5.78305 0 0.0163396 0
0.375 19.3254 0 -5.79077 0 0.0163614 0
0.3755 19.3511 0 -5.79849 0 0.0163832 0
0.376 19.3769 0 -5.80621 0 0.016405 0
0.3765 19.4027 0 -5.81394 0 0.0164268 0
0.377 19.4284 0 -5.82166 0 0.0164486 0
0.3775 19.4542 0 -5.82938 0 0.0164705 0
0.378 19.48 0 -5.8371 0 0.0164923 0
0.3785 19.5057 0 -5.84482 0 0.0165141 0
0.379 19.5315 0 -5.85254 0 0.0165359 0
0.3795 19.5573 0 -5.86026 0 0.0165577 0
0.38 19.583 0 -5.86798 0 0.0165795 0
0.3805 19.6088 0 -5.8757 0 0.0166014 0
0.381 19.6346 0 -5.88342 0 0.0166232 0
0.3815 19.6603 0 -5.89115 0 0.016645 0
0.382 19.6861 0 -5.89887 0 0.0166668 0
0.3825 19.7119 0 -5.90659 0 0.0166886 0
0.383 19.7376 0 -5.91431 0 0.0167104 0
0.3835 19.7634 0 -5.92203 0 0.0167322 0
0.384 19.7892 0 -5.92975 0 0.0167541 0
0.3845 19.8149 0 -5.93747 0 0.0167759 0
0.385 19.8407 0 -5.94519 0 0.0167977 0
0.3855 19.8665 0 -5.95291 0 0.0168195 0
0.386 19.8922 0 -5.96063 0 0.0168413 0
0.3865 19.918 0 -5.96836 0 0.0168631 0
0.387 19.9438 0 -5.97608 0 0.0168849 0
0.3875 19.9695 0 -5.9838 0 0.0169068 0
0.388 19.9953 0 -5.99152 0 0.0169286 0
0.3885 20.0211 0 -5.99924 0 0.0169504 0
0.389 20.0468 0 -6.00696 0 0.0169722 0
0.3895 20.0726 0 -6.01468 0 0.016994 0
0.39 20.0984 0 -6.0224 0 0.0170158 0
0.3905 20.1241 0 -6.03012 0 0.0170377 0
0.391 20.1499 0 -6.03785 0 0.0170595 0
0.3915 20.1757 0 -6.04557 0 0.0170813 0
0.392 20.2014 0 -6.05329 0 0.0171031 0
0.3925 20.2272 0 -6.06101 0 0.0171249 0
0.393 20.253 0 -6.06873 0 0.0171467 0
0.3935 20.2787 0 -6.07645 0 0.0171685 0
0.394 20.3045 0 -6.08417 0 0.0171904 0
0.3945 20.3303 0 -6.09189 0 0.0172122 0
0.395 20.356 0 -6.09961 0 0.017234 0
0.3955 20.3818 0 -6.10733 0 0.0172558 0
0.396 20.4076 0 -6.11506 0 0.0172776 0
0.3965 20.4333 0 -6.12278 0 0.0172994 0
0.397 20.4591 0 -6.1305 0 0.0173213 0
0.3975 20.4849 0 -6.13822 0 0.0173431 0
0.398 20.5106 0 -6.14594 0 0.0173649 0
0.3985 20.5364 0 -6.15366 0 0.0173867 0
0.399 20.5622 0 -6.16138 0 0.0174085 0
0.3995 20.5879 0 -6.1691 0 0.0174303 0
0.4 20.6137 0 -6.17682 0 0.0174521 0
0.4005 20.6395 0 -6.18454 0 0.017474 0
0.401 20.6652 0 -6.19227 0 0.0174958 0
0.4015 20.691 0 -6.19999 0 0.0175176 0
0.402 20.7168 0 -6.20771 0 0.0175394 0
0.4025 20.7425 0 -6.21543 0 0.0175612 0
0.403 20.7683 0 -6.22315 0 0.017583 0
0.4035 20.7941 0 -6.23087 0 0.0176049 0
0.404 20.8198 0 -6.23859 0 0.0176267 0
0.4045 20.8456 0 -6.24631 0 0.0176485 0
0.405 20.8714 0 -6.25403 0 0.0176703 0
0.4055 20.8971 0 -6.26175 0 0.0176921 0
0.406 20.9229 0 -6.26948 0 0.0177139 0
0.4065 20.9487 0 -6.2772 0 0.0177357 0
0.407 20.9744 0 -6.28492 0 0.0177576 0
0.4075 21.0002 0 -6.29264 0 0.0177794 0
0.408 21.026 0 -6.30036 0 0.0178012 0
0.4085 21.0517 0 -6.30808 0 0.017823 0
0.409 21.0775 0 -6.3158 0 0.0178448 0
0.4095 21.1033 0 -6.32352 0 0.0178666 0
0.41 21.1291 0 -6.33124 0 0.0178884 0
0.4105 21.1548 0 -6.33897 0 0.0179103 0
0.411 21.1806 0 -6.34669 0 0.0179321 0
0.4115 21.2064 0 -6.35441 0 0.0179539 0
0.412 21.2321 0 -6.36213 0 0.0179757 0
0.4125 21.2579 0 -6.36985 0 0.0179975 0
0.413 21.2837 0 -6.37757 0 0.0180193 0
0.4135 21.3094 0 -6.38529 0 0.0180412 0
0.414 21.3352 0 -6.39301 0 0.018063 0
0.4145 21.361 0 -6.40073 0 0.0180848 0
0.415 21.3867 0 -6.40845 0 0.0181066 0
0.4155 21.4125 0 -6.41618 0 0.0181284 0
0.416 21.4383 0 -6.4239 0 0.0181502 0
0.4165 21.464 0 -6.43162 0 0.018172 0
0.417 21.4898 0 -6.43934 0 0.0181939 0
0.4175 21.5156 0 -6.44706 0 0.0182157 0
0.418 21.5413 0 -6.45478 0 0.0182375 0
0.4185 21.5671 0 -6.4625 0 0.0182593 0
0.419 21.5929 0 -6.47022 0 0.0182811 0
0.4195 21.6186 0 -6.47794 0 0.0183029 0
0.42 21.6444 0 -6.48566 0 0.0183248 0
0.4205 21.6702 0 -6.49339 0 0.0183466 0
0.421 21.6959 0 -6.50111 0 0.0183684 0
0.4215 21.7217 0 -6.50883 0 0.0183902 0
0.422 21.7475 0 -6.51655 0 0.018412 0
0.4225 21.7732 0 -6.52427 0 0.0184338 0
0.423 21.799 0 -6.53199 0 0.0184556 0
0.4235 21.8248 0 -6.53971 0 0.0184775 0
0.424 21.8505 0 -6.54743 0 0.0184993 0
0.4245 21.8763 0 -6.55515 0 0.0185211 0
0.425 21.9021 0 -6.56288 0 0.0185429 0
0.4255 21.9278 0 -6.5706 0 0.0185647 0
0.426 21.9536 0 -6.57832 0 0.0185865 0
0.4265 21.9794 0 -6.58604 0 0.0186083 0
0.427 22.0051 0 -6.59376 0 0.0186302 0
0.4275 22.0309 0 -6.60148 0 0.018652 0
0.428 22.0567 0 -6.6092 0 0.0186738 0
0.4285 22.0824 0 -6.61692 0 0.0186956 0
0.429 22.1082 0 -6.62464 0 0.0187174 0
0.4295 22.134 0 -6.63236 0 0.0187392 0
0.43 22.1597 0 -6.64009 0 0.0187611 0
0.4305 22.1855 0 -6.64781 0 0.0187829 0
0.431 22.2113 0 -6.65553 0 0.0188047 0
0.4315 22.237 0 -6.66325 0 0.0188265 0
0.432 22.2628 0 -6.67097 0 0.0188483 0
0.4325 22.2886 0 -6.67869 0 0.0188701 0
0.433 22.3143 0 -6.68641 0 0.0188919 0
0.4335 22.3401 0 -6.69413 0 0.0189138 0
0.434 22.3659 0 -6.70185 0 0.0189356 0
0.4345 22.3916 0 -6.70957 0 0.0189574 0
0.435 22.4174 0 -6.7173 0 0.0189792 0
0.4355 22.4432 0 -6.72502 0 0.019001 0
0.436 22.4689 0 -6.73274 0 0.0190228 0
0.4365 22.4947 0 -6.74046 0 0.0190447 0
0.437 22.5205 0 -6.74818 0 0.0190665 0
0.4375 22.5462 0 -6.7559 0 0.0190883 0
0.438 22.572 0 -6.76362 0 0.0191101 0
0.4385 22.5978 0 -6.77134 0 0.0191319 0
0.439 22.6235 0 -6.77906 0 0.0191537 0
0.4395 22.6493 0 -6.78678 0 0.0191755 0
0.44 22.6751 0 -6.79451 0 0.0191974 0
0.4405 22.7008 0 -6.80223 0 0.0192192 0
0.441 22.7266 0 -6.80995 0 0.019241 0
0.4415 22.7524 0 -6.81767 0 0.0192628 0
0.442 22.7781 0 -6.82539 0 0.0192846 0
0.4425 22.8039 0 -6.83311 0 0.0193064 0
0.443 22.8297 0 -6.84083 0 0.0193282 0
0.4435 22.8554 0 -6.84855 0 0.0193501 0
0.444 22.8812 0 -6.85627 0 0.0193719 0
0.4445 22.907 0 -6.864 0 0.0193937 0
0.445 22.9327 0 -6.87172 0 0.0194155 0
0.4455 22.9585 0 -6.87944 0 0.0194373 0
0.446 22.9843 0 -6.88716 0 0.0194591 0
0.4465 23.0101 0 -6.89488 0 0.019481 0
0.447 23.0358 0 -6.9026 0 0.0195028 0
0.4475 23.0616 0 -6.91032 0 0.0195246 0
0.448 23.0874 0 -6.91804 0 0.0195464 0
0.4485 23.1131 0 -6.92576 0 0.0195682 0
0.449 23.1389 0 -6.93348 0 0.01959 0
0.4495 23.1647 0 -6.94121 0 0.0196118 0
0.45 23.1904 0 -6.94893 0 0.0196337 0
0.4505 23.2162 0 -6.95665 0 0.0196555 0
0.451 23.242 0 -6.96437 0 0.0196773 0
0.4515 23.2677 0 -6.97209 0 0.0196991 0
0.452 23.2935 0 -6.97981 0 0.0197209 0
0.4525 23.3193 0 -6.98753 0 0.0197427 0
0.453 23.345 0 -6.99525 0 0.0197646 0
0.4535 23.3708 0 -7.00297 0 0.0197864 0
0.454 23.3966 0 -7.01069 0 0.0198082 0
0.4545 23.4223 0 -7.01842 0 0.01983 0
0.455 23.4481 0 -7.02614 0 0.0198518 0
0.4555 23.4739 0 -7.03386 0 0.0198736 0
0.456 23.4996 0 -7.04158 0 0.0198954 0
0.4565 23.5254 0 -7.0493 0 0.0199173 0
0.457 23.5512 0 -7.05702 0 0.0199391 0
0.4575 23.5769 0 -7.06474 0 0.0199609 0
0.458 23.6027 0 -7.07246 0 0.0199827 0
0.4585 23.6285 0 -7.08018 0 0.0200045 0
0.459 23.6542 0 -7.08791 0 0.0200263 0
0.4595 23.68 0 -7.09563 0 0.0200482 0
0.46 23.7058 0 -7.10335 0 0.02007 0
0.4605 23.7315 0 -7.11107 0 0.0200918 0
0.461 23.7573 0 -7.11879 0 0.0201136 0
0.4615 23.7831 0 -7.12651 0 0.0201354 0
0.462 23.8088 0 -7.13423 0 0.0201572 0
0.4625 23.8346 0 -7.14195 0 0.020179 0
0.463 23.8604 0 -7.14967 0 0.0202009 0
0.4635 23.8861 0 -7.15739 0 0.0202227 0
0.464 23.9119 0 -7.16512 0 0.0202445 0
0.4645 23.9377 0 -7.17284 0 0.0202663 0
0.465 23.9634 0 -7.18056 0 0.0202881 0
0.4655 23.9892 0 -7.18828 0 0.0203099 0
0.466 24.015 0 -7.196 0 0.0203317 0
0.4665 24.0407 0 -7.20372 0 0.0203536 0
0.467 24.0665 0 -7.21144 0 0.0203754 0
0.4675 24.0923 0 -7.21916 0 0.0203972 0
0.468 24.118 0 -7.22688 0 0.020419 0
0.4685 24.1438 0 -7.2346 0 0.0204408 0
0.469 24.1696 0 -7.24233 0 0.0204626 0
0.4695 24.1953 0 -7.25005 0 0.0204845 0
0.47 24.2211 0 -7.25777 0 0.0205063 0
0.4705 24.2469 0 -7.26549 0 0.0205281 0
0.471 24.2726 0 -7.27321 0 0.0205499 0
0.4715 24.2984 0 -7.28093 0 0.0205717 0
0.472 24.3242 0 -7.28865 0 0.0205935 0
0.4725 24.3499 0 -7.29637 0 0.0206153 0
0.473 24.3757 0 -7.30409 0 0.0206372 0
0.4735 24.4015 0 -7.31181 0 0.020659 0
0.474 24.4272 0 -7.31954 0 0.0206808 0
0.4745 24.453 0 -7.32726 0 0.0207026 0
0.475 24.4788 0 -7.33498 0 0.0207244 0
0.4755 24.5045 0 -7.3427 0 0.0207462 0
0.476 24.5303 0 -7.35042 0 0.0207681 0
0.4765 24.5561 0 -7.35814 0 0.0207899 0
0.477 24.5818 0 -7.36586 0 0.0208117 0
0.4775 24.6076 0 -7.37358 0 0.0208335 0
0.478 24.6334 0 -7.3813 0 0.0208553 0
0.4785 24.6591 0 -7.38903 0 0.0208771 0
0.479 24.6849 0 -7.39675 0 0.0208989 0
0.4795 24.7107 0 -7.40447 0 0.0209208 0
0.48 24.7364 0 -7.41219 0 0.0209426 0
0.4805 24.7622 0 -7.41991 0 0.0209644 0
0.481 24.788 0 -7.42763 0 0.0209862 0
0.4815 24.8138 0 -7.43535 0 0.021008 0
0.482 24.8395 0 -7.44307 0 0.0210298 0
0.4825 24.8653 0 -7.45079 0 0.0210516 0
0.483 24.8911 0 -7.45851 0 0.0210735 0
0.4835 24.9168 0 -7.46624 0 0.0210953 0
0.484 24.9426 0 -7.47396 0 0.0211171 0
0.4845 24.9684 0 -7.48168 0 0.0211389 0
0.485 24.9941 0 -7.4894 0 0.0211607 0
0.4855 25.0199 0 -7.49712 0 0.0211825 0
0.486 25.0457 0 -7.50484 0 0.0212044 0
0.4865 25.0714 0 -7.51256 0 0.0212262 0
0.487 25.0972 0 -7.52028 0 0.021248 0
0.4875 25.123 0 -7.528 0 0.0212698 0
0.488 25.1487 0 -7.53572 0 0.0212916 0
0.4885 25.1745 0 -7.54345 0 0.0213134 0
0.489 25.2003 0 -7.55117 0 0.0213352 0
0.4895 25.226 0 -7.55889 0 0.0213571 0
0.49 25.2518 0 -7.56661 0 0.0213789 0
0.4905 25.2776 0 -7.57433 0 0.0214007 0
0.491 25.3033 0 -7.58205 0 0.0214225 0
0.4915 25.3291 0 -7.58977 0 0.0214443 0
0.492 25.3549 0 -7.59749 0 0.0214661 0
0.4925 25.3806 0 -7.60521 0 0.021488 0
0.493 25.4064 0 -7.61294 0 0.0215098 0
0.4935 25.4322 0 -7.62066 0 0.0215316 0
0.494 25.4579 0 -7.62838 0 0.0215534 0
0.4945 25.4837 0 -7.6361 0 0.0215752 0
0.495 25.5095 0 -7.64382 0 0.021597 0
0.4955 25.5352 0 -7.65154 0 0.0216188 0
0.496 25.561 0 -7.65926 0 0.0216407 0
0.4965 25.5868 0 -7.66698 0 0.0216625 0
0.497 25.6125 0 -7.6747 0 0.0216843 0
0.4975 25.6383 0 -7.68242 0 0.0217061 0
0.498 25.6641 0 -7.69015 0 0.0217279 0
0.4985 25.6898 0 -7.69787 0 0.0217497 0
0.499 25.7156 0 -7.70559 0 0.0217715 0
0.4995 25.7414 0 -7.71331 0 0.0217934 0
0.5 25.7671 0 -7.72103 0 0.0218152 0
0.5005 25.7929 0 -7.72875 0 0.021837 0
0.501 25.8187 0 -7.73647 0 0.0218588 0
0.5015 25.8444 0 -7.74419 0 0.0218806 0
0.502 25.8702 0 -7.75191 0 0.0219024 0
0.5025 25.896 0 -7.75963 0 0.0219243 0
0.503 25.9217 0 -7.76736 0 0.0219461 0
0.5035 25.9475 0 -7.77508 0 0.0219679 0
0.504 25.9733 0 -7.7828 0 0.0219897 0
0.5045 25.999 0 -7.79052 0 0.0220115 0
0.505 26.0248 0 -7.79824 0 0.0220333 0
0.5055 26.0506 0 -7.80596 0 0.0220551 0
0.506 26.0763 0 -7.81368 0 0.022077 0
0.5065 26.1021 0 -7.8214 0 0.0220988 0
0.507 26.1279 0 -7.82912 0 0.0221206 0
0.5075 26.1536 0 -7.83684 0 0.0221424 0
0.508 26.1794 0 -7.84457 0 0.0221642 0
0.5085 26.2052 0 -7.85229 0 0.022186 0
0.509 26.2309 0 -7.86001 0 0.0222079 0
0.5095 26.2567 0 -7.86773 0 0.0222297 0
0.51 26.2825 0 -7.87545 0 0.0222515 0
0.5105 26.3082 0 -7.88317 0 0.0222733 0
0.511 26.334 0 -7.89089 0 0.0222951 0
0.5115 26.3598 0 -7.89861 0 0.0223169 0
0.512 26.3855 0 -7.90633 0 0.0223387 0
0.5125 26.4113 0 -7.91406 0 0.0223606 0
0.513 26.4371 0 -7.92178 0 0.0223824 0
0.5135 26.4628 0 -7.9295 0 0.0224042 0
0.514 26.4886 0 -7.93722 0 0.022426 0
0.5145 26.5144 0 -7.94494 0 0.0224478 0
0.515 26.5401 0 -7.95266 0 0.0224696 0
0.5155 26.5659 0 -7.96038 0 0.0224915 0
0.516 26.5917 0 -7.9681 0 0.0225133 0
0.5165 26.6175 0 -7.97582 0 0.0225351 0
0.517 26.6432 0 -7.98354 0 0.0225569 0
0.5175 26.669 0 -7.99127 0 0.0225787 0
0.518 26.6948 0 -7.99899 0 0.0226005 0
0.5185 26.7205 0 -8.00671 0 0.0226223 0
0.519 26.7463 0 -8.01443 0 0.0226442 0
0.5195 26.7721 0 -8.02215 0 0.022666 0
0.52 26.7978 0 -8.02987 0 0.0226878 0
0.5205 26.8236 0 -8.03759 0 0.0227096 0
0.521 26.8494 0 -8.04531 0 0.0227314 0
0.5215 26.8751 0 -8.05303 0 0.0227532 0
0.522 26.9009 0 -8.06075 0 0.022775 0
0.5225 26.9267 0 -8.06848 0 0.0227969 0
0.523 26.9524 0 -8.0762 0 0.0228187 0
0.5235 26.9782 0 -8.08392 0 0.0228405 0
0.524 27.004 0 -8.09164 0 0.0228623 0
0.5245 27.0297 0 -8.09936 0 0.0228841 0
0.525 27.0555 0 -8.10708 0 0.0229059 0
0.5255 27.0813 0 -8.1148 0 0.0229278 0
0.526 27.107 0 -8.12252 0 0.0229496 0
0.5265 27.1328 0 -8.13024 0 0.0229714 0
0.527 27.1586 0 -8.13797 0 0.0229932 0
0.5275 27.1843 0 -8.14569 0 0.023015 0
0.528 27.2101 0 -8.15341 0 0.0230368 0
0.5285 27.2359 0 -8.16113 0 0.0230586 0
0.529 27.2616 0 -8.16885 0 0.0230805 0
0.5295 27.2874 0 -8.17657 0 0.0231023 0
0.53 27.3132 0 -8.18429 0 0.0231241 0
0.5305 27.3389 0 -8.19201 0 0.0231459 0
0.531 27.3647 0 -8.19973 0 0.0231677 0
0.5315 27.3905 0 -8.20745 0 0.0231895 0
0.532 27.4162 0 -8.21518 0 0.0232114 0
0.5325 27.442 0 -8.2229 0 0.0232332 0
0.533 27.4678 0 -8.23062 0 0.023255 0
0.5335 27.4935 0 -8.23834 0 0.0232768 0
0.534 27.5193 0 -8.24606 0 0.0232986 0
0.5345 27.5451 0 -8.25378 0 0.0233204 0
0.535 27.5708 0 -8.2615 0 0.0233422 0
0.5355 27.5966 0 -8.26922 0 0.0233641 0
0.536 27.6224 0 -8.27694 0 0.0233859 0
0.5365 27.6481 0 -8.28466 0 0.0234077 0
0.537 27.6739 0 -8.29239 0 0.0234295 0
0.5375 27.6997 0 -8.30011 0 0.0234513 0
0.538 27.7254 0 -8.30783 0 0.0234731 0
0.5385 27.7512 0 -8.31555 0 0.0234949 0
0.539 27.777 0 -8.32327 0 0.0235168 0
0.5395 27.8027 0 -8.33099 0 0.0235386 0
0.54 27.8285 0 -8.33871 0 0.0235604 0
0.5405 27.8543 0 -8.34643 0 0.0235822 0
0.541 27.88 0 -8.35415 0 0.023604 0
0.5415 27.9058 0 -8.36187 0 0.0236258 0
0.542 27.9316 0 -8.3696 0 0.0236477 0
0.5425 27.9573 0 -8.37732 0 0.0236695 0
0.543 27.9831 0 -8.38504 0 0.0236913 0
0.5435 28.0089 0 -8.39276 0 0.0237131 0
0.544 28.0346 0 -8.40048 0 0.0237349 0
0.5445 28.0604 0 -8.4082 0 0.0237567 0
0.545 28.0862 0 -8.41592 0 0.0237785 0
0.5455 28.1119 0 -8.42364 0 0.0238004 0
0.546 28.1377 0 -8.43136 0 0.0238222 0
0.5465 28.1635 0 -8.43909 0 0.023844 0
0.547 28.1892 0 -8.44681 0 0.0238658 0
0.5475 28.215 0 -8.45453 0 0.0238876 0
0.548 28.2408 0 -8.46225 0 0.0239094 0
0.5485 28.2665 0 -8.46997 0 0.0239313 0
0.549 28.2923 0 -8.47769 0 0.0239531 0
0.5495 28.3181 0 -8.48541 0 0.0239749 0
0.55 28.3438 0 -8.49313 0 0.0239967 0
0.5505 28.3696 0 -8.50085 0 0.0240185 0
0.551 28.3954 0 -8.50857 0 0.0240403 0
0.5515 28.4211 0 -8.5163 0 0.0240621 0
0.552 28.4469 0 -8.52402 0 0.024084 0
0.5525 28.4727 0 -8.53174 0 0.0241058 0
0.553 28.4985 0 -8.53946 0 0.0241276 0
0.5535 28.5242 0 -8.54718 0 0.0241494 0
0.554 28.55 0 -8.5549 0 0.0241712 0
0.5545 28.5758 0 -8.56262 0 0.024193 0
0.555 28.6015 0 -8.57034 0 0.0242149 0
0.5555 28.6273 0 -8.57806 0 0.0242367 0
0.556 28.6531 0 -8.58578 0 0.0242585 0
0.5565 28.6788 0 -8.59351 0 0.0242803 0
0.557 28.7046 0 -8.60123 0 0.0243021 0
0.5575 28.7304 0 -8.60895 0 0.0243239 0
0.558 28.7561 0 -8.61667 0 0.0243457 0
0.5585 28.7819 0 -8.62439 0 0.0243676 0
0.559 28.8077 0 -8.63211 0 0.0243894 0
0.5595 28.8334 0 -8.63983 0 0.0244112 0
0.56 28.8592 0 -8.64755 0 0.024433 0
0.5605 28.885 0 -8.65527 0 0.0244548 0
0.561 28.9107 0 -8.663 0 0.0244766 0
0.5615 28.9365 0 -8.67072 0 0.0244984 0
0.562 28.9623 0 -8.67844 0 0.0245203 0
0.5625 28.988 0 -8.68616 0 0.0245421 0
0.563 29.0138 0 -8.69388 0 0.0245639 0
0.5635 29.0396 0 -8.7016 0 0.0245857 0
0.564 29.0653 0 -8.70932 0 0.0246075 0
0.5645 29.0911 0 -8.71704 0 0.0246293 0
0.565 29.1169 0 -8.72476 0 0.0246512 0
0.5655 29.1426 0 -8.73248 0 0.024673 0
0.566 29.1684 0 -8.74021 0 0.0246948 0
0.5665 29.1942 0 -8.74793 0 0.0247166 0
0.567 29.2199 0 -8.75565 0 0.0247384 0
0.5675 29.2457 0 -8.76337 0 0.0247602 0
0.568 29.2715 0 -8.77109 0 0.024782 0
0.5685 29.2972 0 -8.77881 0 0.0248039 0
0.569 29.323 0 -8.78653 0 0.0248257 0
0.5695 29.3488 0 -8.79425 0 0.0248475 0
0.57 29.3745 0 -8.80197 0 0.0248693 0
0.5705 29.4003 0 -8.80969 0 0.0248911 0
0.571 29.4261 0 -8.81742 0 0.0249129 0
0.5715 29.4518 0 -8.82514 0 0.0249348 0
0.572 29.4776 0 -8.83286 0 0.0249566 0
0.5725 29.5034 0 -8.84058 0 0.0249784 0
0.573 29.5291 0 -8.8483 0 0.0250002 0
0.5735 29.5549 0 -8.85602 0 0.025022 0
0.574 29.5807 0 -8.86374 0 0.0250438 0
0.5745 29.6064 0 -8.87146 0 0.0250656 0
0.575 29.6322 0 -8.87918 0 0.0250875 0
0.5755 29.658 0 -8.8869 0 0.0251093 0
0.576 29.6837 0 -8.89463 0 0.0251311 0
0.5765 29.7095 0 -8.90235 0 0.0251529 0
0.577 29.7353 0 -8.91007 0 0.0251747 0
0.5775 29.761 0 -8.91779 0 0.0251965 0
0.578 29.7868 0 -8.92551 0 0.0252183 0
0.5785 29.8126 0 -8.93323 0 0.0252402 0
0.579 29.8383 0 -8.94095 0 0.025262 0
0.5795 29.8641 0 -8.94867 0 0.0252838 0
0.58 29.8899 0 -8.95639 0 0.0253056 0
0.5805 29.9156 0 -8.96412 0 0.0253274 0
0.581 29.9414 0 -8.97184 0 0.0253492 0
0.5815 29.9672 0 -8.97956 0 0.0253711 0
0.582 29.9929 0 -8.98728 0 0.0253929 0
0.5825 30.0187 0 -8.995 0 0.0254147 0
0.583 30.0445 0 -9.00272 0 0.0254365 0
0.5835 30.0702 0 -9.01044 0 0.0254583 0
0.584 30.096 0 -9.01816 0 0.0254801 0
0.5845 30.1218 0 -9.02588 0 0.0255019 0
0.585 30.1475 0 -9.0336 0 0.0255238 0
0.5855 30.1733 0 -9.04133 0 0.0255456 0
0.586 30.1991 0 -9.04905 0 0.0255674 0
0.5865 30.2248 0 -9.05677 0 0.0255892 0
0.587 30.2506 0 -9.06449 0 0.025611 0
0.5875 30.2764 0 -9.07221 0 0.0256328 0
0.588 30.3022 0 -9.07993 0 0.0256547 0
0.5885 30.3279 0 -9.08765 0 0.0256765 0
0.589 30.3537 0 -9.09537 0 0.0256983 0
0.5895 30.3795 0 -9.10309 0 0.0257201 0
0.59 30.4052 0 -9.11081 0 0.0257419 0
0.5905 30.431 0 -9.11854 0 0.0257637 0
0.591 30.4568 0 -9.12626 0 0.0257855 0
0.5915 30.4825 0 -9.13398 0 0.0258074 0
0.592 30.5083 0 -9.1417 0 0.0258292 0
0.5925 30.5341 0 -9.14942 0 0.025851 0
0.593 30.5598 0 -9.15714 0 0.0258728 0
0.5935 30.5856 0 -9.16486 0 0.0258946 0
0.594 30.6114 0 -9.17258 0 0.0259164 0
0.5945 30.6371 0 -9.1803 0 0.0259382 0
0.595 30.6629 0 -9.18803 0 0.0259601 0
0.5955 30.6887 0 -9.19575 0 0.0259819 0
0.596 30.7144 0 -9.20347 0 0.0260037 0
0.5965 30.7402 0 -9.21119 0 0.0260255 0
0.597 30.766 0 -9.21891 0 0.0260473 0
0.5975 30.7917 0 -9.22663 0 0.0260691 0
0.598 30.8175 0 -9.23435 0 0.026091 0
0.5985 30.8433 0 -9.24207 0 0.0261128 0
0.599 30.869 0 -9.24979 0 0.0261346 0
0.5995 30.8948 0 -9.25751 0 0.0261564 0
0.6 30.9206 0 -9.26524 0 0.0261782 0
0.6005 30.9463 0 -9.27296 0 0.0262 0
0.601 30.9721 0 -9.28068 0 0.0262218 0
0.6015 30.9979 0 -9.2884 0 0.0262437 0
0.602 31.0236 0 -9.29612 0 0.0262655 0
0.6025 31.0494 0 -9.30384 0 0.0262873 0
0.603 31.0752 0 -9.31156 0 0.0263091 0
0.6035 31.1009 0 -9.31928 0 0.0263309 0
0.604 31.1267 0 -9.327 0 0.0263527 0
0.6045 31.1525 0 -9.33472 0 0.0263746 0
0.605 31.1782 0 -9.34245 0 0.0263964 0
0.6055 31.204 0 -9.35017 0 0.0264182 0
0.606 31.2298 0 -9.35789 0 0.02644 0
0.6065 31.2555 0 -9.36561 0 0.0264618 0
0.607 31.2813 0 -9.37333 0 0.0264836 0
0.6075 31.3071 0 -9.38105 0 0.0265054 0
0.608 31.3328 0 -9.38877 0 0.0265273 0
0.6085 31.3586 0 -9.39649 0 0.0265491 0
0.609 31.3844 0 -9.40421 0 0.0265709 0
0.6095 31.4101 0 -9.41193 0 0.0265927 0
0.61 31.4359 0 -9.41966 0 0.0266145 0
0.6105 31.4617 0 -9.42738 0 0.0266363 0
0.611 31.4874 0 -9.4351 0 0.0266582 0
0.6115 31.5132 0 -9.44282 0 0.02668 0
0.612 31.539 0 -9.45054 0 0.0267018 0
0.6125 31.5647 0 -9.45826 0 0.0267236 0
0.613 31.5905 0 -9.46598 0 0.0267454 0
0.6135 31.6163 0 -9.4737 0 0.0267672 0
0.614 31.642 0 -9.48142 0 0.026789 0
0.6145 31.6678 0 -9.48915 0 0.0268109 0
0.615 31.6936 0 -9.49687 0 0.0268327 0
0.6155 31.7193 0 -9.50459 0 0.0268545 0
0.616 31.7451 0 -9.51231 0 0.0268763 0
0.6165 31.7709 0 -9.52003 0 0.0268981 0
0.617 31.7966 0 -9.52775 0 0.0269199 0
0.6175 31.8224 0 -9.53547 0 0.0269417 0
0.618 31.8482 0 -9.54319 0 0.0269636 0
0.6185 31.8739 0 -9.55091 0 0.0269854 0
0.619 31.8997 0 -9.55863 0 0.0270072 0
0.6195 31.9255 0 -9.56636 0 0.027029 0
0.62 31.9512 0 -9.57408 0 0.0270508 0
0.6205 31.977 0 -9.5818 0 0.0270726 0
0.621 32.0028 0 -9.58952 0 0.0270945 0
0.6215 32.0285 0 -9.59724 0 0.0271163 0
0.622 32.0543 0 -9.60496 0 0.0271381 0
0.6225 32.0801 0 -9.61268 0 0.0271599 0
0.623 32.1058 0 -9.6204 0 0.0271817 0
0.6235 32.1316 0 -9.62812 0 0.0272035 0
0.624 32.1574 0 -9.63584 0 0.0272253 0
0.6245 32.1832 0 -9.64357 0 0.0272472 0
0.625 32.2089 0 -9.65129 0 0.027269 0
0.6255 32.2347 0 -9.65901 0 0.0272908 0
0.626 32.2605 0 -9.66673 0 0.0273126 0
0.6265 32.2862 0 -9.67445 0 0.0273344 0
0.627 32.312 0 -9.68217 0 0.0273562 0
0.6275 32.3378 0 -9.68989 0 0.0273781 0
0.628 32.3635 0 -9.69761 0 0.0273999 0
0.6285 32.3893 0 -9.70533 0 0.0274217 0
0.629 32.4151 0 -9.71306 0 0.0274435 0
0.6295 32.4408 0 -9.72078 0 0.0274653 0
0.63 32.4666 0 -9.7285 0 0.0274871 0
0.6305 32.4924 0 -9.73622 0 0.0275089 0
0.631 32.5181 0 -9.74394 0 0.0275308 0
0.6315 32.5439 0 -9.75166 0 0.0275526 0
0.632 32.5697 0 -9.75938 0 0.0275744 0
0.6325 32.5954 0 -9.7671 0 0.0275962 0
0.633 32.6212 0 -9.77482 0 0.027618 0
0.6335 32.647 0 -9.78254 0 0.0276398 0
0.634 32.6727 0 -9.79027 0 0.0276616 0
0.6345 32.6985 0 -9.79799 0 0.0276835 0
0.635 32.7243 0 -9.80571 0 0.0277053 0
0.6355 32.75 0 -9.81343 0 0.0277271 0
0.636 32.7758 0 -9.82115 0 0.0277489 0
0.6365 32.8016 0 -9.82887 0 0.0277707 0
0.637 32.8273 0 -9.83659 0 0.0277925 0
0.6375 32.8531 0 -9.84431 0 0.0278144 0
0.638 32.8789 0 -9.85203 0 0.0278362 0
0.6385 32.9046 0 -9.85975 0 0.027858 0
0.639 32.9304 0 -9.86748 0 0.0278798 0
0.6395 32.9562 0 -9.8752 0 0.0279016 0
0.64 32.9819 0 -9.88292 0 0.0279234 0
0.6405 33.0077 0 -9.89064 0 0.0279452 0
0.641 33.0335 0 -9.89836 0 0.0279671 0
0.6415 33.0592 0 -9.90608 0 0.0279889 0
0.642 33.085 0 -9.9138 0 0.0280107 0
0.6425 33.1108 0 -9.92152 0 0.0280325 0
0.643 33.1365 0 -9.92924 0 0.0280543 0
0.6435 33.1623 0 -9.93696 0 0.0280761 0
0.644 33.1881 0 -9.94469 0 0.028098 0
0.6445 33.2138 0 -9.95241 0 0.0281198 0
0.645 33.2396 0 -9.96013 0 0.0281416 0
0.6455 33.2654 0 -9.96785 0 0.0281634 0
0.646 33.2911 0 -9.97557 0 0.0281852 0
0.6465 33.3169 0 -9.98329 0 0.028207 0
0.647 33.3427 0 -9.99101 0 0.0282288 0
0.6475 33.3684 0 -9.99873 0 0.0282507 0
0.648 33.3942 0 -10.0065 0 0.0282725 0
0.6485 33.42 0 -10.0142 0 0.0282943 0
0.649 33.4457 0 -10.0219 0 0.0283161 0
0.6495 33.4715 0 -10.0296 0 0.0283379 0
0.65 33.4973 0 -10.0373 0 0.0283597 0
0.6505 33.523 0 -10.0451 0 0.0283815 0
0.651 33.5488 0 -10.0528 0 0.0284034 0
0.6515 33.5746 0 -10.0605 0 0.0284252 0
0.652 33.6003 0 -10.0682 0 0.028447 0
0.6525 33.6261 0 -10.0759 0 0.0284688 0
0.653 33.6519 0 -10.0837 0 0.0284906 0
0.6535 33.6776 0 -10.0914 0 0.0285124 0
0.654 33.7034 0 -10.0991 0 0.0285343 0
0.6545 33.7292 0 -10.1068 0 0.0285561 0
0.655 33.7549 0 -10.1145 0 0.0285779 0
0.6555 33.7807 0 -10.1223 0 0.0285997 0
0.656 33.8065 0 -10.13 0 0.0286215 0
0.6565 33.8322 0 -10.1377 0 0.0286433 0
0.657 33.858 0 -10.1454 0 0.0286651 0
0.6575 33.8838 0 -10.1532 0 0.028687 0
0.658 33.9095 0 -10.1609 0 0.0287088 0
0.6585 33.9353 0 -10.1686 0 0.0287306 0
0.659 33.9611 0 -10.1763 0 0.0287524 0
0.6595 33.9869 0 -10.184 0 0.0287742 0
0.66 34.0126 0 -10.1918 0 0.028796 0
0.6605 34.0384 0 -10.1995 0 0.0288179 0
0.661 34.0642 0 -10.2072 0 0.0288397 0
0.6615 34.0899 0 -10.2149 0 0.0288615 0
0.662 34.1157 0 -10.2226 0 0.0288833 0
0.6625 34.1415 0 -10.2304 0 0.0289051 0
0.663 34.1672 0 -10.2381 0 0.0289269 0
0.6635 34.193 0 -10.2458 0 0.0289487 0
0.664 34.2188 0 -10.2535 0 0.0289706 0
0.6645 34.2445 0 -10.2612 0 0.0289924 0
0.665 34.2703 0 -10.269 0 0.0290142 0
0.6655 34.2961 0 -10.2767 0 0.029036 0
0.666 34.3218 0 -10.2844 0 0.0290578 0
0.6665 34.3476 0 -10.2921 0 0.0290796 0
0.667 34.3734 0 -10.2999 0 0.0291015 0
0.6675 34.3991 0 -10.3076 0 0.0291233 0
0.668 34.4249 0 -10.3153 0 0.0291451 0
0.6685 34.4507 0 -10.323 0 0.0291669 0
0.669 34.4764 0 -10.3307 0 0.0291887 0
0.6695 34.5022 0 -10.3385 0 0.0292105 0
0.67 34.528 0 -10.3462 0 0.0292323 0
0.6705 34.5537 0 -10.3539 0 0.0292542 0
0.671 34.5795 0 -10.3616 0 0.029276 0
0.6715 34.6053 0 -10.3693 0 0.0292978 0
0.672 34.631 0 -10.3771 0 0.0293196 0
0.6725 34.6568 0 -10.3848 0 0.0293414 0
0.673 34.6826 0 -10.3925 0 0.0293632 0
0.6735 34.7083 0 -10.4002 0 0.029385 0
0.674 34.7341 0 -10.4079 0 0.0294069 0
0.6745 34.7599 0 -10.4157 0 0.0294287 0
0.675 34.7856 0 -10.4234 0 0.0294505 0
0.6755 34.8114 0 -10.4311 0 0.0294723 0
0.676 34.8372 0 -10.4388 0 0.0294941 0
0.6765 34.8629 0 -10.4466 0 0.0295159 0
0.677 34.8887 0 -10.4543 0 0.0295378 0
0.6775 34.9145 0 -10.462 0 0.0295596 0
0.678 34.9402 0 -10.4697 0 0.0295814 0
0.6785 34.966 0 -10.4774 0 0.0296032 0
0.679 34.9918 0 -10.4852 0 0.029625 0
0.6795 35.0175 0 -10.4929 0 0.0296468 0
0.68 35.0433 0 -10.5006 0 0.0296686 0
0.6805 35.0691 0 -10.5083 0 0.0296905 0
0.681 35.0948 0 -10.516 0 0.0297123 0
0.6815 35.1206 0 -10.5238 0 0.0297341 0
0.682 35.1464 0 -10.5315 0 0.0297559 0
0.6825 35.1721 0 -10.5392 0 0.0297777 0
0.683 35.1979 0 -10.5469 0 0.0297995 0
0.6835 35.2237 0 -10.5546 0 0.0298214 0
0.684 35.2494 0 -10.5624 0 0.0298432 0
0.6845 35.2752 0 -10.5701 0 0.029865 0
0.685 35.301 0 -10.5778 0 0.0298868 0
0.6855 35.3267 0 -10.5855 0 0.0299086 0
0.686 35.3525 0 -10.5933 0 0.0299304 0
0.6865 35.3783 0 -10.601 0 0.0299522 0
0.687 35.404 0 -10.6087 0 0.0299741 0
0.6875 35.4298 0 -10.6164 0 0.0299959 0
0.688 35.4556 0 -10.6241 0 0.0300177 0
0.6885 35.4813 0 -10.6319 0 0.0300395 0
0.689 35.5071 0 -10.6396 0 0.0300613 0
0.6895 35.5329 0 -10.6473 0 0.0300831 0
0.69 35.5586 0 -10.655 0 0.0301049 0
0.6905 35.5844 0 -10.6627 0 0.0301268 0
0.691 35.6102 0 -10.6705 0 0.0301486 0
0.6915 35.6359 0 -10.6782 0 0.0301704 0
0.692 35.6617 0 -10.6859 0 0.0301922 0
0.6925 35.6875 0 -10.6936 0 0.030214 0
0.693 35.7132 0 -10.7013 0 0.0302358 0
0.6935 35.739 0 -10.7091 0 0.0302577 0
0.694 35.7648 0 -10.7168 0 0.0302795 0
0.6945 35.7905 0 -10.7245 0 0.0303013 0
0.695 35.8163 0 -10.7322 0 0.0303231 0
0.6955 35.8421 0 -10.74 0 0.0303449 0
0.696 35.8679 0 -10.7477 0 0.0303667 0
0.6965 35.8936 0 -10.7554 0 0.0303885 0
0.697 35.9194 0 -10.7631 0 0.0304104 0
0.6975 35.9452 0 -10.7708 0 0.0304322 0
0.698 35.9709 0 -10.7786 0 0.030454 0
0.6985 35.9967 0 -10.7863 0 0.0304758 0
0.699 36.0225 0 -10.794 0 0.0304976 0
0.6995 36.0482 0 -10.8017 0 0.0305194 0
0.7 36.074 0 -10.8094 0 0.0305413 0
0.7005 36.0998 0 -10.8172 0 0.0305631 0
0.701 36.1255 0 -10.8249 0 0.0305849 0
0.7015 36.1513 0 -10.8326 0 0.0306067 0
0.702 36.1771 0 -10.8403 0 0.0306285 0
0.7025 36.2028 0 -10.848 0 0.0306503 0
0.703 36.2286 0 -10.8558 0 0.0306721 0
0.7035 36.2544 0 -10.8635 0 0.030694 0
0.704 36.2801 0 -10.8712 0 0.0307158 0
0.7045 36.3059 0 -10.8789 0 0.0307376 0
0.705 36.3317 0 -10.8867 0 0.0307594 0
0.7055 36.3574 0 -10.8944 0 0.0307812 0
0.706 36.3832 0 -10.9021 0 0.030803 0
0.7065 36.409 0 -10.9098 0 0.0308248 0
0.707 36.4347 0 -10.9175 0 0.0308467 0
0.7075 36.4605 0 -10.9253 0 0.0308685 0
0.708 36.4863 0 -10.933 0 0.0308903 0
0.7085 36.512 0 -10.9407 0 0.0309121 0
0.709 36.5378 0 -10.9484 0 0.0309339 0
0.7095 36.5636 0 -10.9561 0 0.0309557 0
0.71 36.5893 0 -10.9639 0 0.0309776 0
0.7105 36.6151 0 -10.9716 0 0.0309994 0
0.711 36.6409 0 -10.9793 0 0.0310212 0
0.7115 36.6666 0 -10.987 0 0.031043 0
0.712 36.6924 0 -10.9947 0 0.0310648 0
0.7125 36.7182 0 -11.0025 0 0.0310866 0
0.713 36.7439 0 -11.0102 0 0.0311084 0
0.7135 36.7697 0 -11.0179 0 0.0311303 0
0.714 36.7955 0 -11.0256 0 0.0311521 0
0.7145 36.8212 0 -11.0334 0 0.0311739 0
0.715 36.847 0 -11.0411 0 0.0311957 0
0.7155 36.8728 0 -11.0488 0 0.0312175 0
0.716 36.8985 0 -11.0565 0 0.0312393 0
0.7165 36.9243 0 -11.0642 0 0.0312612 0
0.717 36.9501 0 -11.072 0 0.031283 0
0.7175 36.9758 0 -11.0797 0 0.0313048 0
0.718 37.0016 0 -11.0874 0 0.0313266 0
0.7185 37.0274 0 -11.0951 0 0.0313484 0
0.719 37.0531 0 -11.1028 0 0.0313702 0
0.7195 37.0789 0 -11.1106 0 0.031392 0
0.72 37.1047 0 -11.1183 0 0.0314139 0
0.7205 37.1304 0 -11.126 0 0.0314357 0
0.721 37.1562 0 -11.1337 0 0.0314575 0
0.7215 37.182 0 -11.1414 0 0.0314793 0
0.722 37.2077 0 -11.1492 0 0.0315011 0
0.7225 37.2335 0 -11.1569 0 0.0315229 0
0.723 37.2593 0 -11.1646 0 0.0315448 0
0.7235 37.285 0 -11.1723 0 0.0315666 0
0.724 37.3108 0 -11.1801 0 0.0315884 0
0.7245 37.3366 0 -11.1878 0 0.0316102 0
0.725 37.3623 0 -11.1955 0 0.031632 0
0.7255 37.3881 0 -11.2032 0 0.0316538 0
0.726 37.4139 0 -11.2109 0 0.0316756 0
0.7265 37.4396 0 -11.2187 0 0.0316975 0
0.727 37.4654 0 -11.2264 0 0.0317193 0
0.7275 37.4912 0 -11.2341 0 0.0317411 0
0.728 37.5169 0 -11.2418 0 0.0317629 0
0.7285 37.5427 0 -11.2495 0 0.0317847 0
0.729 37.5685 0 -11.2573 0 0.0318065 0
0.7295 37.5942 0 -11.265 0 0.0318283 0
0.73 37.62 0 -11.2727 0 0.0318502 0
0.7305 37.6458 0 -11.2804 0 0.031872 0
0.731 37.6716 0 -11.2881 0 0.0318938 0
0.7315 37.6973 0 -11.2959 0 0.0319156 0
0.732 37.7231 0 -11.3036 0 0.0319374 0
0.7325 37.7489 0 -11.3113 0 0.0319592 0
0.733 37.7746 0 -11.319 0 0.0319811 0
0.7335 37.8004 0 -11.3268 0 0.0320029 0
0.734 37.8262 0 -11.3345 0 0.0320247 0
0.7345 37.8519 0 -11.3422 0 0.0320465 0
0.735 37.8777 0 -11.3499 0 0.0320683 0
0.7355 37.9035 0 -11.3576 0 0.0320901 0
0.736 37.9292 0 -11.3654 0 0.0321119 0
0.7365 37.955 0 -11.3731 0 0.0321338 0
0.737 37.9808 0 -11.3808 0 0.0321556 0
0.7375 38.0065 0 -11.3885 0 0.0321774 0
0.738 38.0323 0 -11.3962 0 0.0321992 0
0.7385 38.0581 0 -11.404 0 0.032221 0
0.739 38.0838 0 -11.4117 0 0.0322428 0
0.7395 38.1096 0 -11.4194 0 0.0322647 0
0.74 38.1354 0 -11.4271 0 0.0322865 0
0.7405 38.1611 0 -11.4348 0 0.0323083 0
0.741 38.1869 0 -11.4426 0 0.0323301 0
0.7415 38.2127 0 -11.4503 0 0.0323519 0
0.742 38.2384 0 -11.458 0 0.0323737 0
0.7425 38.2642 0 -11.4657 0 0.0323955 0
0.743 38.29 0 -11.4734 0 0.0324174 0
0.7435 38.3157 0 -11.4812 0 0.0324392 0
0.744 38.3415 0 -11.4889 0 0.032461 0
0.7445 38.3673 0 -11.4966 0 0.0324828 0
0.745 38.393 0 -11.5043 0 0.0325046 0
0.7455 38.4188 0 -11.5121 0 0.0325264 0
0.746 38.4446 0 -11.5198 0 0.0325482 0
0.7465 38.4703 0 -11.5275 0 0.0325701 0
0.747 38.4961 0 -11.5352 0 0.0325919 0
0.7475 38.5219 0 -11.5429 0 0.0326137 0
0.748 38.5476 0 -11.5507 0 0.0326355 0
0.7485 38.5734 0 -11.5584 0 0.0326573 0
0.749 38.5992 0 -11.5661 0 0.0326791 0
0.7495 38.6249 0 -11.5738 0 0.032701 0
0.75 38.6507 0 -11.5815 0 0.0327228 0
0.7505 38.6765 0 -11.5893 0 0.0327446 0
0.751 38.7022 0 -11.597 0 0.0327664 0
0.7515 38.728 0 -11.6047 0 0.0327882 0
0.752 38.7538 0 -11.6124 0 0.03281 0
0.7525 38.7795 0 -11.6201 0 0.0328318 0
0.753 38.8053 0 -11.6279 0 0.0328537 0
0.7535 38.8311 0 -11.6356 0 0.0328755 0
0.754 38.8568 0 -11.6433 0 0.0328973 0
0.7545 38.8826 0 -11.651 0 0.0329191 0
0.755 38.9084 0 -11.6588 0 0.0329409 0
0.7555 38.9341 0 -11.6665 0 0.0329627 0
0.756 38.9599 0 -11.6742 0 0.0329846 0
0.7565 38.9857 0 -11.6819 0 0.0330064 0
0.757 39.0114 0 -11.6896 0 0.0330282 0
0.7575 39.0372 0 -11.6974 0 0.03305 0
0.758 39.063 0 -11.7051 0 0.0330718 0
0.7585 39.0887 0 -11.7128 0 0.0330936 0
0.759 39.1145 0 -11.7205 0 0.0331154 0
0.7595 39.1403 0 -11.7282 0 0.0331373 0
0.76 39.166 0 -11.736 0 0.0331591 0
0.7605 39.1918 0 -11.7437 0 0.0331809 0
0.761 39.2176 0 -11.7514 0 0.0332027 0
0.7615 39.2433 0 -11.7591 0 0.0332245 0
0.762 39.2691 0 -11.7668 0 0.0332463 0
0.7625 39.2949 0 -11.7746 0 0.0332681 0
0.763 39.3206 0 -11.7823 0 0.03329 0
0.7635 39.3464 0 -11.79 0 0.0333118 0
0.764 39.3722 0 -11.7977 0 0.0333336 0
0.7645 39.3979 0 -11.8055 0 0.0333554 0
0.765 39.4237 0 -11.8132 0 0.0333772 0
0.7655 39.4495 0 -11.8209 0 0.033399 0
0.766 39.4753 0 -11.8286 0 0.0334209 0
0.7665 39.501 0 -11.8363 0 0.0334427 0
0.767 39.5268 0 -11.8441 0 0.0334645 0
0.7675 39.5526 0 -11.8518 0 0.0334863 0
0.768 39.5783 0 -11.8595 0 0.0335081 0
0.7685 39.6041 0 -11.8672 0 0.0335299 0
0.769 39.6299 0 -11.8749 0 0.0335517 0
0.7695 39.6556 0 -11.8827 0 0.0335736 0
0.77 39.6814 0 -11.8904 0 0.0335954 0
0.7705 39.7072 0 -11.8981 0 0.0336172 0
0.771 39.7329 0 -11.9058 0 0.033639 0
0.7715 39.7587 0 -11.9135 0 0.0336608 0
0.772 39.7845 0 -11.9213 0 0.0336826 0
0.7725 39.8102 0 -11.929 0 0.0337045 0
0.773 39.836 0 -11.9367 0 0.0337263 0
0.7735 39.8618 0 -11.9444 0 0.0337481 0
0.774 39.8875 0 -11.9522 0 0.0337699 0
0.7745 39.9133 0 -11.9599 0 0.0337917 0
0.775 39.9391 0 -11.9676 0 0.0338135 0
0.7755 39.9648 0 -11.9753 0 0.0338353 0
0.776 39.9906 0 -11.983 0 0.0338572 0
0.7765 40.0164 0 -11.9908 0 0.033879 0
0.777 40.0421 0 -11.9985 0 0.0339008 0
0.7775 40.0679 0 -12.0062 0 0.0339226 0
0.778 40.0937 0 -12.0139 0 0.0339444 0
0.7785 40.1194 0 -12.0216 0 0.0339662 0
0.779 40.1452 0 -12.0294 0 0.0339881 0
0.7795 40.171 0 -12.0371 0 0.0340099 0
0.78 40.1967 0 -12.0448 0 0.0340317 0
0.7805 40.2225 0 -12.0525 0 0.0340535 0
0.781 40.2483 0 -12.0602 0 0.0340753 0
0.7815 40.274 0 -12.068 0 0.0340971 0
0.782 40.2998 0 -12.0757 0 0.0341189 0
0.7825 40.3256 0 -12.0834 0 0.0341408 0
0.783 40.3513 0 -12.0911 0 0.0341626 0
0.7835 40.3771 0 -12.0989 0 0.0341844 0
0.784 40.4029 0 -12.1066 0 0.0342062 0
0.7845 40.4286 0 -12.1143 0 0.034228 0
0.785 40.4544 0 -12.122 0 0.0342498 0
0.7855 40.4802 0 -12.1297 0 0.0342716 0
0.786 40.5059 0 -12.1375 0 0.0342935 0
0.7865 40.5317 0 -12.1452 0 0.0343153 0
0.787 40.5575 0 -12.1529 0 0.0343371 0
0.7875 40.5832 0 -12.1606 0 0.0343589 0
0.788 40.609 0 -12.1683 0 0.0343807 0
0.7885 40.6348 0 -12.1761 0 0.0344025 0
0.789 40.6605 0 -12.1838 0 0.0344244 0
0.7895 40.6863 0 -12.1915 0 0.0344462 0
0.79 40.7121 0 -12.1992 0 0.034468 0
0.7905 40.7378 0 -12.2069 0 0.0344898 0
0.791 40.7636 0 -12.2147 0 0.0345116 0
0.7915 40.7894 0 -12.2224 0 0.0345334 0
0.792 40.8151 0 -12.2301 0 0.0345552 0
0.7925 40.8409 0 -12.2378 0 0.0345771 0
0.793 40.8667 0 -12.2456 0 0.0345989 0
0.7935 40.8924 0 -12.2533 0 0.0346207 0
0.794 40.9182 0 -12.261 0 0.0346425 0
0.7945 40.944 0 -12.2687 0 0.0346643 0
0.795 40.9697 0 -12.2764 0 0.0346861 0
0.7955 40.9955 0 -12.2842 0 0.034708 0
0.796 41.0213 0 -12.2919 0 0.0347298 0
0.7965 41.047 0 -12.2996 0 0.0347516 0
0.797 41.0728 0 -12.3073 0 0.0347734 0
0.7975 41.0986 0 -12.315 0 0.0347952 0
0.798 41.1243 0 -12.3228 0 0.034817 0
0.7985 41.1501 0 -12.3305 0 0.0348388 0
0.799 41.1759 0 -12.3382 0 0.0348607 0
0.7995 41.2016 0 -12.3459 0 0.0348825 0
0.8 41.2274 0 -12.3536 0 0.0349043 0
0.8005 41.2532 0 -12.3614 0 0.0349261 0
0.801 41.2789 0 -12.3691 0 0.0349479 0
0.8015 41.3047 0 -12.3768 0 0.0349697 0
0.802 41.3305 0 -12.3845 0 0.0349915 0
0.8025 41.3563 0 -12.3923 0 0.0350134 0
0.803 41.382 0 -12.4 0 0.0350352 0
0.8035 41.4078 0 -12.4077 0 0.035057 0
0.804 41.4336 0 -12.4154 0 0.0350788 0
0.8045 41.4593 0 -12.4231 0 0.0351006 0
0.805 41.4851 0 -12.4309 0 0.0351224 0
0.8055 41.5109 0 -12.4386 0 0.0351443 0
0.806 41.5366 0 -12.4463 0 0.0351661 0
0.8065 41.5624 0 -12.454 0 0.0351879 0
0.807 41.5882 0 -12.4617 0 0.0352097 0
0.8075 41.6139 0 -12.4695 0 0.0352315 0
0.808 41.6397 0 -12.4772 0 0.0352533 0
0.8085 41.6655 0 -12.4849 0 0.0352751 0
0.809 41.6912 0 -12.4926 0 0.035297 0
0.8095 41.717 0 -12.5003 0 0.0353188 0
0.81 41.7428 0 -12.5081 0 0.0353406 0
0.8105 41.7685 0 -12.5158 0 0.0353624 0
0.811 41.7943 0 -12.5235 0 0.0353842 0
0.8115 41.8201 0 -12.5312 0 0.035406 0
0.812 41.8458 0 -12.539 0 0.0354279 0
0.8125 41.8716 0 -12.5467 0 0.0354497 0
0.813 41.8974 0 -12.5544 0 0.0354715 0
0.8135 41.9231 0 -12.5621 0 0.0354933 0
0.814 41.9489 0 -12.5698 0 0.0355151 0
0.8145 41.9747 0 -12.5776 0 0.0355369 0
0.815 42.0004 0 -12.5853 0 0.0355587 0
0.8155 42.0262 0 -12.593 0 0.0355806 0
0.816 42.052 0 -12.6007 0 0.0356024 0
0.8165 42.0777 0 -12.6084 0 0.0356242 0
0.817 42.1035 0 -12.6162 0 0.035646 0
0.8175 42.1293 0 -12.6239 0 0.0356678 0
0.818 42.155 0 -12.6316 0 0.0356896 0
0.8185 42.1808 0 -12.6393 0 0.0357115 0
0.819 42.2066 0 -12.647 0 0.0357333 0
0.8195 42.2323 0 -12.6548 0 0.0357551 0
0.82 42.2581 0 -12.6625 0 0.0357769 0
0.8205 42.2839 0 -12.6702 0 0.0357987 0
0.821 42.3096 0 -12.6779 0 0.0358205 0
0.8215 42.3354 0 -12.6857 0 0.0358423 0
0.822 42.3612 0 -12.6934 0 0.0358642 0
0.8225 42.3869 0 -12.7011 0 0.035886 0
0.823 42.4127 0 -12.7088 0 0.0359078 0
0.8235 42.4385 0 -12.7165 0 0.0359296 0
0.824 42.4642 0 -12.7243 0 0.0359514 0
0.8245 42.49 0 -12.732 0 0.0359732 0
0.825 42.5158 0 -12.7397 0 0.035995 0
0.8255 42.5415 0 -12.7474 0 0.0360169 0
0.826 42.5673 0 -12.7551 0 0.0360387 0
0.8265 42.5931 0 -12.7629 0 0.0360605 0
0.827 42.6188 0 -12.7706 0 0.0360823 0
0.8275 42.6446 0 -12.7783 0 0.0361041 0
0.828 42.6704 0 -12.786 0 0.0361259 0
0.8285 42.6961 0 -12.7937 0 0.0361478 0
0.829 42.7219 0 -12.8015 0 0.0361696 0
0.8295 42.7477 0 -12.8092 0 0.0361914 0
0.83 42.7734 0 -12.8169 0 0.0362132 0
0.8305 42.7992 0 -12.8246 0 0.036235 0
0.831 42.825 0 -12.8324 0 0.0362568 0
0.8315 42.8507 0 -12.8401 0 0.0362786 0
0.832 42.8765 0 -12.8478 0 0.0363005 0
0.8325 42.9023 0 -12.8555 0 0.0363223 0
0.833 42.928 0 -12.8632 0 0.0363441 0
0.8335 42.9538 0 -12.871 0 0.0363659 0
0.834 42.9796 0 -12.8787 0 0.0363877 0
0.8345 43.0053 0 -12.8864 0 0.0364095 0
0.835 43.0311 0 -12.8941 0 0.0364314 0
0.8355 43.0569 0 -12.9018 0 0.0364532 0
0.836 43.0826 0 -12.9096 0 0.036475 0
0.8365 43.1084 0 -12.9173 0 0.0364968 0
0.837 43.1342 0 -12.925 0 0.0365186 0
0.8375 43.16 0 -12.9327 0 0.0365404 0
0.838 43.1857 0 -12.9404 0 0.0365622 0
0.8385 43.2115 0 -12.9482 0 0.0365841 0
0.839 43.2373 0 -12.9559 0 0.0366059 0
0.8395 43.263 0 -12.9636 0 0.0366277 0
0.84 43.2888 0 -12.9713 0 0.0366495 0
0.8405 43.3146 0 -12.9791 0 0.0366713 0
0.841 43.3403 0 -12.9868 0 0.0366931 0
0.8415 43.3661 0 -12.9945 0 0.0367149 0
0.842 43.3919 0 -13.0022 0 0.0367368 0
0.8425 43.4176 0 -13.0099 0 0.0367586 0
0.843 43.4434 0 -13.0177 0 0.0367804 0
0.8435 43.4692 0 -13.0254 0 0.0368022 0
0.844 43.4949 0 -13.0331 0 0.036824 0
0.8445 43.5207 0 -13.0408 0 0.0368458 0
0.845 43.5465 0 -13.0485 0 0.0368677 0
0.8455 43.5722 0 -13.0563 0 0.0368895 0
0.846 43.598 0 -13.064 0 0.0369113 0
0.8465 43.6238 0 -13.0717 0 0.0369331 0
0.847 43.6495 0 -13.0794 0 0.0369549 0
0.8475 43.6753 0 -13.0871 0 0.0369767 0
0.848 43.7011 0 -13.0949 0 0.0369985 0
0.8485 43.7268 0 -13.1026 0 0.0370204 0
0.849 43.7526 0 -13.1103 0 0.0370422 0
0.8495 43.7784 0 -13.118 0 0.037064 0
0.85 43.8041 0 -13.1258 0 0.0370858 0
0.8505 43.8299 0 -13.1335 0 0.0371076 0
0.851 43.8557 0 -13.1412 0 0.0371294 0
0.8515 43.8814 0 -13.1489 0 0.0371513 0
0.852 43.9072 0 -13.1566 0 0.0371731 0
0.8525 43.933 0 -13.1644 0 0.0371949 0
0.853 43.9587 0 -13.1721 0 0.0372167 0
0.8535 43.9845 0 -13.1798 0 0.0372385 0
0.854 44.0103 0 -13.1875 0 0.0372603 0
0.8545 44.036 0 -13.1952 0 0.0372821 0
0.855 44.0618 0 -13.203 0 0.037304 0
0.8555 44.0876 0 -13.2107 0 0.0373258 0
0.856 44.1133 0 -13.2184 0 0.0373476 0
0.8565 44.1391 0 -13.2261 0 0.0373694 0
0.857 44.1649 0 -13.2338 0 0.0373912 0
0.8575 44.1906 0 -13.2416 0 0.037413 0
0.858 44.2164 0 -13.2493 0 0.0374348 0
0.8585 44.2422 0 -13.257 0 0.0374567 0
0.859 44.2679 0 -13.2647 0 0.0374785 0
0.8595 44.2937 0 -13.2724 0 0.0375003 0
0.86 44.3195 0 -13.2802 0 0.0375221 0
0.8605 44.3452 0 -13.2879 0 0.0375439 0
0.861 44.371 0 -13.2956 0 0.0375657 0
0.8615 44.3968 0 -13.3033 0 0.0375876 0
0.862 44.4225 0 -13.3111 0 0.0376094 0
0.8625 44.4483 0 -13.3188 0 0.0376312 0
0.863 44.4741 0 -13.3265 0 0.037653 0
0.8635 44.4998 0 -13.3342 0 0.0376748 0
0.864 44.5256 0 -13.3419 0 0.0376966 0
0.8645 44.5514 0 -13.3497 0 0.0377184 0
0.865 44.5771 0 -13.3574 0 0.0377403 0
0.8655 44.6029 0 -13.3651 0 0.0377621 0
0.866 44.6287 0 -13.3728 0 0.0377839 0
0.8665 44.6544 0 -13.3805 0 0.0378057 0
0.867 44.6802 0 -13.3883 0 0.0378275 0
0.8675 44.706 0 -13.396 0 0.0378493 0
0.868 44.7317 0 -13.4037 0 0.0378712 0
0.8685 44.7575 0 -13.4114 0 0.037893 0
0.869 44.7833 0 -13.4191 0 0.0379148 0
0.8695 44.809 0 -13.4269 0 0.0379366 0
0.87 44.8348 0 -13.4346 0 0.0379584 0
0.8705 44.8606 0 -13.4423 0 0.0379802 0
0.871 44.8863 0 -13.45 0 0.038002 0
0.8715 44.9121 0 -13.4578 0 0.0380239 0
0.872 44.9379 0 -13.4655 0 0.0380457 0
0.8725 44.9636 0 -13.4732 0 0.0380675 0
0.873 44.9894 0 -13.4809 0 0.0380893 0
0.8735 45.0152 0 -13.4886 0 0.0381111 0
0.874 45.041 0 -13.4964 0 0.0381329 0
0.8745 45.0667 0 -13.5041 0 0.0381548 0
0.875 45.0925 0 -13.5118 0 0.0381766 0
0.8755 45.1183 0 -13.5195 0 0.0381984 0
0.876 45.144 0 -13.5272 0 0.0382202 0
0.8765 45.1698 0 -13.535 0 0.038242 0
0.877 45.1956 0 -13.5427 0 0.0382638 0
0.8775 45.2213 0 -13.5504 0 0.0382856 0
0.878 45.2471 0 -13.5581 0 0.0383075 0
0.8785 45.2729 0 -13.5658 0 0.0383293 0
0.879 45.2986 0 -13.5736 0 0.0383511 0
0.8795 45.3244 0 -13.5813 0 0.0383729 0
0.88 45.3502 0 -13.589 0 0.0383947 0
0.8805 45.3759 0 -13.5967 0 0.0384165 0
0.881 45.4017 0 -13.6045 0 0.0384383 0
0.8815 45.4275 0 -13.6122 0 0.0384602 0
0.882 45.4532 0 -13.6199 0 0.038482 0
0.8825 45.479 0 -13.6276 0 0.0385038 0
0.883 45.5048 0 -13.6353 0 0.0385256 0
0.8835 45.5305 0 -13.6431 0 0.0385474 0
0.884 45.5563 0 -13.6508 0 0.0385692 0
0.8845 45.5821 0 -13.6585 0 0.0385911 0
0.885 45.6078 0 -13.6662 0 0.0386129 0
0.8855 45.6336 0 -13.6739 0 0.0386347 0
0.886 45.6594 0 -13.6817 0 0.0386565 0
0.8865 45.6851 0 -13.6894 0 0.0386783 0
0.887 45.7109 0 -13.6971 0 0.0387001 0
0.8875 45.7367 0 -13.7048 0 0.0387219 0
0.888 45.7624 0 -13.7125 0 0.0387438 0
0.8885 45.7882 0 -13.7203 0 0.0387656 0
0.889 45.814 0 -13.728 0 0.0387874 0
0.8895 45.8397 0 -13.7357 0 0.0388092 0
0.89 45.8655 0 -13.7434 0 0.038831 0
0.8905 45.8913 0 -13.7512 0 0.0388528 0
0.891 45.917 0 -13.7589 0 0.0388747 0
0.8915 45.9428 0 -13.7666 0 0.0388965 0
0.892 45.9686 0 -13.7743 0 0.0389183 0
0.8925 45.9943 0 -13.782 0 0.0389401 0
0.893 46.0201 0 -13.7898 0 0.0389619 0
0.8935 46.0459 0 -13.7975 0 0.0389837 0
0.894 46.0716 0 -13.8052 0 0.0390055 0
0.8945 46.0974 0 -13.8129 0 0.0390274 0
0.895 46.1232 0 -13.8206 0 0.0390492 0
0.8955 46.1489 0 -13.8284 0 0.039071 0
0.896 46.1747 0 -13.8361 0 0.0390928 0
0.8965 46.2005 0 -13.8438 0 0.0391146 0
0.897 46.2262 0 -13.8515 0 0.0391364 0
0.8975 46.252 0 -13.8592 0 0.0391582 0
0.898 46.2778 0 -13.867 0 0.0391801 0
0.8985 46.3035 0 -13.8747 0 0.0392019 0
0.899 46.3293 0 -13.8824 0 0.0392237 0
0.8995 46.3551 0 -13.8901 0 0.0392455 0
0.9 46.3808 0 -13.8979 0 0.0392673 0
0.9005 46.4066 0 -13.9056 0 0.0392891 0
0.901 46.4324 0 -13.9133 0 0.039311 0
0.9015 46.4581 0 -13.921 0 0.0393328 0
0.902 46.4839 0 -13.9287 0 0.0393546 0
0.9025 46.5097 0 -13.9365 0 0.0393764 0
0.903 46.5354 0 -13.9442 0 0.0393982 0
0.9035 46.5612 0 -13.9519 0 0.03942 0
0.904 46.587 0 -13.9596 0 0.0394418 0
0.9045 46.6127 0 -13.9673 0 0.0394637 0
0.905 46.6385 0 -13.9751 0 0.0394855 0
0.9055 46.6643 0 -13.9828 0 0.0395073 0
0.906 46.69 0 -13.9905 0 0.0395291 0
0.9065 46.7158 0 -13.9982 0 0.0395509 0
0.907 46.7416 0 -14.0059 0 0.0395727 0
0.9075 46.7673 0 -14.0137 0 0.0395946 0
0.908 46.7931 0 -14.0214 0 0.0396164 0
0.9085 46.8189 0 -14.0291 0 0.0396382 0
0.909 46.8447 0 -14.0368 0 0.03966 0
0.9095 46.8704 0 -14.0446 0 0.0396818 0
0.91 46.8962 0 -14.0523 0 0.0397036 0
0.9105 46.922 0 -14.06 0 0.0397254 0
0.911 46.9477 0 -14.0677 0 0.0397473 0
0.9115 46.9735 0 -14.0754 0 0.0397691 0
0.912 46.9993 0 -14.0832 0 0.0397909 0
0.9125 47.025 0 -14.0909 0 0.0398127 0
0.913 47.0508 0 -14.0986 0 0.0398345 0
0.9135 47.0766 0 -14.1063 0 0.0398563 0
0.914 47.1023 0 -14.114 0 0.0398781 0
0.9145 47.1281 0 -14.1218 0 0.0399 0
0.915 47.1539 0 -14.1295 0 0.0399218 0
0.9155 47.1796 0 -14.1372 0 0.0399436 0
0.916 47.2054 0 -14.1449 0 0.0399654 0
0.9165 47.2312 0 -14.1526 0 0.0399872 0
0.917 47.2569 0 -14.1604 0 0.040009 0
0.9175 47.2827 0 -14.1681 0 0.0400309 0
0.918 47.3085 0 -14.1758 0 0.0400527 0
0.9185 47.3342 0 -14.1835 0 0.0400745 0
0.919 47.36 0 -14.1913 0 0.0400963 0
0.9195 47.3858 0 -14.199 0 0.0401181 0
0.92 47.4115 0 -14.2067 0 0.0401399 0
0.9205 47.4373 0 -14.2144 0 0.0401617 0
0.921 47.4631 0 -14.2221 0 0.0401836 0
0.9215 47.4888 0 -14.2299 0 0.0402054 0
0.922 47.5146 0 -14.2376 0 0.0402272 0
0.9225 47.5404 0 -14.2453 0 0.040249 0
0.923 47.5661 0 -14.253 0 0.0402708 0
0.9235 47.5919 0 -14.2607 0 0.0402926 0
0.924 47.6177 0 -14.2685 0 0.0403145 0
0.9245 47.6434 0 -14.2762 0 0.0403363 0
0.925 47.6692 0 -14.2839 0 0.0403581 0
0.9255 47.695 0 -14.2916 0 0.0403799 0
0.926 47.7207 0 -14.2993 0 0.0404017 0
0.9265 47.7465 0 -14.3071 0 0.0404235 0
0.927 47.7723 0 -14.3148 0 0.0404453 0
0.9275 47.798 0 -14.3225 0 0.0404672 0
0.928 47.8238 0 -14.3302 0 0.040489 0
0.9285 47.8496 0 -14.338 0 0.0405108 0
0.929 47.8753 0 -14.3457 0 0.0405326 0
0.9295 47.9011 0 -14.3534 0 0.0405544 0
0.93 47.9269 0 -14.3611 0 0.0405762 0
0.9305 47.9526 0 -14.3688 0 0.0405981 0
0.931 47.9784 0 -14.3766 0 0.0406199 0
0.9315 48.0042 0 -14.3843 0 0.0406417 0
0.932 48.0299 0 -14.392 0 0.0406635 0
0.9325 48.0557 0 -14.3997 0 0.0406853 0
0.933 48.0815 0 -14.4074 0 0.0407071 0
0.9335 48.1072 0 -14.4152 0 0.0407289 0
0.934 48.133 0 -14.4229 0 0.0407508 0
0.9345 48.1588 0 -14.4306 0 0.0407726 0
0.935 48.1845 0 -14.4383 0 0.0407944 0
0.9355 48.2103 0 -14.446 0 0.0408162 0
0.936 48.2361 0 -14.4538 0 0.040838 0
0.9365 48.2618 0 -14.4615 0 0.0408598 0
0.937 48.2876 0 -14.4692 0 0.0408816 0
0.9375 48.3134 0 -14.4769 0 0.0409035 0
0.938 48.3391 0 -14.4847 0 0.0409253 0
0.9385 48.3649 0 -14.4924 0 0.0409471 0
0.939 48.3907 0 -14.5001 0 0.0409689 0
0.9395 48.4164 0 -14.5078 0 0.0409907 0
0.94 48.4422 0 -14.5155 0 0.0410125 0
0.9405 48.468 0 -14.5233 0 0.0410344 0
0.941 48.4937 0 -14.531 0 0.0410562 0
0.9415 48.5195 0 -14.5387 0 0.041078 0
0.942 48.5453 0 -14.5464 0 0.0410998 0
0.9425 48.571 0 -14.5541 0 0.0411216 0
0.943 48.5968 0 -14.5619 0 0.0411434 0
0.9435 48.6226 0 -14.5696 0 0.0411652 0
0.944 48.6484 0 -14.5773 0 0.0411871 0
0.9445 48.6741 0 -14.585 0 0.0412089 0
0.945 48.6999 0 -14.5927 0 0.0412307 0
0.9455 48.7257 0 -14.6005 0 0.0412525 0
0.946 48.7514 0 -14.6082 0 0.0412743 0
0.9465 48.7772 0 -14.6159 0 0.0412961 0
0.947 48.803 0 -14.6236 0 0.041318 0
0.9475 48.8287 0 -14.6314 0 0.0413398 0
0.948 48.8545 0 -14.6391 0 0.0413616 0
0.9485 48.8803 0 -14.6468 0 0.0413834 0
0.949 48.906 0 -14.6545 0 0.0414052 0
0.9495 48.9318 0 -14.6622 0 0.041427 0
0.95 48.9576 0 -14.67 0 0.0414488 0
0.9505 48.9833 0 -14.6777 0 0.0414707 0
0.951 49.0091 0 -14.6854 0 0.0414925 0
0.9515 49.0349 0 -14.6931 0 0.0415143 0
0.952 49.0606 0 -14.7008 0 0.0415361 0
0.9525 49.0864 0 -14.7086 0 0.0415579 0
0.953 49.1122 0 -14.7163 0 0.0415797 0
0.9535 49.1379 0 -14.724 0 0.0416015 0
0.954 49.1637 0 -14.7317 0 0.0416234 0
0.9545 49.1895 0 -14.7394 0 0.0416452 0
0.955 49.2152 0 -14.7472 0 0.041667 0
0.9555 49.241 0 -14.7549 0 0.0416888 0
0.956 49.2668 0 -14.7626 0 0.0417106 0
0.9565 49.2925 0 -14.7703 0 0.0417324 0
0.957 49.3183 0 -14.7781 0 0.0417543 0
0.9575 49.3441 0 -14.7858 0 0.0417761 0
0.958 49.3698 0 -14.7935 0 0.0417979 0
0.9585 49.3956 0 -14.8012 0 0.0418197 0
0.959 49.4214 0 -14.8089 0 0.0418415 0
0.9595 49.4471 0 -14.8167 0 0.0418633 0
0.96 49.4729 0 -14.8244 0 0.0418851 0
0.9605 49.4987 0 -14.8321 0 0.041907 0
0.961 49.5244 0 -14.8398 0 0.0419288 0
0.9615 49.5502 0 -14.8475 0 0.0419506 0
0.962 49.576 0 -14.8553 0 0.0419724 0
0.9625 49.6017 0 -14.863 0 0.0419942 0
0.963 49.6275 0 -14.8707 0 0.042016 0
0.9635 49.6533 0 -14.8784 0 0.0420379 0
0.964 49.679 0 -14.8861 0 0.0420597 0
0.9645 49.7048 0 -14.8939 0 0.0420815 0
0.965 49.7306 0 -14.9016 0 0.0421033 0
0.9655 49.7563 0 -14.9093 0 0.0421251 0
0.966 49.7821 0 -14.917 0 0.0421469 0
0.9665 49.8079 0 -14.9247 0 0.0421687 0
0.967 49.8336 0 -14.9325 0 0.0421906 0
0.9675 49.8594 0 -14.9402 0 0.0422124 0
0.968 49.8852 0 -14.9479 0 0.0422342 0
0.9685 49.9109 0 -14.9556 0 0.042256 0
0.969 49.9367 0 -14.9634 0 0.0422778 0
0.9695 49.9625 0 -14.9711 0 0.0422996 0
0.97 49.9882 0 -14.9788 0 0.0423214 0
0.9705 50.014 0 -14.9865 0 0.0423433 0
0.971 50.0398 0 -14.9942 0 0.0423651 0
0.9715 50.0655 0 -15.002 0 0.0423869 0
0.972 50.0913 0 -15.0097 0 0.0424087 0
0.9725 50.1171 0 -15.0174 0 0.0424305 0
0.973 50.1428 0 -15.0251 0 0.0424523 0
0.9735 50.1686 0 -15.0328 0 0.0424742 0
0.974 50.1944 0 -15.0406 0 0.042496 0
0.9745 50.2201 0 -15.0483 0 0.0425178 0
0.975 50.2459 0 -15.056 0 0.0425396 0
0.9755 50.2717 0 -15.0637 0 0.0425614 0
0.976 50.2974 0 -15.0714 0 0.0425832 0
0.9765 50.3232 0 -15.0792 0 0.042605 0
0.977 50.349 0 -15.0869 0 0.0426269 0
0.9775 50.3747 0 -15.0946 0 0.0426487 0
0.978 50.4005 0 -15.1023 0 0.0426705 0
0.9785 50.4263 0 -15.1101 0 0.0426923 0
0.979 50.452 0 -15.1178 0 0.0427141 0
0.9795 50.4778 0 -15.1255 0 0.0427359 0
0.98 50.5036 0 -15.1332 0 0.0427578 0
0.9805 50.5294 0 -15.1409 0 0.0427796 0
0.981 50.5551 0 -15.1487 0 0.0428014 0
0.9815 50.5809 0 -15.1564 0 0.0428232 0
0.982 50.6067 0 -15.1641 0 0.042845 0
0.9825 50.6324 0 -15.1718 0 0.0428668 0
0.983 50.6582 0 -15.1795 0 0.0428886 0
0.9835 50.684 0 -15.1873 0 0.0429105 0
0.984 50.7097 0 -15.195 0 0.0429323 0
0.9845 50.7355 0 -15.2027 0 0.0429541 0
0.985 50.7613 0 -15.2104 0 0.0429759 0
0.9855 50.787 0 -15.2181 0 0.0429977 0
0.986 50.8128 0 -15.2259 0 0.0430195 0
0.9865 50.8386 0 -15.2336 0 0.0430414 0
0.987 50.8643 0 -15.2413 0 0.0430632 0
0.9875 50.8901 0 -15.249 0 0.043085 0
0.988 50.9159 0 -15.2568 0 0.0431068 0
0.9885 50.9416 0 -15.2645 0 0.0431286 0
0.989 50.9674 0 -15.2722 0 0.0431504 0
0.9895 50.9932 0 -15.2799 0 0.0431722 0
0.99 51.0189 0 -15.2876 0 0.0431941 0
0.9905 51.0447 0 -15.2954 0 0.0432159 0
0.991 51.0705 0 -15.3031 0 0.0432377 0
0.9915 51.0962 0 -15.3108 0 0.0432595 0
0.992 51.122 0 -15.3185 0 0.0432813 0
0.9925 51.1478 0 -15.3262 0 0.0433031 0
0.993 51.1735 0 -15.334 0 0.0433249 0
0.9935 51.1993 0 -15.3417 0 0.0433468 0
0.994 51.2251 0 -15.3494 0 0.0433686 0
0.9945 51.2508 0 -15.3571 0 0.0433904 0
0.995 51.2766 0 -15.3648 0 0.0434122 0
0.9955 51.3024 0 -15.3726 0 0.043434 0
0.996 51.3281 0 -15.3803 0 0.0434558 0
0.9965 51.3539 0 -15.388 0 0.0434777 0
0.997 51.3797 0 -15.3957 0 0.0434995 0
0.9975 51.4054 0 -15.4035 0 0.0435213 0
0.998 51.4312 0 -15.4112 0 0.0435431 0
0.9985 51.457 0 -15.4189 0 0.0435649 0
0.999 51.4827 0 -15.4266 0 0.0435867 0
0.9995 51.5085 0 -15.4343 0 0.0436085 0
1 51.5343 0 -15.4421 0 0.0436304 0
