0.0005 0.0313683 0 -0.00157065 0 1.76406e-05 0
0.001 0.0627367 0 -0.0031413 0 3.52812e-05 0
0.0015 0.094105 0 -0.00471195 0 5.29218e-05 0
0.002 0.125473 0 -0.0062826 0 7.05624e-05 0
0.0025 0.156842 0 -0.00785325 0 8.8203e-05 0
0.003 0.18821 0 -0.00942389 0 0.000105844 0
0.0035 0.219578 0 -0.0109945 0 0.000123484 0
0.004 0.250947 0 -0.0125652 0 0.000141125 0
0.0045 0.282315 0 -0.0141358 0 0.000158765 0
0.005 0.313683 0 -0.0157065 0 0.000176406 0
0.0055 0.345052 0 -0.0172771 0 0.000194047 0
0.006 0.37642 0 -0.0188478 0 0.000211687 0
0.0065 0.407788 0 -0.0204184 0 0.000229328 0
0.007 0.439157 0 -0.0219891 0 0.000246968 0
0.0075 0.470525 0 -0.0235597 0 0.000264609 0
0.008 0.501893 0 -0.0251304 0 0.00028225 0
0.0085 0.533262 0 -0.026701 0 0.00029989 0
0.009 0.56463 0 -0.0282717 0 0.000317531 0
0.0095 0.595998 0 -0.0298423 0 0.000335171 0
0.01 0.627367 0 -0.031413 0 0.000352812 0
0.0105 0.658735 0 -0.0329836 0 0.000370453 0
0.011 0.690103 0 -0.0345543 0 0.000388093 0
0.0115 0.721472 0 -0.0361249 0 0.000405734 0
0.012 0.75284 0 -0.0376956 0 0.000423374 0
0.0125 0.784208 0 -0.0392662 0 0.000441015 0
0.013 0.815577 0 -0.0408369 0 0.000458656 0
0.0135 0.846945 0 -0.0424075 0 0.000476296 0
0.014 0.878313 0 -0.0439782 0 0.000493937 0
0.0145 0.909682 0 -0.0455488 0 0.000511577 0
0.015 0.94105 0 -0.0471195 0 0.000529218 0
0.0155 0.972418 0 -0.0486901 0 0.000546859 0
0.016 1.00379 0 -0.0502608 0 0.000564499 0
0.0165 1.03516 0 -0.0518314 0 0.00058214 0
0.017 1.06652 0 -0.0534021 0 0.00059978 0
0.0175 1.09789 0 -0.0549727 0 0.000617421 0
0.018 1.12926 0 -0.0565434 0 0.000635062 0
0.0185 1.16063 0 -0.058114 0 0.000652702 0
0.019 1.192 0 -0.0596847 0 0.000670343 0
0.0195 1.22337 0 -0.0612553 0 0.000687983 0
0.02 1.25473 0 -0.062826 0 0.000705624 0
0.0205 1.2861 0 -0.0643966 0 0.000723265 0
0.021 1.31747 0 -0.0659673 0 0.000740905 0
0.0215 1.34884 0 -0.0675379 0 0.000758546 0
0.022 1.38021 0 -0.0691086 0 0.000776186 0
0.0225 1.41158 0 -0.0706792 0 0.000793827 0
0.023 1.44294 0 -0.0722499 0 0.000811468 0
0.0235 1.47431 0 -0.0738205 0 0.000829108 0
0.024 1.50568 0 -0.0753912 0 0.000846749 0
0.0245 1.53705 0 -0.0769618 0 0.000864389 0
0.025 1.56842 0 -0.0785325 0 0.00088203 0
0.0255 1.59979 0 -0.0801031 0 0.000899671 0
0.026 1.63115 0 -0.0816737 0 0.000917311 0
0.0265 1.66252 0 -0.0832444 0 0.000934952 0
0.027 1.69389 0 -0.084815 0 0.000952592 0
0.0275 1.72526 0 -0.0863857 0 0.000970233 0
0.028 1.75663 0 -0.0879563 0 0.000987874 0
0.0285 1.788 0 -0.089527 0 0.00100551 0
0.029 1.81936 0 -0.0910976 0 0.00102315 0
0.0295 1.85073 0 -0.0926683 0 0.0010408 0
0.03 1.8821 0 -0.0942389 0 0.00105844 0
0.0305 1.91347 0 -0.0958096 0 0.00107608 0
0.031 1.94484 0 -0.0973802 0 0.00109372 0
0.0315 1.97621 0 -0.0989509 0 0.00111136 0
0.032 2.00757 0 -0.100522 0 0.001129 0
0.0325 2.03894 0 -0.102092 0 0.00114664 0
0.033 2.07031 0 -0.103663 0 0.00116428 0
0.0335 2.10168 0 -0.105233 0 0.00118192 0
0.034 2.13305 0 -0.106804 0 0.00119956 0
0.0345 2.16442 0 -0.108375 0 0.0012172 0
0.035 2.19578 0 -0.109945 0 0.00123484 0
0.0355 2.22715 0 -0.111516 0 0.00125248 0
0.036 2.25852 0 -0.113087 0 0.00127012 0
0.0365 2.28989 0 -0.114657 0 0.00128776 0
0.037 2.32126 0 -0.116228 0 0.0013054 0
0.0375 2.35263 0 -0.117799 0 0.00132305 0
0.038 2.38399 0 -0.119369 0 0.00134069 0
0.0385 2.41536 0 -0.12094 0 0.00135833 0
0.039 2.44673 0 -0.122511 0 0.00137597 0
0.0395 2.4781 0 -0.124081 0 0.00139361 0
0.04 2.50947 0 -0.125652 0 0.00141125 0
0.0405 2.54084 0 -0.127223 0 0.00142889 0
0.041 2.5722 0 -0.128793 0 0.00144653 0
0.0415 2.60357 0 -0.130364 0 0.00146417 0
0.042 2.63494 0 -0.131935 0 0.00148181 0
0.0425 2.66631 0 -0.133505 0 0.00149945 0
0.043 2.69768 0 -0.135076 0 0.00151709 0
0.0435 2.72905 0 -0.136646 0 0.00153473 0
0.044 2.76041 0 -0.138217 0 0.00155237 0
0.0445 2.79178 0 -0.139788 0 0.00157001 0
0.045 2.82315 0 -0.141358 0 0.00158765 0
0.0455 2.85452 0 -0.142929 0 0.00160529 0
0.046 2.88589 0 -0.1445 0 0.00162294 0
0.0465 2.91726 0 -0.14607 0 0.00164058 0
0.047 2.94862 0 -0.147641 0 0.00165822 0
0.0475 2.97999 0 -0.149212 0 0.00167586 0
0.048 3.01136 0 -0.150782 0 0.0016935 0
0.0485 3.04273 0 -0.152353 0 0.00171114 0
0.049 3.0741 0 -0.153924 0 0.00172878 0
0.0495 3.10547 0 -0.155494 0 0.00174642 0
0.05 3.13683 0 -0.157065 0 0.00176406 0
0.0505 3.1682 0 -0.158636 0 0.0017817 0
0.051 3.19957 0 -0.160206 0 0.00179934 0
0.0515 3.23094 0 -0.161777 0 0.00181698 0
0.052 3.26231 0 -0.163347 0 0.00183462 0
0.0525 3.29368 0 -0.164918 0 0.00185226 0
0.053 3.32504 0 -0.166489 0 0.0018699 0
0.0535 3.35641 0 -0.168059 0 0.00188754 0
0.054 3.38778 0 -0.16963 0 0.00190518 0
0.0545 3.41915 0 -0.171201 0 0.00192283 0
0.055 3.45052 0 -0.172771 0 0.00194047 0
0.0555 3.48189 0 -0.174342 0 0.00195811 0
0.056 3.51325 0 -0.175913 0 0.00197575 0
0.0565 3.54462 0 -0.177483 0 0.00199339 0
0.057 3.57599 0 -0.179054 0 0.00201103 0
0.0575 3.60736 0 -0.180625 0 0.00202867 0
0.058 3.63873 0 -0.182195 0 0.00204631 0
0.0585 3.6701 0 -0.183766 0 0.00206395 0
0.059 3.70146 0 -0.185337 0 0.00208159 0
0.0595 3.73283 0 -0.186907 0 0.00209923 0
0.06 3.7642 0 -0.188478 0 0.00211687 0
0.0605 3.79557 0 -0.190049 0 0.00213451 0
0.061 3.82694 0 -0.191619 0 0.00215215 0
0.0615 3.85831 0 -0.19319 0 0.00216979 0
0.062 3.88967 0 -0.19476 0 0.00218743 0
0.0625 3.92104 0 -0.196331 0 0.00220508 0
0.063 3.95241 0 -0.197902 0 0.00222272 0
0.0635 3.98378 0 -0.199472 0 0.00224036 0
0.064 4.01515 0 -0.201043 0 0.002258 0
0.0645 4.04652 0 -0.202614 0 0.00227564 0
0.065 4.07788 0 -0.204184 0 0.00229328 0
0.0655 4.10925 0 -0.205755 0 0.00231092 0
0.066 4.14062 0 -0.207326 0 0.00232856 0
0.0665 4.17199 0 -0.208896 0 0.0023462 0
0.067 4.20336 0 -0.210467 0 0.00236384 0
0.0675 4.23473 0 -0.212038 0 0.00238148 0
0.068 4.26609 0 -0.213608 0 0.00239912 0
0.0685 4.29746 0 -0.215179 0 0.00241676 0
0.069 4.32883 0 -0.21675 0 0.0024344 0
0.0695 4.3602 0 -0.21832 0 0.00245204 0
0.07 4.39157 0 -0.219891 0 0.00246968 0
0.0705 4.42294 0 -0.221462 0 0.00248732 0
0.071 4.4543 0 -0.223032 0 0.00250497 0
0.0715 4.48567 0 -0.224603 0 0.00252261 0
0.072 4.51704 0 -0.226173 0 0.00254025 0
0.0725 4.54841 0 -0.227744 0 0.00255789 0
0.073 4.57978 0 -0.229315 0 0.00257553 0
0.0735 4.61115 0 -0.230885 0 0.00259317 0
0.074 4.64251 0 -0.232456 0 0.00261081 0
0.0745 4.67388 0 -0.234027 0 0.00262845 0
0.075 4.70525 0 -0.235597 0 0.00264609 0
0.0755 4.73662 0 -0.237168 0 0.00266373 0
0.076 4.76799 0 -0.238739 0 0.00268137 0
0.0765 4.79936 0 -0.240309 0 0.00269901 0
0.077 4.83072 0 -0.24188 0 0.00271665 0
0.0775 4.86209 0 -0.243451 0 0.00273429 0
0.078 4.89346 0 -0.245021 0 0.00275193 0
0.0785 4.92483 0 -0.246592 0 0.00276957 0
0.079 4.9562 0 -0.248163 0 0.00278721 0
0.0795 4.98757 0 -0.249733 0 0.00280486 0
0.08 5.01893 0 -0.251304 0 0.0028225 0
0.0805 5.0503 0 -0.252874 0 0.00284014 0
0.081 5.08167 0 -0.254445 0 0.00285778 0
0.0815 5.11304 0 -0.256016 0 0.00287542 0
0.082 5.14441 0 -0.257586 0 0.00289306 0
0.0825 5.17578 0 -0.259157 0 0.0029107 0
0.083 5.20714 0 -0.260728 0 0.00292834 0
0.0835 5.23851 0 -0.262298 0 0.00294598 0
0.084 5.26988 0 -0.263869 0 0.00296362 0
0.0845 5.30125 0 -0.26544 0 0.00298126 0
0.085 5.33262 0 -0.26701 0 0.0029989 0
0.0855 5.36399 0 -0.268581 0 0.00301654 0
0.086 5.39535 0 -0.270152 0 0.00303418 0
0.0865 5.42672 0 -0.271722 0 0.00305182 0
0.087 5.45809 0 -0.273293 0 0.00306946 0
0.0875 5.48946 0 -0.274864 0 0.00308711 0
0.088 5.52083 0 -0.276434 0 0.00310475 0
0.0885 5.5522 0 -0.278005 0 0.00312239 0
0.089 5.58356 0 -0.279576 0 0.00314003 0
0.0895 5.61493 0 -0.281146 0 0.00315767 0
0.09 5.6463 0 -0.282717 0 0.00317531 0
0.0905 5.67767 0 -0.284287 0 0.00319295 0
0.091 5.70904 0 -0.285858 0 0.00321059 0
0.0915 5.74041 0 -0.287429 0 0.00322823 0
0.092 5.77177 0 -0.288999 0 0.00324587 0
0.0925 5.80314 0 -0.29057 0 0.00326351 0
0.093 5.83451 0 -0.292141 0 0.00328115 0
0.0935 5.86588 0 -0.293711 0 0.00329879 0
0.094 5.89725 0 -0.295282 0 0.00331643 0
0.0945 5.92862 0 -0.296853 0 0.00333407 0
0.095 5.95998 0 -0.298423 0 0.00335171 0
0.0955 5.99135 0 -0.299994 0 0.00336935 0
0.096 6.02272 0 -0.301565 0 0.003387 0
0.0965 6.05409 0 -0.303135 0 0.00340464 0
0.097 6.08546 0 -0.304706 0 0.00342228 0
0.0975 6.11683 0 -0.306277 0 0.00343992 0
0.098 6.14819 0 -0.307847 0 0.00345756 0
0.0985 6.17956 0 -0.309418 0 0.0034752 0
0.099 6.21093 0 -0.310989 0 0.00349284 0
0.0995 6.2423 0 -0.312559 0 0.00351048 0
0.1 6.27367 0 -0.31413 0 0.00352812 0
0.1005 6.30504 0 -0.3157 0 0.00354576 0
0.101 6.3364 0 -0.317271 0 0.0035634 0
0.1015 6.36777 0 -0.318842 0 0.00358104 0
0.102 6.39914 0 -0.320412 0 0.00359868 0
0.1025 6.43051 0 -0.321983 0 0.00361632 0
0.103 6.46188 0 -0.323554 0 0.00363396 0
0.1035 6.49325 0 -0.325124 0 0.0036516 0
0.104 6.52461 0 -0.326695 0 0.00366924 0
0.1045 6.55598 0 -0.328266 0 0.00368689 0
0.105 6.58735 0 -0.329836 0 0.00370453 0
0.1055 6.61872 0 -0.331407 0 0.00372217 0
0.106 6.65009 0 -0.332978 0 0.00373981 0
0.1065 6.68146 0 -0.334548 0 0.00375745 0
0.107 6.71282 0 -0.336119 0 0.00377509 0
0.1075 6.74419 0 -0.33769 0 0.00379273 0
0.108 6.77556 0 -0.33926 0 0.00381037 0
0.1085 6.80693 0 -0.340831 0 0.00382801 0
0.109 6.8383 0 -0.342401 0 0.00384565 0
0.1095 6.86967 0 -0.343972 0 0.00386329 0
0.11 6.90103 0 -0.345543 0 0.00388093 0
0.1105 6.9324 0 -0.347113 0 0.00389857 0
0.111 6.96377 0 -0.348684 0 0.00391621 0
0.1115 6.99514 0 -0.350255 0 0.00393385 0
0.112 7.02651 0 -0.351825 0 0.00395149 0
0.1125 7.05788 0 -0.353396 0 0.00396914 0
0.113 7.08924 0 -0.354967 0 0.00398678 0
0.1135 7.12061 0 -0.356537 0 0.00400442 0
0.114 7.15198 0 -0.358108 0 0.00402206 0
0.1145 7.18335 0 -0.359679 0 0.0040397 0
0.115 7.21472 0 -0.361249 0 0.00405734 0
0.1155 7.24609 0 -0.36282 0 0.00407498 0
0.116 7.27745 0 -0.364391 0 0.00409262 0
0.1165 7.30882 0 -0.365961 0 0.00411026 0
0.117 7.34019 0 -0.367532 0 0.0041279 0
0.1175 7.37156 0 -0.369103 0 0.00414554 0
0.118 7.40293 0 -0.370673 0 0.00416318 0
0.1185 7.4343 0 -0.372244 0 0.00418082 0
0.119 7.46566 0 -0.373814 0 0.00419846 0
0.1195 7.49703 0 -0.375385 0 0.0042161 0
0.12 7.5284 0 -0.376956 0 0.00423374 0
0.1205 7.55977 0 -0.378526 0 0.00425138 0
0.121 7.59114 0 -0.380097 0 0.00426903 0
0.1215 7.62251 0 -0.381668 0 0.00428667 0
0.122 7.65387 0 -0.383238 0 0.00430431 0
0.1225 7.68524 0 -0.384809 0 0.00432195 0
0.123 7.71661 0 -0.38638 0 0.00433959 0
0.1235 7.74798 0 -0.38795 0 0.00435723 0
0.124 7.77935 0 -0.389521 0 0.00437487 0
0.1245 7.81072 0 -0.391092 0 0.00439251 0
0.125 7.84208 0 -0.392662 0 0.00441015 0
0.1255 7.87345 0 -0.394233 0 0.00442779 0
0.126 7.90482 0 -0.395804 0 0.00444543 0
0.1265 7.93619 0 -0.397374 0 0.00446307 0
0.127 7.96756 0 -0.398945 0 0.00448071 0
0.1275 7.99893 0 -0.400516 0 0.00449835 0
0.128 8.03029 0 -0.402086 0 0.00451599 0
0.1285 8.06166 0 -0.403657 0 0.00453363 0
0.129 8.09303 0 -0.405227 0 0.00455127 0
0.1295 8.1244 0 -0.406798 0 0.00456892 0
0.13 8.15577 0 -0.408369 0 0.00458656 0
0.1305 8.18714 0 -0.409939 0 0.0046042 0
0.131 8.2185 0 -0.41151 0 0.00462184 0
0.1315 8.24987 0 -0.413081 0 0.00463948 0
0.132 8.28124 0 -0.414651 0 0.00465712 0
0.1325 8.31261 0 -0.416222 0 0.00467476 0
0.133 8.34398 0 -0.417793 0 0.0046924 0
0.1335 8.37535 0 -0.419363 0 0.00471004 0
0.134 8.40671 0 -0.420934 0 0.00472768 0
0.1345 8.43808 0 -0.422505 0 0.00474532 0
0.135 8.46945 0 -0.424075 0 0.00476296 0
0.1355 8.50082 0 -0.425646 0 0.0047806 0
0.136 8.53219 0 -0.427217 0 0.00479824 0
0.1365 8.56356 0 -0.428787 0 0.00481588 0
0.137 8.59492 0 -0.430358 0 0.00483352 0
0.1375 8.62629 0 -0.431928 0 0.00485117 0
0.138 8.65766 0 -0.433499 0 0.00486881 0
0.1385 8.68903 0 -0.43507 0 0.00488645 0
0.139 8.7204 0 -0.43664 0 0.00490409 0
0.1395 8.75177 0 -0.438211 0 0.00492173 0
0.14 8.78313 0 -0.439782 0 0.00493937 0
0.1405 8.8145 0 -0.441352 0 0.00495701 0
0.141 8.84587 0 -0.442923 0 0.00497465 0
0.1415 8.87724 0 -0.444494 0 0.00499229 0
0.142 8.90861 0 -0.446064 0 0.00500993 0
0.1425 8.93998 0 -0.447635 0 0.00502757 0
0.143 8.97134 0 -0.449206 0 0.00504521 0
0.1435 9.00271 0 -0.450776 0 0.00506285 0
0.144 9.03408 0 -0.452347 0 0.00508049 0
0.1445 9.06545 0 -0.453918 0 0.00509813 0
0.145 9.09682 0 -0.455488 0 0.00511577 0
0.1455 9.12819 0 -0.457059 0 0.00513341 0
0.146 9.15955 0 -0.45863 0 0.00515106 0
0.1465 9.19092 0 -0.4602 0 0.0051687 0
0.147 9.22229 0 -0.461771 0 0.00518634 0
0.1475 9.25366 0 -0.463341 0 0.00520398 0
0.148 9.28503 0 -0.464912 0 0.00522162 0
0.1485 9.3164 0 -0.466483 0 0.00523926 0
0.149 9.34776 0 -0.468053 0 0.0052569 0
0.1495 9.37913 0 -0.469624 0 0.00527454 0
0.15 9.4105 0 -0.471195 0 0.00529218 0
0.1505 9.44187 0 -0.472765 0 0.00530982 0
0.151 9.47324 0 -0.474336 0 0.00532746 0
0.1515 9.50461 0 -0.475907 0 0.0053451 0
0.152 9.53597 0 -0.477477 0 0.00536274 0
0.1525 9.56734 0 -0.479048 0 0.00538038 0
0.153 9.59871 0 -0.480619 0 0.00539802 0
0.1535 9.63008 0 -0.482189 0 0.00541566 0
0.154 9.66145 0 -0.48376 0 0.00543331 0
0.1545 9.69282 0 -0.485331 0 0.00545095 0
0.155 9.72418 0 -0.486901 0 0.00546859 0
0.1555 9.75555 0 -0.488472 0 0.00548623 0
0.156 9.78692 0 -0.490042 0 0.00550387 0
0.1565 9.81829 0 -0.491613 0 0.00552151 0
0.157 9.84966 0 -0.493184 0 0.00553915 0
0.1575 9.88103 0 -0.494754 0 0.00555679 0
0.158 9.91239 0 -0.496325 0 0.00557443 0
0.1585 9.94376 0 -0.497896 0 0.00559207 0
0.159 9.97513 0 -0.499466 0 0.00560971 0
0.1595 10.0065 0 -0.501037 0 0.00562735 0
0.16 10.0379 0 -0.502608 0 0.00564499 0
0.1605 10.0692 0 -0.504178 0 0.00566263 0
0.161 10.1006 0 -0.505749 0 0.00568027 0
0.1615 10.132 0 -0.50732 0 0.00569791 0
0.162 10.1633 0 -0.50889 0 0.00571555 0
0.1625 10.1947 0 -0.510461 0 0.0057332 0
0.163 10.2261 0 -0.512032 0 0.00575084 0
0.1635 10.2574 0 -0.513602 0 0.00576848 0
0.164 10.2888 0 -0.515173 0 0.00578612 0
0.1645 10.3202 0 -0.516744 0 0.00580376 0
0.165 10.3516 0 -0.518314 0 0.0058214 0
0.1655 10.3829 0 -0.519885 0 0.00583904 0
0.166 10.4143 0 -0.521455 0 0.00585668 0
0.1665 10.4457 0 -0.523026 0 0.00587432 0
0.167 10.477 0 -0.524597 0 0.00589196 0
0.1675 10.5084 0 -0.526167 0 0.0059096 0
0.168 10.5398 0 -0.527738 0 0.00592724 0
0.1685 10.5711 0 -0.529309 0 0.00594488 0
0.169 10.6025 0 -0.530879 0 0.00596252 0
0.1695 10.6339 0 -0.53245 0 0.00598016 0
0.17 10.6652 0 -0.534021 0 0.0059978 0
0.1705 10.6966 0 -0.535591 0 0.00601544 0
0.171 10.728 0 -0.537162 0 0.00603309 0
0.1715 10.7593 0 -0.538733 0 0.00605073 0
0.172 10.7907 0 -0.540303 0 0.00606837 0
0.1725 10.8221 0 -0.541874 0 0.00608601 0
0.173 10.8534 0 -0.543445 0 0.00610365 0
0.1735 10.8848 0 -0.545015 0 0.00612129 0
0.174 10.9162 0 -0.546586 0 0.00613893 0
0.1745 10.9475 0 -0.548157 0 0.00615657 0
0.175 10.9789 0 -0.549727 0 0.00617421 0
0.1755 11.0103 0 -0.551298 0 0.00619185 0
0.176 11.0417 0 -0.552868 0 0.00620949 0
0.1765 11.073 0 -0.554439 0 0.00622713 0
0.177 11.1044 0 -0.55601 0 0.00624477 0
0.1775 11.1358 0 -0.55758 0 0.00626241 0
0.178 11.1671 0 -0.559151 0 0.00628005 0
0.1785 11.1985 0 -0.560722 0 0.00629769 0
0.179 11.2299 0 -0.562292 0 0.00631534 0
0.1795 11.2612 0 -0.563863 0 0.00633298 0
0.18 11.2926 0 -0.565434 0 0.00635062 0
0.1805 11.324 0 -0.567004 0 0.00636826 0
0.181 11.3553 0 -0.568575 0 0.0063859 0
0.1815 11.3867 0 -0.570146 0 0.00640354 0
0.182 11.4181 0 -0.571716 0 0.00642118 0
0.1825 11.4494 0 -0.573287 0 0.00643882 0
0.183 11.4808 0 -0.574858 0 0.00645646 0
0.1835 11.5122 0 -0.576428 0 0.0064741 0
0.184 11.5435 0 -0.577999 0 0.00649174 0
0.1845 11.5749 0 -0.579569 0 0.00650938 0
0.185 11.6063 0 -0.58114 0 0.00652702 0
0.1855 11.6377 0 -0.582711 0 0.00654466 0
0.186 11.669 0 -0.584281 0 0.0065623 0
0.1865 11.7004 0 -0.585852 0 0.00657994 0
0.187 11.7318 0 -0.587423 0 0.00659758 0
0.1875 11.7631 0 -0.588993 0 0.00661523 0
0.188 11.7945 0 -0.590564 0 0.00663287 0
0.1885 11.8259 0 -0.592135 0 0.00665051 0
0.189 11.8572 0 -0.593705 0 0.00666815 0
0.1895 11.8886 0 -0.595276 0 0.00668579 0
0.19 11.92 0 -0.596847 0 0.00670343 0
0.1905 11.9513 0 -0.598417 0 0.00672107 0
0.191 11.9827 0 -0.599988 0 0.00673871 0
0.1915 12.0141 0 -0.601559 0 0.00675635 0
0.192 12.0454 0 -0.603129 0 0.00677399 0
0.1925 12.0768 0 -0.6047 0 0.00679163 0
0.193 12.1082 0 -0.606271 0 0.00680927 0
0.1935 12.1395 0 -0.607841 0 0.00682691 0
0.194 12.1709 0 -0.609412 0 0.00684455 0
0.1945 12.2023 0 -0.610982 0 0.00686219 0
0.195 12.2337 0 -0.612553 0 0.00687983 0
0.1955 12.265 0 -0.614124 0 0.00689747 0
0.196 12.2964 0 -0.615694 0 0.00691512 0
0.1965 12.3278 0 -0.617265 0 0.00693276 0
0.197 12.3591 0 -0.618836 0 0.0069504 0
0.1975 12.3905 0 -0.620406 0 0.00696804 0
0.198 12.4219 0 -0.621977 0 0.00698568 0
0.1985 12.4532 0 -0.623548 0 0.00700332 0
0.199 12.4846 0 -0.625118 0 0.00702096 0
0.1995 12.516 0 -0.626689 0 0.0070386 0
0.2 12.5473 0 -0.62826 0 0.00705624 0
0.2005 12.5787 0 -0.62983 0 0.00707388 0
0.201 12.6101 0 -0.631401 0 0.00709152 0
0.2015 12.6414 0 -0.632972 0 0.00710916 0
0.202 12.6728 0 -0.634542 0 0.0071268 0
0.2025 12.7042 0 -0.636113 0 0.00714444 0
0.203 12.7355 0 -0.637684 0 0.00716208 0
0.2035 12.7669 0 -0.639254 0 0.00717972 0
0.204 12.7983 0 -0.640825 0 0.00719737 0
0.2045 12.8296 0 -0.642395 0 0.00721501 0
0.205 12.861 0 -0.643966 0 0.00723265 0
0.2055 12.8924 0 -0.645537 0 0.00725029 0
0.206 12.9238 0 -0.647107 0 0.00726793 0
0.2065 12.9551 0 -0.648678 0 0.00728557 0
0.207 12.9865 0 -0.650249 0 0.00730321 0
0.2075 13.0179 0 -0.651819 0 0.00732085 0
0.208 13.0492 0 -0.65339 0 0.00733849 0
0.2085 13.0806 0 -0.654961 0 0.00735613 0
0.209 13.112 0 -0.656531 0 0.00737377 0
0.2095 13.1433 0 -0.658102 0 0.00739141 0
0.21 13.1747 0 -0.659673 0 0.00740905 0
0.2105 13.2061 0 -0.661243 0 0.00742669 0
0.211 13.2374 0 -0.662814 0 0.00744433 0
0.2115 13.2688 0 -0.664385 0 0.00746197 0
0.212 13.3002 0 -0.665955 0 0.00747961 0
0.2125 13.3315 0 -0.667526 0 0.00749726 0
0.213 13.3629 0 -0.669096 0 0.0075149 0
0.2135 13.3943 0 -0.670667 0 0.00753254 0
0.214 13.4256 0 -0.672238 0 0.00755018 0
0.2145 13.457 0 -0.673808 0 0.00756782 0
0.215 13.4884 0 -0.675379 0 0.00758546 0
0.2155 13.5198 0 -0.67695 0 0.0076031 0
0.216 13.5511 0 -0.67852 0 0.00762074 0
0.2165 13.5825 0 -0.680091 0 0.00763838 0
0.217 13.6139 0 -0.681662 0 0.00765602 0
0.2175 13.6452 0 -0.683232 0 0.00767366 0
0.218 13.6766 0 -0.684803 0 0.0076913 0
0.2185 13.708 0 -0.686374 0 0.00770894 0
0.219 13.7393 0 -0.687944 0 0.00772658 0
0.2195 13.7707 0 -0.689515 0 0.00774422 0
0.22 13.8021 0 -0.691086 0 0.00776186 0
0.2205 13.8334 0 -0.692656 0 0.0077795 0
0.221 13.8648 0 -0.694227 0 0.00779715 0
0.2215 13.8962 0 -0.695798 0 0.00781479 0
0.222 13.9275 0 -0.697368 0 0.00783243 0
0.2225 13.9589 0 -0.698939 0 0.00785007 0
0.223 13.9903 0 -0.700509 0 0.00786771 0
0.2235 14.0216 0 -0.70208 0 0.00788535 0
0.224 14.053 0 -0.703651 0 0.00790299 0
0.2245 14.0844 0 -0.705221 0 0.00792063 0
0.225 14.1158 0 -0.706792 0 0.00793827 0
0.2255 14.1471 0 -0.708363 0 0.00795591 0
0.226 14.1785 0 -0.709933 0 0.00797355 0
0.2265 14.2099 0 -0.711504 0 0.00799119 0
0.227 14.2412 0 -0.713075 0 0.00800883 0
0.2275 14.2726 0 -0.714645 0 0.00802647 0
0.228 14.304 0 -0.716216 0 0.00804411 0
0.2285 14.3353 0 -0.717787 0 0.00806175 0
0.229 14.3667 0 -0.719357 0 0.0080794 0
0.2295 14.3981 0 -0.720928 0 0.00809704 0
0.23 14.4294 0 -0.722499 0 0.00811468 0
0.2305 14.4608 0 -0.724069 0 0.00813232 0
0.231 14.4922 0 -0.72564 0 0.00814996 0
0.2315 14.5235 0 -0.727211 0 0.0081676 0
0.232 14.5549 0 -0.728781 0 0.00818524 0
0.2325 14.5863 0 -0.730352 0 0.00820288 0
0.233 14.6176 0 -0.731922 0 0.00822052 0
0.2335 14.649 0 -0.733493 0 0.00823816 0
0.234 14.6804 0 -0.735064 0 0.0082558 0
0.2345 14.7117 0 -0.736634 0 0.00827344 0
0.235 14.7431 0 -0.738205 0 0.00829108 0
0.2355 14.7745 0 -0.739776 0 0.00830872 0
0.236 14.8059 0 -0.741346 0 0.00832636 0
0.2365 14.8372 0 -0.742917 0 0.008344 0
0.237 14.8686 0 -0.744488 0 0.00836164 0
0.2375 14.9 0 -0.746058 0 0.00837929 0
0.238 14.9313 0 -0.747629 0 0.00839693 0
0.2385 14.9627 0 -0.7492 0 0.00841457 0
0.239 14.9941 0 -0.75077 0 0.00843221 0
0.2395 15.0254 0 -0.752341 0 0.00844985 0
0.24 15.0568 0 -0.753912 0 0.00846749 0
0.2405 15.0882 0 -0.755482 0 0.00848513 0
0.241 15.1195 0 -0.757053 0 0.00850277 0
0.2415 15.1509 0 -0.758623 0 0.00852041 0
0.242 15.1823 0 -0.760194 0 0.00853805 0
0.2425 15.2136 0 -0.761765 0 0.00855569 0
0.243 15.245 0 -0.763335 0 0.00857333 0
0.2435 15.2764 0 -0.764906 0 0.00859097 0
0.244 15.3077 0 -0.766477 0 0.00860861 0
0.2445 15.3391 0 -0.768047 0 0.00862625 0
0.245 15.3705 0 -0.769618 0 0.00864389 0
0.2455 15.4019 0 -0.771189 0 0.00866153 0
0.246 15.4332 0 -0.772759 0 0.00867918 0
0.2465 15.4646 0 -0.77433 0 0.00869682 0
0.247 15.496 0 -0.775901 0 0.00871446 0
0.2475 15.5273 0 -0.777471 0 0.0087321 0
0.248 15.5587 0 -0.779042 0 0.00874974 0
0.2485 15.5901 0 -0.780613 0 0.00876738 0
0.249 15.6214 0 -0.782183 0 0.00878502 0
0.2495 15.6528 0 -0.783754 0 0.00880266 0
0.25 15.6842 0 -0.785325 0 0.0088203 0
0.2505 15.7155 0 -0.786895 0 0.00883794 0
0.251 15.7469 0 -0.788466 0 0.00885558 0
0.2515 15.7783 0 -0.790036 0 0.00887322 0
0.252 15.8096 0 -0.791607 0 0.00889086 0
0.2525 15.841 0 -0.793178 0 0.0089085 0
0.253 15.8724 0 -0.794748 0 0.00892614 0
0.2535 15.9037 0 -0.796319 0 0.00894378 0
0.254 15.9351 0 -0.79789 0 0.00896143 0
0.2545 15.9665 0 -0.79946 0 0.00897907 0
0.255 15.9979 0 -0.801031 0 0.00899671 0
0.2555 16.0292 0 -0.802602 0 0.00901435 0
0.256 16.0606 0 -0.804172 0 0.00903199 0
0.2565 16.092 0 -0.805743 0 0.00904963 0
0.257 16.1233 0 -0.807314 0 0.00906727 0
0.2575 16.1547 0 -0.808884 0 0.00908491 0
0.258 16.1861 0 -0.810455 0 0.00910255 0
0.2585 16.2174 0 -0.812026 0 0.00912019 0
0.259 16.2488 0 -0.813596 0 0.00913783 0
0.2595 16.2802 0 -0.815167 0 0.00915547 0
0.26 16.3115 0 -0.816737 0 0.00917311 0
0.2605 16.3429 0 -0.818308 0 0.00919075 0
0.261 16.3743 0 -0.819879 0 0.00920839 0
0.2615 16.4056 0 -0.821449 0 0.00922603 0
0.262 16.437 0 -0.82302 0 0.00924367 0
0.2625 16.4684 0 -0.824591 0 0.00926132 0
0.263 16.4997 0 -0.826161 0 0.00927896 0
0.2635 16.5311 0 -0.827732 0 0.0092966 0
0.264 16.5625 0 -0.829303 0 0.00931424 0
0.2645 16.5938 0 -0.830873 0 0.00933188 0
0.265 16.6252 0 -0.832444 0 0.00934952 0
0.2655 16.6566 0 -0.834015 0 0.00936716 0
0.266 16.688 0 -0.835585 0 0.0093848 0
0.2665 16.7193 0 -0.837156 0 0.00940244 0
0.267 16.7507 0 -0.838727 0 0.00942008 0
0.2675 16.7821 0 -0.840297 0 0.00943772 0
0.268 16.8134 0 -0.841868 0 0.00945536 0
0.2685 16.8448 0 -0.843439 0 0.009473 0
0.269 16.8762 0 -0.845009 0 0.00949064 0
0.2695 16.9075 0 -0.84658 0 0.00950828 0
0.27 16.9389 0 -0.84815 0 0.00952592 0
0.2705 16.9703 0 -0.849721 0 0.00954357 0
0.271 17.0016 0 -0.851292 0 0.00956121 0
0.2715 17.033 0 -0.852862 0 0.00957885 0
0.272 17.0644 0 -0.854433 0 0.00959649 0
0.2725 17.0957 0 -0.856004 0 0.00961413 0
0.273 17.1271 0 -0.857574 0 0.00963177 0
0.2735 17.1585 0 -0.859145 0 0.00964941 0
0.274 17.1898 0 -0.860716 0 0.00966705 0
0.2745 17.2212 0 -0.862286 0 0.00968469 0
0.275 17.2526 0 -0.863857 0 0.00970233 0
0.2755 17.284 0 -0.865428 0 0.00971997 0
0.276 17.3153 0 -0.866998 0 0.00973761 0
0.2765 17.3467 0 -0.868569 0 0.00975525 0
0.277 17.3781 0 -0.87014 0 0.00977289 0
0.2775 17.4094 0 -0.87171 0 0.00979053 0
0.278 17.4408 0 -0.873281 0 0.00980817 0
0.2785 17.4722 0 -0.874852 0 0.00982581 0
0.279 17.5035 0 -0.876422 0 0.00984346 0
0.2795 17.5349 0 -0.877993 0 0.0098611 0
0.28 17.5663 0 -0.879563 0 0.00987874 0
0.2805 17.5976 0 -0.881134 0 0.00989638 0
0.281 17.629 0 -0.882705 0 0.00991402 0
0.2815 17.6604 0 -0.884275 0 0.00993166 0
0.282 17.6917 0 -0.885846 0 0.0099493 0
0.2825 17.7231 0 -0.887417 0 0.00996694 0
0.283 17.7545 0 -0.888987 0 0.00998458 0
0.2835 17.7858 0 -0.890558 0 0.0100022 0
0.284 17.8172 0 -0.892129 0 0.0100199 0
0.2845 17.8486 0 -0.893699 0 0.0100375 0
0.285 17.88 0 -0.89527 0 0.0100551 0
0.2855 17.9113 0 -0.896841 0 0.0100728 0
0.286 17.9427 0 -0.898411 0 0.0100904 0
0.2865 17.9741 0 -0.899982 0 0.0101081 0
0.287 18.0054 0 -0.901553 0 0.0101257 0
0.2875 18.0368 0 -0.903123 0 0.0101433 0
0.288 18.0682 0 -0.904694 0 0.010161 0
0.2885 18.0995 0 -0.906264 0 0.0101786 0
0.289 18.1309 0 -0.907835 0 0.0101963 0
0.2895 18.1623 0 -0.909406 0 0.0102139 0
0.29 18.1936 0 -0.910976 0 0.0102315 0
0.2905 18.225 0 -0.912547 0 0.0102492 0
0.291 18.2564 0 -0.914118 0 0.0102668 0
0.2915 18.2877 0 -0.915688 0 0.0102845 0
0.292 18.3191 0 -0.917259 0 0.0103021 0
0.2925 18.3505 0 -0.91883 0 0.0103198 0
0.293 18.3818 0 -0.9204 0 0.0103374 0
0.2935 18.4132 0 -0.921971 0 0.010355 0
0.294 18.4446 0 -0.923542 0 0.0103727 0
0.2945 18.4759 0 -0.925112 0 0.0103903 0
0.295 18.5073 0 -0.926683 0 0.010408 0
0.2955 18.5387 0 -0.928254 0 0.0104256 0
0.296 18.5701 0 -0.929824 0 0.0104432 0
0.2965 18.6014 0 -0.931395 0 0.0104609 0
0.297 18.6328 0 -0.932966 0 0.0104785 0
0.2975 18.6642 0 -0.934536 0 0.0104962 0
0.298 18.6955 0 -0.936107 0 0.0105138 0
0.2985 18.7269 0 -0.937677 0 0.0105314 0
0.299 18.7583 0 -0.939248 0 0.0105491 0
0.2995 18.7896 0 -0.940819 0 0.0105667 0
0.3 18.821 0 -0.942389 0 0.0105844 0
0.3005 18.8524 0 -0.94396 0 0.010602 0
0.301 18.8837 0 -0.945531 0 0.0106196 0
0.3015 18.9151 0 -0.947101 0 0.0106373 0
0.302 18.9465 0 -0.948672 0 0.0106549 0
0.3025 18.9778 0 -0.950243 0 0.0106726 0
0.303 19.0092 0 -0.951813 0 0.0106902 0
0.3035 19.0406 0 -0.953384 0 0.0107078 0
0.304 19.0719 0 -0.954955 0 0.0107255 0
0.3045 19.1033 0 -0.956525 0 0.0107431 0
0.305 19.1347 0 -0.958096 0 0.0107608 0
0.3055 19.1661 0 -0.959667 0 0.0107784 0
0.306 19.1974 0 -0.961237 0 0.010796 0
0.3065 19.2288 0 -0.962808 0 0.0108137 0
0.307 19.2602 0 -0.964379 0 0.0108313 0
0.3075 19.2915 0 -0.965949 0 0.010849 0
0.308 19.3229 0 -0.96752 0 0.0108666 0
0.3085 19.3543 0 -0.96909 0 0.0108843 0
0.309 19.3856 0 -0.970661 0 0.0109019 0
0.3095 19.417 0 -0.972232 0 0.0109195 0
0.31 19.4484 0 -0.973802 0 0.0109372 0
0.3105 19.4797 0 -0.975373 0 0.0109548 0
0.311 19.5111 0 -0.976944 0 0.0109725 0
0.3115 19.5425 0 -0.978514 0 0.0109901 0
0.312 19.5738 0 -0.980085 0 0.0110077 0
0.3125 19.6052 0 -0.981656 0 0.0110254 0
0.313 19.6366 0 -0.983226 0 0.011043 0
0.3135 19.6679 0 -0.984797 0 0.0110607 0
0.314 19.6993 0 -0.986368 0 0.0110783 0
0.3145 19.7307 0 -0.987938 0 0.0110959 0
0.315 19.7621 0 -0.989509 0 0.0111136 0
0.3155 19.7934 0 -0.99108 0 0.0111312 0
0.316 19.8248 0 -0.99265 0 0.0111489 0
0.3165 19.8562 0 -0.994221 0 0.0111665 0
0.317 19.8875 0 -0.995791 0 0.0111841 0
0.3175 19.9189 0 -0.997362 0 0.0112018 0
0.318 19.9503 0 -0.998933 0 0.0112194 0
0.3185 19.9816 0 -1.0005 0 0.0112371 0
0.319 20.013 0 -1.00207 0 0.0112547 0
0.3195 20.0444 0 -1.00364 0 0.0112723 0
0.32 20.0757 0 -1.00522 0 0.01129 0
0.3205 20.1071 0 -1.00679 0 0.0113076 0
0.321 20.1385 0 -1.00836 0 0.0113253 0
0.3215 20.1698 0 -1.00993 0 0.0113429 0
0.322 20.2012 0 -1.0115 0 0.0113605 0
0.3225 20.2326 0 -1.01307 0 0.0113782 0
0.323 20.2639 0 -1.01464 0 0.0113958 0
0.3235 20.2953 0 -1.01621 0 0.0114135 0
0.324 20.3267 0 -1.01778 0 0.0114311 0
0.3245 20.358 0 -1.01935 0 0.0114487 0
0.325 20.3894 0 -1.02092 0 0.0114664 0
0.3255 20.4208 0 -1.02249 0 0.011484 0
0.326 20.4522 0 -1.02406 0 0.0115017 0
0.3265 20.4835 0 -1.02563 0 0.0115193 0
0.327 20.5149 0 -1.0272 0 0.011537 0
0.3275 20.5463 0 -1.02878 0 0.0115546 0
0.328 20.5776 0 -1.03035 0 0.0115722 0
0.3285 20.609 0 -1.03192 0 0.0115899 0
0.329 20.6404 0 -1.03349 0 0.0116075 0
0.3295 20.6717 0 -1.03506 0 0.0116252 0
0.33 20.7031 0 -1.03663 0 0.0116428 0
0.3305 20.7345 0 -1.0382 0 0.0116604 0
0.331 20.7658 0 -1.03977 0 0.0116781 0
0.3315 20.7972 0 -1.04134 0 0.0116957 0
0.332 20.8286 0 -1.04291 0 0.0117134 0
0.3325 20.8599 0 -1.04448 0 0.011731 0
0.333 20.8913 0 -1.04605 0 0.0117486 0
0.3335 20.9227 0 -1.04762 0 0.0117663 0
0.334 20.954 0 -1.04919 0 0.0117839 0
0.3345 20.9854 0 -1.05076 0 0.0118016 0
0.335 21.0168 0 -1.05233 0 0.0118192 0
0.3355 21.0482 0 -1.05391 0 0.0118368 0
0.336 21.0795 0 -1.05548 0 0.0118545 0
0.3365 21.1109 0 -1.05705 0 0.0118721 0
0.337 21.1423 0 -1.05862 0 0.0118898 0
0.3375 21.1736 0 -1.06019 0 0.0119074 0
0.338 21.205 0 -1.06176 0 0.011925 0
0.3385 21.2364 0 -1.06333 0 0.0119427 0
0.339 21.2677 0 -1.0649 0 0.0119603 0
0.3395 21.2991 0 -1.06647 0 0.011978 0
0.34 21.3305 0 -1.06804 0 0.0119956 0
0.3405 21.3618 0 -1.06961 0 0.0120132 0
0.341 21.3932 0 -1.07118 0 0.0120309 0
0.3415 21.4246 0 -1.07275 0 0.0120485 0
0.342 21.4559 0 -1.07432 0 0.0120662 0
0.3425 21.4873 0 -1.07589 0 0.0120838 0
0.343 21.5187 0 -1.07747 0 0.0121015 0
0.3435 21.55 0 -1.07904 0 0.0121191 0
0.344 21.5814 0 -1.08061 0 0.0121367 0
0.3445 21.6128 0 -1.08218 0 0.0121544 0
0.345 21.6442 0 -1.08375 0 0.012172 0
0.3455 21.6755 0 -1.08532 0 0.0121897 0
0.346 21.7069 0 -1.08689 0 0.0122073 0
0.3465 21.7383 0 -1.08846 0 0.0122249 0
0.347 21.7696 0 -1.09003 0 0.0122426 0
0.3475 21.801 0 -1.0916 0 0.0122602 0
0.348 21.8324 0 -1.09317 0 0.0122779 0
0.3485 21.8637 0 -1.09474 0 0.0122955 0
0.349 21.8951 0 -1.09631 0 0.0123131 0
0.3495 21.9265 0 -1.09788 0 0.0123308 0
0.35 21.9578 0 -1.09945 0 0.0123484 0
0.3505 21.9892 0 -1.10102 0 0.0123661 0
0.351 22.0206 0 -1.1026 0 0.0123837 0
0.3515 22.0519 0 -1.10417 0 0.0124013 0
0.352 22.0833 0 -1.10574 0 0.012419 0
0.3525 22.1147 0 -1.10731 0 0.0124366 0
0.353 22.146 0 -1.10888 0 0.0124543 0
0.3535 22.1774 0 -1.11045 0 0.0124719 0
0.354 22.2088 0 -1.11202 0 0.0124895 0
0.3545 22.2401 0 -1.11359 0 0.0125072 0
0.355 22.2715 0 -1.11516 0 0.0125248 0
0.3555 22.3029 0 -1.11673 0 0.0125425 0
0.356 22.3343 0 -1.1183 0 0.0125601 0
0.3565 22.3656 0 -1.11987 0 0.0125777 0
0.357 22.397 0 -1.12144 0 0.0125954 0
0.3575 22.4284 0 -1.12301 0 0.012613 0
0.358 22.4597 0 -1.12458 0 0.0126307 0
0.3585 22.4911 0 -1.12616 0 0.0126483 0
0.359 22.5225 0 -1.12773 0 0.012666 0
0.3595 22.5538 0 -1.1293 0 0.0126836 0
0.36 22.5852 0 -1.13087 0 0.0127012 0
0.3605 22.6166 0 -1.13244 0 0.0127189 0
0.361 22.6479 0 -1.13401 0 0.0127365 0
0.3615 22.6793 0 -1.13558 0 0.0127542 0
0.362 22.7107 0 -1.13715 0 0.0127718 0
0.3625 22.742 0 -1.13872 0 0.0127894 0
0.363 22.7734 0 -1.14029 0 0.0128071 0
0.3635 22.8048 0 -1.14186 0 0.0128247 0
0.364 22.8361 0 -1.14343 0 0.0128424 0
0.3645 22.8675 0 -1.145 0 0.01286 0
0.365 22.8989 0 -1.14657 0 0.0128776 0
0.3655 22.9303 0 -1.14814 0 0.0128953 0
0.366 22.9616 0 -1.14972 0 0.0129129 0
0.3665 22.993 0 -1.15129 0 0.0129306 0
0.367 23.0244 0 -1.15286 0 0.0129482 0
0.3675 23.0557 0 -1.15443 0 0.0129658 0
0.368 23.0871 0 -1.156 0 0.0129835 0
0.3685 23.1185 0 -1.15757 0 0.0130011 0
0.369 23.1498 0 -1.15914 0 0.0130188 0
0.3695 23.1812 0 -1.16071 0 0.0130364 0
0.37 23.2126 0 -1.16228 0 0.013054 0
0.3705 23.2439 0 -1.16385 0 0.0130717 0
0.371 23.2753 0 -1.16542 0 0.0130893 0
0.3715 23.3067 0 -1.16699 0 0.013107 0
0.372 23.338 0 -1.16856 0 0.0131246 0
0.3725 23.3694 0 -1.17013 0 0.0131422 0
0.373 23.4008 0 -1.1717 0 0.0131599 0
0.3735 23.4321 0 -1.17327 0 0.0131775 0
0.374 23.4635 0 -1.17485 0 0.0131952 0
0.3745 23.4949 0 -1.17642 0 0.0132128 0
0.375 23.5263 0 -1.17799 0 0.0132305 0
0.3755 23.5576 0 -1.17956 0 0.0132481 0
0.376 23.589 0 -1.18113 0 0.0132657 0
0.3765 23.6204 0 -1.1827 0 0.0132834 0
0.377 23.6517 0 -1.18427 0 0.013301 0
0.3775 23.6831 0 -1.18584 0 0.0133187 0
0.378 23.7145 0 -1.18741 0 0.0133363 0
0.3785 23.7458 0 -1.18898 0 0.0133539 0
0.379 23.7772 0 -1.19055 0 0.0133716 0
0.3795 23.8086 0 -1.19212 0 0.0133892 0
0.38 23.8399 0 -1.19369 0 0.0134069 0
0.3805 23.8713 0 -1.19526 0 0.0134245 0
0.381 23.9027 0 -1.19683 0 0.0134421 0
0.3815 23.934 0 -1.19841 0 0.0134598 0
0.382 23.9654 0 -1.19998 0 0.0134774 0
0.3825 23.9968 0 -1.20155 0 0.0134951 0
0.383 24.0281 0 -1.20312 0 0.0135127 0
0.3835 24.0595 0 -1.20469 0 0.0135303 0
0.384 24.0909 0 -1.20626 0 0.013548 0
0.3845 24.1222 0 -1.20783 0 0.0135656 0
0.385 24.1536 0 -1.2094 0 0.0135833 0
0.3855 24.185 0 -1.21097 0 0.0136009 0
0.386 24.2164 0 -1.21254 0 0.0136185 0
0.3865 24.2477 0 -1.21411 0 0.0136362 0
0.387 24.2791 0 -1.21568 0 0.0136538 0
0.3875 24.3105 0 -1.21725 0 0.0136715 0
0.388 24.3418 0 -1.21882 0 0.0136891 0
0.3885 24.3732 0 -1.22039 0 0.0137067 0
0.389 24.4046 0 -1.22196 0 0.0137244 0
0.3895 24.4359 0 -1.22354 0 0.013742 0
0.39 24.4673 0 -1.22511 0 0.0137597 0
0.3905 24.4987 0 -1.22668 0 0.0137773 0
0.391 24.53 0 -1.22825 0 0.0137949 0
0.3915 24.5614 0 -1.22982 0 0.0138126 0
0.392 24.5928 0 -1.23139 0 0.0138302 0
0.3925 24.6241 0 -1.23296 0 0.0138479 0
0.393 24.6555 0 -1.23453 0 0.0138655 0
0.3935 24.6869 0 -1.2361 0 0.0138832 0
0.394 24.7182 0 -1.23767 0 0.0139008 0
0.3945 24.7496 0 -1.23924 0 0.0139184 0
0.395 24.781 0 -1.24081 0 0.0139361 0
0.3955 24.8124 0 -1.24238 0 0.0139537 0
0.396 24.8437 0 -1.24395 0 0.0139714 0
0.3965 24.8751 0 -1.24552 0 0.013989 0
0.397 24.9065 0 -1.2471 0 0.0140066 0
0.3975 24.9378 0 -1.24867 0 0.0140243 0
0.398 24.9692 0 -1.25024 0 0.0140419 0
0.3985 25.0006 0 -1.25181 0 0.0140596 0
0.399 25.0319 0 -1.25338 0 0.0140772 0
0.3995 25.0633 0 -1.25495 0 0.0140948 0
0.4 25.0947 0 -1.25652 0 0.0141125 0
0.4005 25.126 0 -1.25809 0 0.0141301 0
0.401 25.1574 0 -1.25966 0 0.0141478 0
0.4015 25.1888 0 -1.26123 0 0.0141654 0
0.402 25.2201 0 -1.2628 0 0.014183 0
0.4025 25.2515 0 -1.26437 0 0.0142007 0
0.403 25.2829 0 -1.26594 0 0.0142183 0
0.4035 25.3142 0 -1.26751 0 0.014236 0
0.404 25.3456 0 -1.26908 0 0.0142536 0
0.4045 25.377 0 -1.27066 0 0.0142712 0
0.405 25.4084 0 -1.27223 0 0.0142889 0
0.4055 25.4397 0 -1.2738 0 0.0143065 0
0.406 25.4711 0 -1.27537 0 0.0143242 0
0.4065 25.5025 0 -1.27694 0 0.0143418 0
0.407 25.5338 0 -1.27851 0 0.0143594 0
0.4075 25.5652 0 -1.28008 0 0.0143771 0
0.408 25.5966 0 -1.28165 0 0.0143947 0
0.4085 25.6279 0 -1.28322 0 0.0144124 0
0.409 25.6593 0 -1.28479 0 0.01443 0
0.4095 25.6907 0 -1.28636 0 0.0144477 0
0.41 25.722 0 -1.28793 0 0.0144653 0
0.4105 25.7534 0 -1.2895 0 0.0144829 0
0.411 25.7848 0 -1.29107 0 0.0145006 0
0.4115 25.8161 0 -1.29264 0 0.0145182 0
0.412 25.8475 0 -1.29421 0 0.0145359 0
0.4125 25.8789 0 -1.29579 0 0.0145535 0
0.413 25.9102 0 -1.29736 0 0.0145711 0
0.4135 25.9416 0 -1.29893 0 0.0145888 0
0.414 25.973 0 -1.3005 0 0.0146064 0
0.4145 26.0043 0 -1.30207 0 0.0146241 0
0.415 26.0357 0 -1.30364 0 0.0146417 0
0.4155 26.0671 0 -1.30521 0 0.0146593 0
0.416 26.0985 0 -1.30678 0 0.014677 0
0.4165 26.1298 0 -1.30835 0 0.0146946 0
0.417 26.1612 0 -1.30992 0 0.0147123 0
0.4175 26.1926 0 -1.31149 0 0.0147299 0
0.418 26.2239 0 -1.31306 0 0.0147475 0
0.4185 26.2553 0 -1.31463 0 0.0147652 0
0.419 26.2867 0 -1.3162 0 0.0147828 0
0.4195 26.318 0 -1.31777 0 0.0148005 0
0.42 26.3494 0 -1.31935 0 0.0148181 0
0.4205 26.3808 0 -1.32092 0 0.0148357 0
0.421 26.4121 0 -1.32249 0 0.0148534 0
0.4215 26.4435 0 -1.32406 0 0.014871 0
0.422 26.4749 0 -1.32563 0 0.0148887 0
0.4225 26.5062 0 -1.3272 0 0.0149063 0
0.423 26.5376 0 -1.32877 0 0.0149239 0
0.4235 26.569 0 -1.33034 0 0.0149416 0
0.424 26.6003 0 -1.33191 0 0.0149592 0
0.4245 26.6317 0 -1.33348 0 0.0149769 0
0.425 26.6631 0 -1.33505 0 0.0149945 0
0.4255 26.6945 0 -1.33662 0 0.0150122 0
0.426 26.7258 0 -1.33819 0 0.0150298 0
0.4265 26.7572 0 -1.33976 0 0.0150474 0
0.427 26.7886 0 -1.34133 0 0.0150651 0
0.4275 26.8199 0 -1.3429 0 0.0150827 0
0.428 26.8513 0 -1.34448 0 0.0151004 0
0.4285 26.8827 0 -1.34605 0 0.015118 0
0.429 26.914 0 -1.34762 0 0.0151356 0
0.4295 26.9454 0 -1.34919 0 0.0151533 0
0.43 26.9768 0 -1.35076 0 0.0151709 0
0.4305 27.0081 0 -1.35233 0 0.0151886 0
0.431 27.0395 0 -1.3539 0 0.0152062 0
0.4315 27.0709 0 -1.35547 0 0.0152238 0
0.432 27.1022 0 -1.35704 0 0.0152415 0
0.4325 27.1336 0 -1.35861 0 0.0152591 0
0.433 27.165 0 -1.36018 0 0.0152768 0
0.4335 27.1963 0 -1.36175 0 0.0152944 0
0.434 27.2277 0 -1.36332 0 0.015312 0
0.4345 27.2591 0 -1.36489 0 0.0153297 0
0.435 27.2905 0 -1.36646 0 0.0153473 0
0.4355 27.3218 0 -1.36804 0 0.015365 0
0.436 27.3532 0 -1.36961 0 0.0153826 0
0.4365 27.3846 0 -1.37118 0 0.0154002 0
0.437 27.4159 0 -1.37275 0 0.0154179 0
0.4375 27.4473 0 -1.37432 0 0.0154355 0
0.438 27.4787 0 -1.37589 0 0.0154532 0
0.4385 27.51 0 -1.37746 0 0.0154708 0
0.439 27.5414 0 -1.37903 0 0.0154884 0
0.4395 27.5728 0 -1.3806 0 0.0155061 0
0.44 27.6041 0 -1.38217 0 0.0155237 0
0.4405 27.6355 0 -1.38374 0 0.0155414 0
0.441 27.6669 0 -1.38531 0 0.015559 0
0.4415 27.6982 0 -1.38688 0 0.0155767 0
0.442 27.7296 0 -1.38845 0 0.0155943 0
0.4425 27.761 0 -1.39002 0 0.0156119 0
0.443 27.7923 0 -1.3916 0 0.0156296 0
0.4435 27.8237 0 -1.39317 0 0.0156472 0
0.444 27.8551 0 -1.39474 0 0.0156649 0
0.4445 27.8864 0 -1.39631 0 0.0156825 0
0.445 27.9178 0 -1.39788 0 0.0157001 0
0.4455 27.9492 0 -1.39945 0 0.0157178 0
0.446 27.9806 0 -1.40102 0 0.0157354 0
0.4465 28.0119 0 -1.40259 0 0.0157531 0
0.447 28.0433 0 -1.40416 0 0.0157707 0
0.4475 28.0747 0 -1.40573 0 0.0157883 0
0.448 28.106 0 -1.4073 0 0.015806 0
0.4485 28.1374 0 -1.40887 0 0.0158236 0
0.449 28.1688 0 -1.41044 0 0.0158413 0
0.4495 28.2001 0 -1.41201 0 0.0158589 0
0.45 28.2315 0 -1.41358 0 0.0158765 0
0.4505 28.2629 0 -1.41515 0 0.0158942 0
0.451 28.2942 0 -1.41673 0 0.0159118 0
0.4515 28.3256 0 -1.4183 0 0.0159295 0
0.452 28.357 0 -1.41987 0 0.0159471 0
0.4525 28.3883 0 -1.42144 0 0.0159647 0
0.453 28.4197 0 -1.42301 0 0.0159824 0
0.4535 28.4511 0 -1.42458 0 0.016 0
0.454 28.4824 0 -1.42615 0 0.0160177 0
0.4545 28.5138 0 -1.42772 0 0.0160353 0
0.455 28.5452 0 -1.42929 0 0.0160529 0
0.4555 28.5766 0 -1.43086 0 0.0160706 0
0.456 28.6079 0 -1.43243 0 0.0160882 0
0.4565 28.6393 0 -1.434 0 0.0161059 0
0.457 28.6707 0 -1.43557 0 0.0161235 0
0.4575 28.702 0 -1.43714 0 0.0161411 0
0.458 28.7334 0 -1.43871 0 0.0161588 0
0.4585 28.7648 0 -1.44029 0 0.0161764 0
0.459 28.7961 0 -1.44186 0 0.0161941 0
0.4595 28.8275 0 -1.44343 0 0.0162117 0
0.46 28.8589 0 -1.445 0 0.0162294 0
0.4605 28.8902 0 -1.44657 0 0.016247 0
0.461 28.9216 0 -1.44814 0 0.0162646 0
0.4615 28.953 0 -1.44971 0 0.0162823 0
0.462 28.9843 0 -1.45128 0 0.0162999 0
0.4625 29.0157 0 -1.45285 0 0.0163176 0
0.463 29.0471 0 -1.45442 0 0.0163352 0
0.4635 29.0784 0 -1.45599 0 0.0163528 0
0.464 29.1098 0 -1.45756 0 0.0163705 0
0.4645 29.1412 0 -1.45913 0 0.0163881 0
0.465 29.1726 0 -1.4607 0 0.0164058 0
0.4655 29.2039 0 -1.46227 0 0.0164234 0
0.466 29.2353 0 -1.46384 0 0.016441 0
0.4665 29.2667 0 -1.46542 0 0.0164587 0
0.467 29.298 0 -1.46699 0 0.0164763 0
0.4675 29.3294 0 -1.46856 0 0.016494 0
0.468 29.3608 0 -1.47013 0 0.0165116 0
0.4685 29.3921 0 -1.4717 0 0.0165292 0
0.469 29.4235 0 -1.47327 0 0.0165469 0
0.4695 29.4549 0 -1.47484 0 0.0165645 0
0.47 29.4862 0 -1.47641 0 0.0165822 0
0.4705 29.5176 0 -1.47798 0 0.0165998 0
0.471 29.549 0 -1.47955 0 0.0166174 0
0.4715 29.5803 0 -1.48112 0 0.0166351 0
0.472 29.6117 0 -1.48269 0 0.0166527 0
0.4725 29.6431 0 -1.48426 0 0.0166704 0
0.473 29.6744 0 -1.48583 0 0.016688 0
0.4735 29.7058 0 -1.4874 0 0.0167056 0
0.474 29.7372 0 -1.48898 0 0.0167233 0
0.4745 29.7685 0 -1.49055 0 0.0167409 0
0.475 29.7999 0 -1.49212 0 0.0167586 0
0.4755 29.8313 0 -1.49369 0 0.0167762 0
0.476 29.8627 0 -1.49526 0 0.0167939 0
0.4765 29.894 0 -1.49683 0 0.0168115 0
0.477 29.9254 0 -1.4984 0 0.0168291 0
0.4775 29.9568 0 -1.49997 0 0.0168468 0
0.478 29.9881 0 -1.50154 0 0.0168644 0
0.4785 30.0195 0 -1.50311 0 0.0168821 0
0.479 30.0509 0 -1.50468 0 0.0168997 0
0.4795 30.0822 0 -1.50625 0 0.0169173 0
0.48 30.1136 0 -1.50782 0 0.016935 0
0.4805 30.145 0 -1.50939 0 0.0169526 0
0.481 30.1763 0 -1.51096 0 0.0169703 0
0.4815 30.2077 0 -1.51254 0 0.0169879 0
0.482 30.2391 0 -1.51411 0 0.0170055 0
0.4825 30.2704 0 -1.51568 0 0.0170232 0
0.483 30.3018 0 -1.51725 0 0.0170408 0
0.4835 30.3332 0 -1.51882 0 0.0170585 0
0.484 30.3645 0 -1.52039 0 0.0170761 0
0.4845 30.3959 0 -1.52196 0 0.0170937 0
0.485 30.4273 0 -1.52353 0 0.0171114 0
0.4855 30.4587 0 -1.5251 0 0.017129 0
0.486 30.49 0 -1.52667 0 0.0171467 0
0.4865 30.5214 0 -1.52824 0 0.0171643 0
0.487 30.5528 0 -1.52981 0 0.0171819 0
0.4875 30.5841 0 -1.53138 0 0.0171996 0
0.488 30.6155 0 -1.53295 0 0.0172172 0
0.4885 30.6469 0 -1.53452 0 0.0172349 0
0.489 30.6782 0 -1.53609 0 0.0172525 0
0.4895 30.7096 0 -1.53767 0 0.0172701 0
0.49 30.741 0 -1.53924 0 0.0172878 0
0.4905 30.7723 0 -1.54081 0 0.0173054 0
0.491 30.8037 0 -1.54238 0 0.0173231 0
0.4915 30.8351 0 -1.54395 0 0.0173407 0
0.492 30.8664 0 -1.54552 0 0.0173584 0
0.4925 30.8978 0 -1.54709 0 0.017376 0
0.493 30.9292 0 -1.54866 0 0.0173936 0
0.4935 30.9605 0 -1.55023 0 0.0174113 0
0.494 30.9919 0 -1.5518 0 0.0174289 0
0.4945 31.0233 0 -1.55337 0 0.0174466 0
0.495 31.0547 0 -1.55494 0 0.0174642 0
0.4955 31.086 0 -1.55651 0 0.0174818 0
0.496 31.1174 0 -1.55808 0 0.0174995 0
0.4965 31.1488 0 -1.55965 0 0.0175171 0
0.497 31.1801 0 -1.56123 0 0.0175348 0
0.4975 31.2115 0 -1.5628 0 0.0175524 0
0.498 31.2429 0 -1.56437 0 0.01757 0
0.4985 31.2742 0 -1.56594 0 0.0175877 0
0.499 31.3056 0 -1.56751 0 0.0176053 0
0.4995 31.337 0 -1.56908 0 0.017623 0
0.5 31.3683 0 -1.57065 0 0.0176406 0
0.5005 31.3997 0 -1.57222 0 0.0176582 0
0.501 31.4311 0 -1.57379 0 0.0176759 0
0.5015 31.4624 0 -1.57536 0 0.0176935 0
0.502 31.4938 0 -1.57693 0 0.0177112 0
0.5025 31.5252 0 -1.5785 0 0.0177288 0
0.503 31.5565 0 -1.58007 0 0.0177464 0
0.5035 31.5879 0 -1.58164 0 0.0177641 0
0.504 31.6193 0 -1.58321 0 0.0177817 0
0.5045 31.6506 0 -1.58478 0 0.0177994 0
0.505 31.682 0 -1.58636 0 0.017817 0
0.5055 31.7134 0 -1.58793 0 0.0178346 0
0.506 31.7448 0 -1.5895 0 0.0178523 0
0.5065 31.7761 0 -1.59107 0 0.0178699 0
0.507 31.8075 0 -1.59264 0 0.0178876 0
0.5075 31.8389 0 -1.59421 0 0.0179052 0
0.508 31.8702 0 -1.59578 0 0.0179229 0
0.5085 31.9016 0 -1.59735 0 0.0179405 0
0.509 31.933 0 -1.59892 0 0.0179581 0
0.5095 31.9643 0 -1.60049 0 0.0179758 0
0.51 31.9957 0 -1.60206 0 0.0179934 0
0.5105 32.0271 0 -1.60363 0 0.0180111 0
0.511 32.0584 0 -1.6052 0 0.0180287 0
0.5115 32.0898 0 -1.60677 0 0.0180463 0
0.512 32.1212 0 -1.60834 0 0.018064 0
0.5125 32.1525 0 -1.60992 0 0.0180816 0
0.513 32.1839 0 -1.61149 0 0.0180993 0
0.5135 32.2153 0 -1.61306 0 0.0181169 0
0.514 32.2466 0 -1.61463 0 0.0181345 0
0.5145 32.278 0 -1.6162 0 0.0181522 0
0.515 32.3094 0 -1.61777 0 0.0181698 0
0.5155 32.3408 0 -1.61934 0 0.0181875 0
0.516 32.3721 0 -1.62091 0 0.0182051 0
0.5165 32.4035 0 -1.62248 0 0.0182227 0
0.517 32.4349 0 -1.62405 0 0.0182404 0
0.5175 32.4662 0 -1.62562 0 0.018258 0
0.518 32.4976 0 -1.62719 0 0.0182757 0
0.5185 32.529 0 -1.62876 0 0.0182933 0
0.519 32.5603 0 -1.63033 0 0.0183109 0
0.5195 32.5917 0 -1.6319 0 0.0183286 0
0.52 32.6231 0 -1.63347 0 0.0183462 0
0.5205 32.6544 0 -1.63505 0 0.0183639 0
0.521 32.6858 0 -1.63662 0 0.0183815 0
0.5215 32.7172 0 -1.63819 0 0.0183991 0
0.522 32.7485 0 -1.63976 0 0.0184168 0
0.5225 32.7799 0 -1.64133 0 0.0184344 0
0.523 32.8113 0 -1.6429 0 0.0184521 0
0.5235 32.8426 0 -1.64447 0 0.0184697 0
0.524 32.874 0 -1.64604 0 0.0184873 0
0.5245 32.9054 0 -1.64761 0 0.018505 0
0.525 32.9368 0 -1.64918 0 0.0185226 0
0.5255 32.9681 0 -1.65075 0 0.0185403 0
0.526 32.9995 0 -1.65232 0 0.0185579 0
0.5265 33.0309 0 -1.65389 0 0.0185756 0
0.527 33.0622 0 -1.65546 0 0.0185932 0
0.5275 33.0936 0 -1.65703 0 0.0186108 0
0.528 33.125 0 -1.65861 0 0.0186285 0
0.5285 33.1563 0 -1.66018 0 0.0186461 0
0.529 33.1877 0 -1.66175 0 0.0186638 0
0.5295 33.2191 0 -1.66332 0 0.0186814 0
0.53 33.2504 0 -1.66489 0 0.018699 0
0.5305 33.2818 0 -1.66646 0 0.0187167 0
0.531 33.3132 0 -1.66803 0 0.0187343 0
0.5315 33.3445 0 -1.6696 0 0.018752 0
0.532 33.3759 0 -1.67117 0 0.0187696 0
0.5325 33.4073 0 -1.67274 0 0.0187872 0
0.533 33.4386 0 -1.67431 0 0.0188049 0
0.5335 33.47 0 -1.67588 0 0.0188225 0
0.534 33.5014 0 -1.67745 0 0.0188402 0
0.5345 33.5327 0 -1.67902 0 0.0188578 0
0.535 33.5641 0 -1.68059 0 0.0188754 0
0.5355 33.5955 0 -1.68217 0 0.0188931 0
0.536 33.6269 0 -1.68374 0 0.0189107 0
0.5365 33.6582 0 -1.68531 0 0.0189284 0
0.537 33.6896 0 -1.68688 0 0.018946 0
0.5375 33.721 0 -1.68845 0 0.0189636 0
0.538 33.7523 0 -1.69002 0 0.0189813 0
0.5385 33.7837 0 -1.69159 0 0.0189989 0
0.539 33.8151 0 -1.69316 0 0.0190166 0
0.5395 33.8464 0 -1.69473 0 0.0190342 0
0.54 33.8778 0 -1.6963 0 0.0190518 0
0.5405 33.9092 0 -1.69787 0 0.0190695 0
0.541 33.9405 0 -1.69944 0 0.0190871 0
0.5415 33.9719 0 -1.70101 0 0.0191048 0
0.542 34.0033 0 -1.70258 0 0.0191224 0
0.5425 34.0346 0 -1.70415 0 0.0191401 0
0.543 34.066 0 -1.70572 0 0.0191577 0
0.5435 34.0974 0 -1.7073 0 0.0191753 0
0.544 34.1287 0 -1.70887 0 0.019193 0
0.5445 34.1601 0 -1.71044 0 0.0192106 0
0.545 34.1915 0 -1.71201 0 0.0192283 0
0.5455 34.2229 0 -1.71358 0 0.0192459 0
0.546 34.2542 0 -1.71515 0 0.0192635 0
0.5465 34.2856 0 -1.71672 0 0.0192812 0
0.547 34.317 0 -1.71829 0 0.0192988 0
0.5475 34.3483 0 -1.71986 0 0.0193165 0
0.548 34.3797 0 -1.72143 0 0.0193341 0
0.5485 34.4111 0 -1.723 0 0.0193517 0
0.549 34.4424 0 -1.72457 0 0.0193694 0
0.5495 34.4738 0 -1.72614 0 0.019387 0
0.55 34.5052 0 -1.72771 0 0.0194047 0
0.5505 34.5365 0 -1.72928 0 0.0194223 0
0.551 34.5679 0 -1.73086 0 0.0194399 0
0.5515 34.5993 0 -1.73243 0 0.0194576 0
0.552 34.6306 0 -1.734 0 0.0194752 0
0.5525 34.662 0 -1.73557 0 0.0194929 0
0.553 34.6934 0 -1.73714 0 0.0195105 0
0.5535 34.7247 0 -1.73871 0 0.0195281 0
0.554 34.7561 0 -1.74028 0 0.0195458 0
0.5545 34.7875 0 -1.74185 0 0.0195634 0
0.555 34.8189 0 -1.74342 0 0.0195811 0
0.5555 34.8502 0 -1.74499 0 0.0195987 0
0.556 34.8816 0 -1.74656 0 0.0196163 0
0.5565 34.913 0 -1.74813 0 0.019634 0
0.557 34.9443 0 -1.7497 0 0.0196516 0
0.5575 34.9757 0 -1.75127 0 0.0196693 0
0.558 35.0071 0 -1.75284 0 0.0196869 0
0.5585 35.0384 0 -1.75441 0 0.0197046 0
0.559 35.0698 0 -1.75599 0 0.0197222 0
0.5595 35.1012 0 -1.75756 0 0.0197398 0
0.56 35.1325 0 -1.75913 0 0.0197575 0
0.5605 35.1639 0 -1.7607 0 0.0197751 0
0.561 35.1953 0 -1.76227 0 0.0197928 0
0.5615 35.2266 0 -1.76384 0 0.0198104 0
0.562 35.258 0 -1.76541 0 0.019828 0
0.5625 35.2894 0 -1.76698 0 0.0198457 0
0.563 35.3207 0 -1.76855 0 0.0198633 0
0.5635 35.3521 0 -1.77012 0 0.019881 0
0.564 35.3835 0 -1.77169 0 0.0198986 0
0.5645 35.4148 0 -1.77326 0 0.0199162 0
0.565 35.4462 0 -1.77483 0 0.0199339 0
0.5655 35.4776 0 -1.7764 0 0.0199515 0
0.566 35.509 0 -1.77797 0 0.0199692 0
0.5665 35.5403 0 -1.77955 0 0.0199868 0
0.567 35.5717 0 -1.78112 0 0.0200044 0
0.5675 35.6031 0 -1.78269 0 0.0200221 0
0.568 35.6344 0 -1.78426 0 0.0200397 0
0.5685 35.6658 0 -1.78583 0 0.0200574 0
0.569 35.6972 0 -1.7874 0 0.020075 0
0.5695 35.7285 0 -1.78897 0 0.0200926 0
0.57 35.7599 0 -1.79054 0 0.0201103 0
0.5705 35.7913 0 -1.79211 0 0.0201279 0
0.571 35.8226 0 -1.79368 0 0.0201456 0
0.5715 35.854 0 -1.79525 0 0.0201632 0
0.572 35.8854 0 -1.79682 0 0.0201808 0
0.5725 35.9167 0 -1.79839 0 0.0201985 0
0.573 35.9481 0 -1.79996 0 0.0202161 0
0.5735 35.9795 0 -1.80153 0 0.0202338 0
0.574 36.0108 0 -1.80311 0 0.0202514 0
0.5745 36.0422 0 -1.80468 0 0.0202691 0
0.575 36.0736 0 -1.80625 0 0.0202867 0
0.5755 36.105 0 -1.80782 0 0.0203043 0
0.576 36.1363 0 -1.80939 0 0.020322 0
0.5765 36.1677 0 -1.81096 0 0.0203396 0
0.577 36.1991 0 -1.81253 0 0.0203573 0
0.5775 36.2304 0 -1.8141 0 0.0203749 0
0.578 36.2618 0 -1.81567 0 0.0203925 0
0.5785 36.2932 0 -1.81724 0 0.0204102 0
0.579 36.3245 0 -1.81881 0 0.0204278 0
0.5795 36.3559 0 -1.82038 0 0.0204455 0
0.58 36.3873 0 -1.82195 0 0.0204631 0
0.5805 36.4186 0 -1.82352 0 0.0204807 0
0.581 36.45 0 -1.82509 0 0.0204984 0
0.5815 36.4814 0 -1.82666 0 0.020516 0
0.582 36.5127 0 -1.82824 0 0.0205337 0
0.5825 36.5441 0 -1.82981 0 0.0205513 0
0.583 36.5755 0 -1.83138 0 0.0205689 0
0.5835 36.6068 0 -1.83295 0 0.0205866 0
0.584 36.6382 0 -1.83452 0 0.0206042 0
0.5845 36.6696 0 -1.83609 0 0.0206219 0
0.585 36.701 0 -1.83766 0 0.0206395 0
0.5855 36.7323 0 -1.83923 0 0.0206571 0
0.586 36.7637 0 -1.8408 0 0.0206748 0
0.5865 36.7951 0 -1.84237 0 0.0206924 0
0.587 36.8264 0 -1.84394 0 0.0207101 0
0.5875 36.8578 0 -1.84551 0 0.0207277 0
0.588 36.8892 0 -1.84708 0 0.0207453 0
0.5885 36.9205 0 -1.84865 0 0.020763 0
0.589 36.9519 0 -1.85022 0 0.0207806 0
0.5895 36.9833 0 -1.8518 0 0.0207983 0
0.59 37.0146 0 -1.85337 0 0.0208159 0
0.5905 37.046 0 -1.85494 0 0.0208335 0
0.591 37.0774 0 -1.85651 0 0.0208512 0
0.5915 37.1087 0 -1.85808 0 0.0208688 0
0.592 37.1401 0 -1.85965 0 0.0208865 0
0.5925 37.1715 0 -1.86122 0 0.0209041 0
0.593 37.2028 0 -1.86279 0 0.0209218 0
0.5935 37.2342 0 -1.86436 0 0.0209394 0
0.594 37.2656 0 -1.86593 0 0.020957 0
0.5945 37.2969 0 -1.8675 0 0.0209747 0
0.595 37.3283 0 -1.86907 0 0.0209923 0
0.5955 37.3597 0 -1.87064 0 0.02101 0
0.596 37.3911 0 -1.87221 0 0.0210276 0
0.5965 37.4224 0 -1.87378 0 0.0210452 0
0.597 37.4538 0 -1.87535 0 0.0210629 0
0.5975 37.4852 0 -1.87693 0 0.0210805 0
0.598 37.5165 0 -1.8785 0 0.0210982 0
0.5985 37.5479 0 -1.88007 0 0.0211158 0
0.599 37.5793 0 -1.88164 0 0.0211334 0
0.5995 37.6106 0 -1.88321 0 0.0211511 0
0.6 37.642 0 -1.88478 0 0.0211687 0
0.6005 37.6734 0 -1.88635 0 0.0211864 0
0.601 37.7047 0 -1.88792 0 0.021204 0
0.6015 37.7361 0 -1.88949 0 0.0212216 0
0.602 37.7675 0 -1.89106 0 0.0212393 0
0.6025 37.7988 0 -1.89263 0 0.0212569 0
0.603 37.8302 0 -1.8942 0 0.0212746 0
0.6035 37.8616 0 -1.89577 0 0.0212922 0
0.604 37.8929 0 -1.89734 0 0.0213098 0
0.6045 37.9243 0 -1.89891 0 0.0213275 0
0.605 37.9557 0 -1.90049 0 0.0213451 0
0.6055 37.9871 0 -1.90206 0 0.0213628 0
0.606 38.0184 0 -1.90363 0 0.0213804 0
0.6065 38.0498 0 -1.9052 0 0.021398 0
0.607 38.0812 0 -1.90677 0 0.0214157 0
0.6075 38.1125 0 -1.90834 0 0.0214333 0
0.608 38.1439 0 -1.90991 0 0.021451 0
0.6085 38.1753 0 -1.91148 0 0.0214686 0
0.609 38.2066 0 -1.91305 0 0.0214863 0
0.6095 38.238 0 -1.91462 0 0.0215039 0
0.61 38.2694 0 -1.91619 0 0.0215215 0
0.6105 38.3007 0 -1.91776 0 0.0215392 0
0.611 38.3321 0 -1.91933 0 0.0215568 0
0.6115 38.3635 0 -1.9209 0 0.0215745 0
0.612 38.3948 0 -1.92247 0 0.0215921 0
0.6125 38.4262 0 -1.92405 0 0.0216097 0
0.613 38.4576 0 -1.92562 0 0.0216274 0
0.6135 38.4889 0 -1.92719 0 0.021645 0
0.614 38.5203 0 -1.92876 0 0.0216627 0
0.6145 38.5517 0 -1.93033 0 0.0216803 0
0.615 38.5831 0 -1.9319 0 0.0216979 0
0.6155 38.6144 0 -1.93347 0 0.0217156 0
0.616 38.6458 0 -1.93504 0 0.0217332 0
0.6165 38.6772 0 -1.93661 0 0.0217509 0
0.617 38.7085 0 -1.93818 0 0.0217685 0
0.6175 38.7399 0 -1.93975 0 0.0217861 0
0.618 38.7713 0 -1.94132 0 0.0218038 0
0.6185 38.8026 0 -1.94289 0 0.0218214 0
0.619 38.834 0 -1.94446 0 0.0218391 0
0.6195 38.8654 0 -1.94603 0 0.0218567 0
0.62 38.8967 0 -1.9476 0 0.0218743 0
0.6205 38.9281 0 -1.94918 0 0.021892 0
0.621 38.9595 0 -1.95075 0 0.0219096 0
0.6215 38.9908 0 -1.95232 0 0.0219273 0
0.622 39.0222 0 -1.95389 0 0.0219449 0
0.6225 39.0536 0 -1.95546 0 0.0219625 0
0.623 39.0849 0 -1.95703 0 0.0219802 0
0.6235 39.1163 0 -1.9586 0 0.0219978 0
0.624 39.1477 0 -1.96017 0 0.0220155 0
0.6245 39.179 0 -1.96174 0 0.0220331 0
0.625 39.2104 0 -1.96331 0 0.0220508 0
0.6255 39.2418 0 -1.96488 0 0.0220684 0
0.626 39.2732 0 -1.96645 0 0.022086 0
0.6265 39.3045 0 -1.96802 0 0.0221037 0
0.627 39.3359 0 -1.96959 0 0.0221213 0
0.6275 39.3673 0 -1.97116 0 0.022139 0
0.628 39.3986 0 -1.97274 0 0.0221566 0
0.6285 39.43 0 -1.97431 0 0.0221742 0
0.629 39.4614 0 -1.97588 0 0.0221919 0
0.6295 39.4927 0 -1.97745 0 0.0222095 0
0.63 39.5241 0 -1.97902 0 0.0222272 0
0.6305 39.5555 0 -1.98059 0 0.0222448 0
0.631 39.5868 0 -1.98216 0 0.0222624 0
0.6315 39.6182 0 -1.98373 0 0.0222801 0
0.632 39.6496 0 -1.9853 0 0.0222977 0
0.6325 39.6809 0 -1.98687 0 0.0223154 0
0.633 39.7123 0 -1.98844 0 0.022333 0
0.6335 39.7437 0 -1.99001 0 0.0223506 0
0.634 39.775 0 -1.99158 0 0.0223683 0
0.6345 39.8064 0 -1.99315 0 0.0223859 0
0.635 39.8378 0 -1.99472 0 0.0224036 0
0.6355 39.8692 0 -1.99629 0 0.0224212 0
0.636 39.9005 0 -1.99787 0 0.0224388 0
0.6365 39.9319 0 -1.99944 0 0.0224565 0
0.637 39.9633 0 -2.00101 0 0.0224741 0
0.6375 39.9946 0 -2.00258 0 0.0224918 0
0.638 40.026 0 -2.00415 0 0.0225094 0
0.6385 40.0574 0 -2.00572 0 0.022527 0
0.639 40.0887 0 -2.00729 0 0.0225447 0
0.6395 40.1201 0 -2.00886 0 0.0225623 0
0.64 40.1515 0 -2.01043 0 0.02258 0
0.6405 40.1828 0 -2.012 0 0.0225976 0
0.641 40.2142 0 -2.01357 0 0.0226153 0
0.6415 40.2456 0 -2.01514 0 0.0226329 0
0.642 40.2769 0 -2.01671 0 0.0226505 0
0.6425 40.3083 0 -2.01828 0 0.0226682 0
0.643 40.3397 0 -2.01985 0 0.0226858 0
0.6435 40.371 0 -2.02143 0 0.0227035 0
0.644 40.4024 0 -2.023 0 0.0227211 0
0.6445 40.4338 0 -2.02457 0 0.0227387 0
0.645 40.4652 0 -2.02614 0 0.0227564 0
0.6455 40.4965 0 -2.02771 0 0.022774 0
0.646 40.5279 0 -2.02928 0 0.0227917 0
0.6465 40.5593 0 -2.03085 0 0.0228093 0
0.647 40.5906 0 -2.03242 0 0.0228269 0
0.6475 40.622 0 -2.03399 0 0.0228446 0
0.648 40.6534 0 -2.03556 0 0.0228622 0
0.6485 40.6847 0 -2.03713 0 0.0228799 0
0.649 40.7161 0 -2.0387 0 0.0228975 0
0.6495 40.7475 0 -2.04027 0 0.0229151 0
0.65 40.7788 0 -2.04184 0 0.0229328 0
0.6505 40.8102 0 -2.04341 0 0.0229504 0
0.651 40.8416 0 -2.04499 0 0.0229681 0
0.6515 40.8729 0 -2.04656 0 0.0229857 0
0.652 40.9043 0 -2.04813 0 0.0230033 0
0.6525 40.9357 0 -2.0497 0 0.023021 0
0.653 40.967 0 -2.05127 0 0.0230386 0
0.6535 40.9984 0 -2.05284 0 0.0230563 0
0.654 41.0298 0 -2.05441 0 0.0230739 0
0.6545 41.0611 0 -2.05598 0 0.0230915 0
0.655 41.0925 0 -2.05755 0 0.0231092 0
0.6555 41.1239 0 -2.05912 0 0.0231268 0
0.656 41.1553 0 -2.06069 0 0.0231445 0
0.6565 41.1866 0 -2.06226 0 0.0231621 0
0.657 41.218 0 -2.06383 0 0.0231797 0
0.6575 41.2494 0 -2.0654 0 0.0231974 0
0.658 41.2807 0 -2.06697 0 0.023215 0
0.6585 41.3121 0 -2.06854 0 0.0232327 0
0.659 41.3435 0 -2.07012 0 0.0232503 0
0.6595 41.3748 0 -2.07169 0 0.023268 0
0.66 41.4062 0 -2.07326 0 0.0232856 0
0.6605 41.4376 0 -2.07483 0 0.0233032 0
0.661 41.4689 0 -2.0764 0 0.0233209 0
0.6615 41.5003 0 -2.07797 0 0.0233385 0
0.662 41.5317 0 -2.07954 0 0.0233562 0
0.6625 41.563 0 -2.08111 0 0.0233738 0
0.663 41.5944 0 -2.08268 0 0.0233914 0
0.6635 41.6258 0 -2.08425 0 0.0234091 0
0.664 41.6571 0 -2.08582 0 0.0234267 0
0.6645 41.6885 0 -2.08739 0 0.0234444 0
0.665 41.7199 0 -2.08896 0 0.023462 0
0.6655 41.7513 0 -2.09053 0 0.0234796 0
0.666 41.7826 0 -2.0921 0 0.0234973 0
0.6665 41.814 0 -2.09368 0 0.0235149 0
0.667 41.8454 0 -2.09525 0 0.0235326 0
0.6675 41.8767 0 -2.09682 0 0.0235502 0
0.668 41.9081 0 -2.09839 0 0.0235678 0
0.6685 41.9395 0 -2.09996 0 0.0235855 0
0.669 41.9708 0 -2.10153 0 0.0236031 0
0.6695 42.0022 0 -2.1031 0 0.0236208 0
0.67 42.0336 0 -2.10467 0 0.0236384 0
0.6705 42.0649 0 -2.10624 0 0.023656 0
0.671 42.0963 0 -2.10781 0 0.0236737 0
0.6715 42.1277 0 -2.10938 0 0.0236913 0
0.672 42.159 0 -2.11095 0 0.023709 0
0.6725 42.1904 0 -2.11252 0 0.0237266 0
0.673 42.2218 0 -2.11409 0 0.0237442 0
0.6735 42.2531 0 -2.11566 0 0.0237619 0
0.674 42.2845 0 -2.11723 0 0.0237795 0
0.6745 42.3159 0 -2.11881 0 0.0237972 0
0.675 42.3473 0 -2.12038 0 0.0238148 0
0.6755 42.3786 0 -2.12195 0 0.0238325 0
0.676 42.41 0 -2.12352 0 0.0238501 0
0.6765 42.4414 0 -2.12509 0 0.0238677 0
0.677 42.4727 0 -2.12666 0 0.0238854 0
0.6775 42.5041 0 -2.12823 0 0.023903 0
0.678 42.5355 0 -2.1298 0 0.0239207 0
0.6785 42.5668 0 -2.13137 0 0.0239383 0
0.679 42.5982 0 -2.13294 0 0.0239559 0
0.6795 42.6296 0 -2.13451 0 0.0239736 0
0.68 42.6609 0 -2.13608 0 0.0239912 0
0.6805 42.6923 0 -2.13765 0 0.0240089 0
0.681 42.7237 0 -2.13922 0 0.0240265 0
0.6815 42.755 0 -2.14079 0 0.0240441 0
0.682 42.7864 0 -2.14237 0 0.0240618 0
0.6825 42.8178 0 -2.14394 0 0.0240794 0
0.683 42.8491 0 -2.14551 0 0.0240971 0
0.6835 42.8805 0 -2.14708 0 0.0241147 0
0.684 42.9119 0 -2.14865 0 0.0241323 0
0.6845 42.9432 0 -2.15022 0 0.02415 0
0.685 42.9746 0 -2.15179 0 0.0241676 0
0.6855 43.006 0 -2.15336 0 0.0241853 0
0.686 43.0374 0 -2.15493 0 0.0242029 0
0.6865 43.0687 0 -2.1565 0 0.0242205 0
0.687 43.1001 0 -2.15807 0 0.0242382 0
0.6875 43.1315 0 -2.15964 0 0.0242558 0
0.688 43.1628 0 -2.16121 0 0.0242735 0
0.6885 43.1942 0 -2.16278 0 0.0242911 0
0.689 43.2256 0 -2.16435 0 0.0243087 0
0.6895 43.2569 0 -2.16593 0 0.0243264 0
0.69 43.2883 0 -2.1675 0 0.024344 0
0.6905 43.3197 0 -2.16907 0 0.0243617 0
0.691 43.351 0 -2.17064 0 0.0243793 0
0.6915 43.3824 0 -2.17221 0 0.024397 0
0.692 43.4138 0 -2.17378 0 0.0244146 0
0.6925 43.4451 0 -2.17535 0 0.0244322 0
0.693 43.4765 0 -2.17692 0 0.0244499 0
0.6935 43.5079 0 -2.17849 0 0.0244675 0
0.694 43.5392 0 -2.18006 0 0.0244852 0
0.6945 43.5706 0 -2.18163 0 0.0245028 0
0.695 43.602 0 -2.1832 0 0.0245204 0
0.6955 43.6334 0 -2.18477 0 0.0245381 0
0.696 43.6647 0 -2.18634 0 0.0245557 0
0.6965 43.6961 0 -2.18791 0 0.0245734 0
0.697 43.7275 0 -2.18948 0 0.024591 0
0.6975 43.7588 0 -2.19106 0 0.0246086 0
0.698 43.7902 0 -2.19263 0 0.0246263 0
0.6985 43.8216 0 -2.1942 0 0.0246439 0
0.699 43.8529 0 -2.19577 0 0.0246616 0
0.6995 43.8843 0 -2.19734 0 0.0246792 0
0.7 43.9157 0 -2.19891 0 0.0246968 0
0.7005 43.947 0 -2.20048 0 0.0247145 0
0.701 43.9784 0 -2.20205 0 0.0247321 0
0.7015 44.0098 0 -2.20362 0 0.0247498 0
0.702 44.0411 0 -2.20519 0 0.0247674 0
0.7025 44.0725 0 -2.20676 0 0.024785 0
0.703 44.1039 0 -2.20833 0 0.0248027 0
0.7035 44.1352 0 -2.2099 0 0.0248203 0
0.704 44.1666 0 -2.21147 0 0.024838 0
0.7045 44.198 0 -2.21304 0 0.0248556 0
0.705 44.2294 0 -2.21462 0 0.0248732 0
0.7055 44.2607 0 -2.21619 0 0.0248909 0
0.706 44.2921 0 -2.21776 0 0.0249085 0
0.7065 44.3235 0 -2.21933 0 0.0249262 0
0.707 44.3548 0 -2.2209 0 0.0249438 0
0.7075 44.3862 0 -2.22247 0 0.0249615 0
0.708 44.4176 0 -2.22404 0 0.0249791 0
0.7085 44.4489 0 -2.22561 0 0.0249967 0
0.709 44.4803 0 -2.22718 0 0.0250144 0
0.7095 44.5117 0 -2.22875 0 0.025032 0
0.71 44.543 0 -2.23032 0 0.0250497 0
0.7105 44.5744 0 -2.23189 0 0.0250673 0
0.711 44.6058 0 -2.23346 0 0.0250849 0
0.7115 44.6371 0 -2.23503 0 0.0251026 0
0.712 44.6685 0 -2.2366 0 0.0251202 0
0.7125 44.6999 0 -2.23817 0 0.0251379 0
0.713 44.7312 0 -2.23975 0 0.0251555 0
0.7135 44.7626 0 -2.24132 0 0.0251731 0
0.714 44.794 0 -2.24289 0 0.0251908 0
0.7145 44.8253 0 -2.24446 0 0.0252084 0
0.715 44.8567 0 -2.24603 0 0.0252261 0
0.7155 44.8881 0 -2.2476 0 0.0252437 0
0.716 44.9195 0 -2.24917 0 0.0252613 0
0.7165 44.9508 0 -2.25074 0 0.025279 0
0.717 44.9822 0 -2.25231 0 0.0252966 0
0.7175 45.0136 0 -2.25388 0 0.0253143 0
0.718 45.0449 0 -2.25545 0 0.0253319 0
0.7185 45.0763 0 -2.25702 0 0.0253495 0
0.719 45.1077 0 -2.25859 0 0.0253672 0
0.7195 45.139 0 -2.26016 0 0.0253848 0
0.72 45.1704 0 -2.26173 0 0.0254025 0
0.7205 45.2018 0 -2.26331 0 0.0254201 0
0.721 45.2331 0 -2.26488 0 0.0254377 0
0.7215 45.2645 0 -2.26645 0 0.0254554 0
0.722 45.2959 0 -2.26802 0 0.025473 0
0.7225 45.3272 0 -2.26959 0 0.0254907 0
0.723 45.3586 0 -2.27116 0 0.0255083 0
0.7235 45.39 0 -2.27273 0 0.0255259 0
0.724 45.4213 0 -2.2743 0 0.0255436 0
0.7245 45.4527 0 -2.27587 0 0.0255612 0
0.725 45.4841 0 -2.27744 0 0.0255789 0
0.7255 45.5155 0 -2.27901 0 0.0255965 0
0.726 45.5468 0 -2.28058 0 0.0256142 0
0.7265 45.5782 0 -2.28215 0 0.0256318 0
0.727 45.6096 0 -2.28372 0 0.0256494 0
0.7275 45.6409 0 -2.28529 0 0.0256671 0
0.728 45.6723 0 -2.28686 0 0.0256847 0
0.7285 45.7037 0 -2.28844 0 0.0257024 0
0.729 45.735 0 -2.29001 0 0.02572 0
0.7295 45.7664 0 -2.29158 0 0.0257376 0
0.73 45.7978 0 -2.29315 0 0.0257553 0
0.7305 45.8291 0 -2.29472 0 0.0257729 0
0.731 45.8605 0 -2.29629 0 0.0257906 0
0.7315 45.8919 0 -2.29786 0 0.0258082 0
0.732 45.9232 0 -2.29943 0 0.0258258 0
0.7325 45.9546 0 -2.301 0 0.0258435 0
0.733 45.986 0 -2.30257 0 0.0258611 0
0.7335 46.0173 0 -2.30414 0 0.0258788 0
0.734 46.0487 0 -2.30571 0 0.0258964 0
0.7345 46.0801 0 -2.30728 0 0.025914 0
0.735 46.1115 0 -2.30885 0 0.0259317 0
0.7355 46.1428 0 -2.31042 0 0.0259493 0
0.736 46.1742 0 -2.312 0 0.025967 0
0.7365 46.2056 0 -2.31357 0 0.0259846 0
0.737 46.2369 0 -2.31514 0 0.0260022 0
0.7375 46.2683 0 -2.31671 0 0.0260199 0
0.738 46.2997 0 -2.31828 0 0.0260375 0
0.7385 46.331 0 -2.31985 0 0.0260552 0
0.739 46.3624 0 -2.32142 0 0.0260728 0
0.7395 46.3938 0 -2.32299 0 0.0260904 0
0.74 46.4251 0 -2.32456 0 0.0261081 0
0.7405 46.4565 0 -2.32613 0 0.0261257 0
0.741 46.4879 0 -2.3277 0 0.0261434 0
0.7415 46.5192 0 -2.32927 0 0.026161 0
0.742 46.5506 0 -2.33084 0 0.0261787 0
0.7425 46.582 0 -2.33241 0 0.0261963 0
0.743 46.6133 0 -2.33398 0 0.0262139 0
0.7435 46.6447 0 -2.33556 0 0.0262316 0
0.744 46.6761 0 -2.33713 0 0.0262492 0
0.7445 46.7074 0 -2.3387 0 0.0262669 0
0.745 46.7388 0 -2.34027 0 0.0262845 0
0.7455 46.7702 0 -2.34184 0 0.0263021 0
0.746 46.8016 0 -2.34341 0 0.0263198 0
0.7465 46.8329 0 -2.34498 0 0.0263374 0
0.747 46.8643 0 -2.34655 0 0.0263551 0
0.7475 46.8957 0 -2.34812 0 0.0263727 0
0.748 46.927 0 -2.34969 0 0.0263903 0
0.7485 46.9584 0 -2.35126 0 0.026408 0
0.749 46.9898 0 -2.35283 0 0.0264256 0
0.7495 47.0211 0 -2.3544 0 0.0264433 0
0.75 47.0525 0 -2.35597 0 0.0264609 0
0.7505 47.0839 0 -2.35754 0 0.0264785 0
0.751 47.1152 0 -2.35911 0 0.0264962 0
0.7515 47.1466 0 -2.36069 0 0.0265138 0
0.752 47.178 0 -2.36226 0 0.0265315 0
0.7525 47.2093 0 -2.36383 0 0.0265491 0
0.753 47.2407 0 -2.3654 0 0.0265667 0
0.7535 47.2721 0 -2.36697 0 0.0265844 0
0.754 47.3034 0 -2.36854 0 0.026602 0
0.7545 47.3348 0 -2.37011 0 0.0266197 0
0.755 47.3662 0 -2.37168 0 0.0266373 0
0.7555 47.3976 0 -2.37325 0 0.0266549 0
0.756 47.4289 0 -2.37482 0 0.0266726 0
0.7565 47.4603 0 -2.37639 0 0.0266902 0
0.757 47.4917 0 -2.37796 0 0.0267079 0
0.7575 47.523 0 -2.37953 0 0.0267255 0
0.758 47.5544 0 -2.3811 0 0.0267432 0
0.7585 47.5858 0 -2.38267 0 0.0267608 0
0.759 47.6171 0 -2.38425 0 0.0267784 0
0.7595 47.6485 0 -2.38582 0 0.0267961 0
0.76 47.6799 0 -2.38739 0 0.0268137 0
0.7605 47.7112 0 -2.38896 0 0.0268314 0
0.761 47.7426 0 -2.39053 0 0.026849 0
0.7615 47.774 0 -2.3921 0 0.0268666 0
0.762 47.8053 0 -2.39367 0 0.0268843 0
0.7625 47.8367 0 -2.39524 0 0.0269019 0
0.763 47.8681 0 -2.39681 0 0.0269196 0
0.7635 47.8994 0 -2.39838 0 0.0269372 0
0.764 47.9308 0 -2.39995 0 0.0269548 0
0.7645 47.9622 0 -2.40152 0 0.0269725 0
0.765 47.9936 0 -2.40309 0 0.0269901 0
0.7655 48.0249 0 -2.40466 0 0.0270078 0
0.766 48.0563 0 -2.40623 0 0.0270254 0
0.7665 48.0877 0 -2.4078 0 0.027043 0
0.767 48.119 0 -2.40938 0 0.0270607 0
0.7675 48.1504 0 -2.41095 0 0.0270783 0
0.768 48.1818 0 -2.41252 0 0.027096 0
0.7685 48.2131 0 -2.41409 0 0.0271136 0
0.769 48.2445 0 -2.41566 0 0.0271312 0
0.7695 48.2759 0 -2.41723 0 0.0271489 0
0.77 48.3072 0 -2.4188 0 0.0271665 0
0.7705 48.3386 0 -2.42037 0 0.0271842 0
0.771 48.37 0 -2.42194 0 0.0272018 0
0.7715 48.4013 0 -2.42351 0 0.0272194 0
0.772 48.4327 0 -2.42508 0 0.0272371 0
0.7725 48.4641 0 -2.42665 0 0.0272547 0
0.773 48.4954 0 -2.42822 0 0.0272724 0
0.7735 48.5268 0 -2.42979 0 0.02729 0
0.774 48.5582 0 -2.43136 0 0.0273076 0
0.7745 48.5895 0 -2.43294 0 0.0273253 0
0.775 48.6209 0 -2.43451 0 0.0273429 0
0.7755 48.6523 0 -2.43608 0 0.0273606 0
0.776 48.6837 0 -2.43765 0 0.0273782 0
0.7765 48.715 0 -2.43922 0 0.0273959 0
0.777 48.7464 0 -2.44079 0 0.0274135 0
0.7775 48.7778 0 -2.44236 0 0.0274311 0
0.778 48.8091 0 -2.44393 0 0.0274488 0
0.7785 48.8405 0 -2.4455 0 0.0274664 0
0.779 48.8719 0 -2.44707 0 0.0274841 0
0.7795 48.9032 0 -2.44864 0 0.0275017 0
0.78 48.9346 0 -2.45021 0 0.0275193 0
0.7805 48.966 0 -2.45178 0 0.027537 0
0.781 48.9973 0 -2.45335 0 0.0275546 0
0.7815 49.0287 0 -2.45492 0 0.0275723 0
0.782 49.0601 0 -2.4565 0 0.0275899 0
0.7825 49.0914 0 -2.45807 0 0.0276075 0
0.783 49.1228 0 -2.45964 0 0.0276252 0
0.7835 49.1542 0 -2.46121 0 0.0276428 0
0.784 49.1855 0 -2.46278 0 0.0276605 0
0.7845 49.2169 0 -2.46435 0 0.0276781 0
0.785 49.2483 0 -2.46592 0 0.0276957 0
0.7855 49.2797 0 -2.46749 0 0.0277134 0
0.786 49.311 0 -2.46906 0 0.027731 0
0.7865 49.3424 0 -2.47063 0 0.0277487 0
0.787 49.3738 0 -2.4722 0 0.0277663 0
0.7875 49.4051 0 -2.47377 0 0.0277839 0
0.788 49.4365 0 -2.47534 0 0.0278016 0
0.7885 49.4679 0 -2.47691 0 0.0278192 0
0.789 49.4992 0 -2.47848 0 0.0278369 0
0.7895 49.5306 0 -2.48005 0 0.0278545 0
0.79 49.562 0 -2.48163 0 0.0278721 0
0.7905 49.5933 0 -2.4832 0 0.0278898 0
0.791 49.6247 0 -2.48477 0 0.0279074 0
0.7915 49.6561 0 -2.48634 0 0.0279251 0
0.792 49.6874 0 -2.48791 0 0.0279427 0
0.7925 49.7188 0 -2.48948 0 0.0279604 0
0.793 49.7502 0 -2.49105 0 0.027978 0
0.7935 49.7815 0 -2.49262 0 0.0279956 0
0.794 49.8129 0 -2.49419 0 0.0280133 0
0.7945 49.8443 0 -2.49576 0 0.0280309 0
0.795 49.8757 0 -2.49733 0 0.0280486 0
0.7955 49.907 0 -2.4989 0 0.0280662 0
0.796 49.9384 0 -2.50047 0 0.0280838 0
0.7965 49.9698 0 -2.50204 0 0.0281015 0
0.797 50.0011 0 -2.50361 0 0.0281191 0
0.7975 50.0325 0 -2.50519 0 0.0281368 0
0.798 50.0639 0 -2.50676 0 0.0281544 0
0.7985 50.0952 0 -2.50833 0 0.028172 0
0.799 50.1266 0 -2.5099 0 0.0281897 0
0.7995 50.158 0 -2.51147 0 0.0282073 0
0.8 50.1893 0 -2.51304 0 0.028225 0
0.8005 50.2207 0 -2.51461 0 0.0282426 0
0.801 50.2521 0 -2.51618 0 0.0282602 0
0.8015 50.2834 0 -2.51775 0 0.0282779 0
0.802 50.3148 0 -2.51932 0 0.0282955 0
0.8025 50.3462 0 -2.52089 0 0.0283132 0
0.803 50.3775 0 -2.52246 0 0.0283308 0
0.8035 50.4089 0 -2.52403 0 0.0283484 0
0.804 50.4403 0 -2.5256 0 0.0283661 0
0.8045 50.4716 0 -2.52717 0 0.0283837 0
0.805 50.503 0 -2.52874 0 0.0284014 0
0.8055 50.5344 0 -2.53032 0 0.028419 0
0.806 50.5658 0 -2.53189 0 0.0284366 0
0.8065 50.5971 0 -2.53346 0 0.0284543 0
0.807 50.6285 0 -2.53503 0 0.0284719 0
0.8075 50.6599 0 -2.5366 0 0.0284896 0
0.808 50.6912 0 -2.53817 0 0.0285072 0
0.8085 50.7226 0 -2.53974 0 0.0285249 0
0.809 50.754 0 -2.54131 0 0.0285425 0
0.8095 50.7853 0 -2.54288 0 0.0285601 0
0.81 50.8167 0 -2.54445 0 0.0285778 0
0.8105 50.8481 0 -2.54602 0 0.0285954 0
0.811 50.8794 0 -2.54759 0 0.0286131 0
0.8115 50.9108 0 -2.54916 0 0.0286307 0
0.812 50.9422 0 -2.55073 0 0.0286483 0
0.8125 50.9735 0 -2.5523 0 0.028666 0
0.813 51.0049 0 -2.55388 0 0.0286836 0
0.8135 51.0363 0 -2.55545 0 0.0287013 0
0.814 51.0676 0 -2.55702 0 0.0287189 0
0.8145 51.099 0 -2.55859 0 0.0287365 0
0.815 51.1304 0 -2.56016 0 0.0287542 0
0.8155 51.1618 0 -2.56173 0 0.0287718 0
0.816 51.1931 0 -2.5633 0 0.0287895 0
0.8165 51.2245 0 -2.56487 0 0.0288071 0
0.817 51.2559 0 -2.56644 0 0.0288247 0
0.8175 51.2872 0 -2.56801 0 0.0288424 0
0.818 51.3186 0 -2.56958 0 0.02886 0
0.8185 51.35 0 -2.57115 0 0.0288777 0
0.819 51.3813 0 -2.57272 0 0.0288953 0
0.8195 51.4127 0 -2.57429 0 0.0289129 0
0.82 51.4441 0 -2.57586 0 0.0289306 0
0.8205 51.4754 0 -2.57744 0 0.0289482 0
0.821 51.5068 0 -2.57901 0 0.0289659 0
0.8215 51.5382 0 -2.58058 0 0.0289835 0
0.822 51.5695 0 -2.58215 0 0.0290011 0
0.8225 51.6009 0 -2.58372 0 0.0290188 0
0.823 51.6323 0 -2.58529 0 0.0290364 0
0.8235 51.6636 0 -2.58686 0 0.0290541 0
0.824 51.695 0 -2.58843 0 0.0290717 0
0.8245 51.7264 0 -2.59 0 0.0290894 0
0.825 51.7578 0 -2.59157 0 0.029107 0
0.8255 51.7891 0 -2.59314 0 0.0291246 0
0.826 51.8205 0 -2.59471 0 0.0291423 0
0.8265 51.8519 0 -2.59628 0 0.0291599 0
0.827 51.8832 0 -2.59785 0 0.0291776 0
0.8275 51.9146 0 -2.59942 0 0.0291952 0
0.828 51.946 0 -2.60099 0 0.0292128 0
0.8285 51.9773 0 -2.60257 0 0.0292305 0
0.829 52.0087 0 -2.60414 0 0.0292481 0
0.8295 52.0401 0 -2.60571 0 0.0292658 0
0.83 52.0714 0 -2.60728 0 0.0292834 0
0.8305 52.1028 0 -2.60885 0 0.029301 0
0.831 52.1342 0 -2.61042 0 0.0293187 0
0.8315 52.1655 0 -2.61199 0 0.0293363 0
0.832 52.1969 0 -2.61356 0 0.029354 0
0.8325 52.2283 0 -2.61513 0 0.0293716 0
0.833 52.2596 0 -2.6167 0 0.0293892 0
0.8335 52.291 0 -2.61827 0 0.0294069 0
0.834 52.3224 0 -2.61984 0 0.0294245 0
0.8345 52.3537 0 -2.62141 0 0.0294422 0
0.835 52.3851 0 -2.62298 0 0.0294598 0
0.8355 52.4165 0 -2.62455 0 0.0294774 0
0.836 52.4479 0 -2.62613 0 0.0294951 0
0.8365 52.4792 0 -2.6277 0 0.0295127 0
0.837 52.5106 0 -2.62927 0 0.0295304 0
0.8375 52.542 0 -2.63084 0 0.029548 0
0.838 52.5733 0 -2.63241 0 0.0295656 0
0.8385 52.6047 0 -2.63398 0 0.0295833 0
0.839 52.6361 0 -2.63555 0 0.0296009 0
0.8395 52.6674 0 -2.63712 0 0.0296186 0
0.84 52.6988 0 -2.63869 0 0.0296362 0
0.8405 52.7302 0 -2.64026 0 0.0296538 0
0.841 52.7615 0 -2.64183 0 0.0296715 0
0.8415 52.7929 0 -2.6434 0 0.0296891 0
0.842 52.8243 0 -2.64497 0 0.0297068 0
0.8425 52.8556 0 -2.64654 0 0.0297244 0
0.843 52.887 0 -2.64811 0 0.0297421 0
0.8435 52.9184 0 -2.64968 0 0.0297597 0
0.844 52.9497 0 -2.65126 0 0.0297773 0
0.8445 52.9811 0 -2.65283 0 0.029795 0
0.845 53.0125 0 -2.6544 0 0.0298126 0
0.8455 53.0439 0 -2.65597 0 0.0298303 0
0.846 53.0752 0 -2.65754 0 0.0298479 0
0.8465 53.1066 0 -2.65911 0 0.0298655 0
0.847 53.138 0 -2.66068 0 0.0298832 0
0.8475 53.1693 0 -2.66225 0 0.0299008 0
0.848 53.2007 0 -2.66382 0 0.0299185 0
0.8485 53.2321 0 -2.66539 0 0.0299361 0
0.849 53.2634 0 -2.66696 0 0.0299537 0
0.8495 53.2948 0 -2.66853 0 0.0299714 0
0.85 53.3262 0 -2.6701 0 0.029989 0
0.8505 53.3575 0 -2.67167 0 0.0300067 0
0.851 53.3889 0 -2.67324 0 0.0300243 0
0.8515 53.4203 0 -2.67482 0 0.0300419 0
0.852 53.4516 0 -2.67639 0 0.0300596 0
0.8525 53.483 0 -2.67796 0 0.0300772 0
0.853 53.5144 0 -2.67953 0 0.0300949 0
0.8535 53.5457 0 -2.6811 0 0.0301125 0
0.854 53.5771 0 -2.68267 0 0.0301301 0
0.8545 53.6085 0 -2.68424 0 0.0301478 0
0.855 53.6399 0 -2.68581 0 0.0301654 0
0.8555 53.6712 0 -2.68738 0 0.0301831 0
0.856 53.7026 0 -2.68895 0 0.0302007 0
0.8565 53.734 0 -2.69052 0 0.0302183 0
0.857 53.7653 0 -2.69209 0 0.030236 0
0.8575 53.7967 0 -2.69366 0 0.0302536 0
0.858 53.8281 0 -2.69523 0 0.0302713 0
0.8585 53.8594 0 -2.6968 0 0.0302889 0
0.859 53.8908 0 -2.69838 0 0.0303066 0
0.8595 53.9222 0 -2.69995 0 0.0303242 0
0.86 53.9535 0 -2.70152 0 0.0303418 0
0.8605 53.9849 0 -2.70309 0 0.0303595 0
0.861 54.0163 0 -2.70466 0 0.0303771 0
0.8615 54.0476 0 -2.70623 0 0.0303948 0
0.862 54.079 0 -2.7078 0 0.0304124 0
0.8625 54.1104 0 -2.70937 0 0.03043 0
0.863 54.1417 0 -2.71094 0 0.0304477 0
0.8635 54.1731 0 -2.71251 0 0.0304653 0
0.864 54.2045 0 -2.71408 0 0.030483 0
0.8645 54.2358 0 -2.71565 0 0.0305006 0
0.865 54.2672 0 -2.71722 0 0.0305182 0
0.8655 54.2986 0 -2.71879 0 0.0305359 0
0.866 54.33 0 -2.72036 0 0.0305535 0
0.8665 54.3613 0 -2.72193 0 0.0305712 0
0.867 54.3927 0 -2.72351 0 0.0305888 0
0.8675 54.4241 0 -2.72508 0 0.0306064 0
0.868 54.4554 0 -2.72665 0 0.0306241 0
0.8685 54.4868 0 -2.72822 0 0.0306417 0
0.869 54.5182 0 -2.72979 0 0.0306594 0
0.8695 54.5495 0 -2.73136 0 0.030677 0
0.87 54.5809 0 -2.73293 0 0.0306946 0
0.8705 54.6123 0 -2.7345 0 0.0307123 0
0.871 54.6436 0 -2.73607 0 0.0307299 0
0.8715 54.675 0 -2.73764 0 0.0307476 0
0.872 54.7064 0 -2.73921 0 0.0307652 0
0.8725 54.7377 0 -2.74078 0 0.0307828 0
0.873 54.7691 0 -2.74235 0 0.0308005 0
0.8735 54.8005 0 -2.74392 0 0.0308181 0
0.874 54.8318 0 -2.74549 0 0.0308358 0
0.8745 54.8632 0 -2.74707 0 0.0308534 0
0.875 54.8946 0 -2.74864 0 0.0308711 0
0.8755 54.926 0 -2.75021 0 0.0308887 0
0.876 54.9573 0 -2.75178 0 0.0309063 0
0.8765 54.9887 0 -2.75335 0 0.030924 0
0.877 55.0201 0 -2.75492 0 0.0309416 0
0.8775 55.0514 0 -2.75649 0 0.0309593 0
0.878 55.0828 0 -2.75806 0 0.0309769 0
0.8785 55.1142 0 -2.75963 0 0.0309945 0
0.879 55.1455 0 -2.7612 0 0.0310122 0
0.8795 55.1769 0 -2.76277 0 0.0310298 0
0.88 55.2083 0 -2.76434 0 0.0310475 0
0.8805 55.2396 0 -2.76591 0 0.0310651 0
0.881 55.271 0 -2.76748 0 0.0310827 0
0.8815 55.3024 0 -2.76905 0 0.0311004 0
0.882 55.3337 0 -2.77062 0 0.031118 0
0.8825 55.3651 0 -2.7722 0 0.0311357 0
0.883 55.3965 0 -2.77377 0 0.0311533 0
0.8835 55.4278 0 -2.77534 0 0.0311709 0
0.884 55.4592 0 -2.77691 0 0.0311886 0
0.8845 55.4906 0 -2.77848 0 0.0312062 0
0.885 55.522 0 -2.78005 0 0.0312239 0
0.8855 55.5533 0 -2.78162 0 0.0312415 0
0.886 55.5847 0 -2.78319 0 0.0312591 0
0.8865 55.6161 0 -2.78476 0 0.0312768 0
0.887 55.6474 0 -2.78633 0 0.0312944 0
0.8875 55.6788 0 -2.7879 0 0.0313121 0
0.888 55.7102 0 -2.78947 0 0.0313297 0
0.8885 55.7415 0 -2.79104 0 0.0313473 0
0.889 55.7729 0 -2.79261 0 0.031365 0
0.8895 55.8043 0 -2.79418 0 0.0313826 0
0.89 55.8356 0 -2.79576 0 0.0314003 0
0.8905 55.867 0 -2.79733 0 0.0314179 0
0.891 55.8984 0 -2.7989 0 0.0314356 0
0.8915 55.9297 0 -2.80047 0 0.0314532 0
0.892 55.9611 0 -2.80204 0 0.0314708 0
0.8925 55.9925 0 -2.80361 0 0.0314885 0
0.893 56.0238 0 -2.80518 0 0.0315061 0
0.8935 56.0552 0 -2.80675 0 0.0315238 0
0.894 56.0866 0 -2.80832 0 0.0315414 0
0.8945 56.1179 0 -2.80989 0 0.031559 0
0.895 56.1493 0 -2.81146 0 0.0315767 0
0.8955 56.1807 0 -2.81303 0 0.0315943 0
0.896 56.2121 0 -2.8146 0 0.031612 0
0.8965 56.2434 0 -2.81617 0 0.0316296 0
0.897 56.2748 0 -2.81774 0 0.0316472 0
0.8975 56.3062 0 -2.81932 0 0.0316649 0
0.898 56.3375 0 -2.82089 0 0.0316825 0
0.8985 56.3689 0 -2.82246 0 0.0317002 0
0.899 56.4003 0 -2.82403 0 0.0317178 0
0.8995 56.4316 0 -2.8256 0 0.0317354 0
0.9 56.463 0 -2.82717 0 0.0317531 0
0.9005 56.4944 0 -2.82874 0 0.0317707 0
0.901 56.5257 0 -2.83031 0 0.0317884 0
0.9015 56.5571 0 -2.83188 0 0.031806 0
0.902 56.5885 0 -2.83345 0 0.0318236 0
0.9025 56.6198 0 -2.83502 0 0.0318413 0
0.903 56.6512 0 -2.83659 0 0.0318589 0
0.9035 56.6826 0 -2.83816 0 0.0318766 0
0.904 56.7139 0 -2.83973 0 0.0318942 0
0.9045 56.7453 0 -2.8413 0 0.0319118 0
0.905 56.7767 0 -2.84287 0 0.0319295 0
0.9055 56.8081 0 -2.84445 0 0.0319471 0
0.906 56.8394 0 -2.84602 0 0.0319648 0
0.9065 56.8708 0 -2.84759 0 0.0319824 0
0.907 56.9022 0 -2.84916 0 0.032 0
0.9075 56.9335 0 -2.85073 0 0.0320177 0
0.908 56.9649 0 -2.8523 0 0.0320353 0
0.9085 56.9963 0 -2.85387 0 0.032053 0
0.909 57.0276 0 -2.85544 0 0.0320706 0
0.9095 57.059 0 -2.85701 0 0.0320883 0
0.91 57.0904 0 -2.85858 0 0.0321059 0
0.9105 57.1217 0 -2.86015 0 0.0321235 0
0.911 57.1531 0 -2.86172 0 0.0321412 0
0.9115 57.1845 0 -2.86329 0 0.0321588 0
0.912 57.2158 0 -2.86486 0 0.0321765 0
0.9125 57.2472 0 -2.86643 0 0.0321941 0
0.913 57.2786 0 -2.86801 0 0.0322117 0
0.9135 57.3099 0 -2.86958 0 0.0322294 0
0.914 57.3413 0 -2.87115 0 0.032247 0
0.9145 57.3727 0 -2.87272 0 0.0322647 0
0.915 57.4041 0 -2.87429 0 0.0322823 0
0.9155 57.4354 0 -2.87586 0 0.0322999 0
0.916 57.4668 0 -2.87743 0 0.0323176 0
0.9165 57.4982 0 -2.879 0 0.0323352 0
0.917 57.5295 0 -2.88057 0 0.0323529 0
0.9175 57.5609 0 -2.88214 0 0.0323705 0
0.918 57.5923 0 -2.88371 0 0.0323881 0
0.9185 57.6236 0 -2.88528 0 0.0324058 0
0.919 57.655 0 -2.88685 0 0.0324234 0
0.9195 57.6864 0 -2.88842 0 0.0324411 0
0.92 57.7177 0 -2.88999 0 0.0324587 0
0.9205 57.7491 0 -2.89156 0 0.0324763 0
0.921 57.7805 0 -2.89314 0 0.032494 0
0.9215 57.8118 0 -2.89471 0 0.0325116 0
0.922 57.8432 0 -2.89628 0 0.0325293 0
0.9225 57.8746 0 -2.89785 0 0.0325469 0
0.923 57.9059 0 -2.89942 0 0.0325645 0
0.9235 57.9373 0 -2.90099 0 0.0325822 0
0.924 57.9687 0 -2.90256 0 0.0325998 0
0.9245 58 0 -2.90413 0 0.0326175 0
0.925 58.0314 0 -2.9057 0 0.0326351 0
0.9255 58.0628 0 -2.90727 0 0.0326528 0
0.926 58.0942 0 -2.90884 0 0.0326704 0
0.9265 58.1255 0 -2.91041 0 0.032688 0
0.927 58.1569 0 -2.91198 0 0.0327057 0
0.9275 58.1883 0 -2.91355 0 0.0327233 0
0.928 58.2196 0 -2.91512 0 0.032741 0
0.9285 58.251 0 -2.9167 0 0.0327586 0
0.929 58.2824 0 -2.91827 0 0.0327762 0
0.9295 58.3137 0 -2.91984 0 0.0327939 0
0.93 58.3451 0 -2.92141 0 0.0328115 0
0.9305 58.3765 0 -2.92298 0 0.0328292 0
0.931 58.4078 0 -2.92455 0 0.0328468 0
0.9315 58.4392 0 -2.92612 0 0.0328644 0
0.932 58.4706 0 -2.92769 0 0.0328821 0
0.9325 58.5019 0 -2.92926 0 0.0328997 0
0.933 58.5333 0 -2.93083 0 0.0329174 0
0.9335 58.5647 0 -2.9324 0 0.032935 0
0.934 58.596 0 -2.93397 0 0.0329526 0
0.9345 58.6274 0 -2.93554 0 0.0329703 0
0.935 58.6588 0 -2.93711 0 0.0329879 0
0.9355 58.6902 0 -2.93868 0 0.0330056 0
0.936 58.7215 0 -2.94025 0 0.0330232 0
0.9365 58.7529 0 -2.94183 0 0.0330408 0
0.937 58.7843 0 -2.9434 0 0.0330585 0
0.9375 58.8156 0 -2.94497 0 0.0330761 0
0.938 58.847 0 -2.94654 0 0.0330938 0
0.9385 58.8784 0 -2.94811 0 0.0331114 0
0.939 58.9097 0 -2.94968 0 0.033129 0
0.9395 58.9411 0 -2.95125 0 0.0331467 0
0.94 58.9725 0 -2.95282 0 0.0331643 0
0.9405 59.0038 0 -2.95439 0 0.033182 0
0.941 59.0352 0 -2.95596 0 0.0331996 0
0.9415 59.0666 0 -2.95753 0 0.0332173 0
0.942 59.0979 0 -2.9591 0 0.0332349 0
0.9425 59.1293 0 -2.96067 0 0.0332525 0
0.943 59.1607 0 -2.96224 0 0.0332702 0
0.9435 59.192 0 -2.96381 0 0.0332878 0
0.944 59.2234 0 -2.96539 0 0.0333055 0
0.9445 59.2548 0 -2.96696 0 0.0333231 0
0.945 59.2862 0 -2.96853 0 0.0333407 0
0.9455 59.3175 0 -2.9701 0 0.0333584 0
0.946 59.3489 0 -2.97167 0 0.033376 0
0.9465 59.3803 0 -2.97324 0 0.0333937 0
0.947 59.4116 0 -2.97481 0 0.0334113 0
0.9475 59.443 0 -2.97638 0 0.0334289 0
0.948 59.4744 0 -2.97795 0 0.0334466 0
0.9485 59.5057 0 -2.97952 0 0.0334642 0
0.949 59.5371 0 -2.98109 0 0.0334819 0
0.9495 59.5685 0 -2.98266 0 0.0334995 0
0.95 59.5998 0 -2.98423 0 0.0335171 0
0.9505 59.6312 0 -2.9858 0 0.0335348 0
0.951 59.6626 0 -2.98737 0 0.0335524 0
0.9515 59.6939 0 -2.98895 0 0.0335701 0
0.952 59.7253 0 -2.99052 0 0.0335877 0
0.9525 59.7567 0 -2.99209 0 0.0336053 0
0.953 59.788 0 -2.99366 0 0.033623 0
0.9535 59.8194 0 -2.99523 0 0.0336406 0
0.954 59.8508 0 -2.9968 0 0.0336583 0
0.9545 59.8821 0 -2.99837 0 0.0336759 0
0.955 59.9135 0 -2.99994 0 0.0336935 0
0.9555 59.9449 0 -3.00151 0 0.0337112 0
0.956 59.9763 0 -3.00308 0 0.0337288 0
0.9565 60.0076 0 -3.00465 0 0.0337465 0
0.957 60.039 0 -3.00622 0 0.0337641 0
0.9575 60.0704 0 -3.00779 0 0.0337818 0
0.958 60.1017 0 -3.00936 0 0.0337994 0
0.9585 60.1331 0 -3.01093 0 0.033817 0
0.959 60.1645 0 -3.0125 0 0.0338347 0
0.9595 60.1958 0 -3.01408 0 0.0338523 0
0.96 60.2272 0 -3.01565 0 0.03387 0
0.9605 60.2586 0 -3.01722 0 0.0338876 0
0.961 60.2899 0 -3.01879 0 0.0339052 0
0.9615 60.3213 0 -3.02036 0 0.0339229 0
0.962 60.3527 0 -3.02193 0 0.0339405 0
0.9625 60.384 0 -3.0235 0 0.0339582 0
0.963 60.4154 0 -3.02507 0 0.0339758 0
0.9635 60.4468 0 -3.02664 0 0.0339934 0
0.964 60.4781 0 -3.02821 0 0.0340111 0
0.9645 60.5095 0 -3.02978 0 0.0340287 0
0.965 60.5409 0 -3.03135 0 0.0340464 0
0.9655 60.5723 0 -3.03292 0 0.034064 0
0.966 60.6036 0 -3.03449 0 0.0340816 0
0.9665 60.635 0 -3.03606 0 0.0340993 0
0.967 60.6664 0 -3.03764 0 0.0341169 0
0.9675 60.6977 0 -3.03921 0 0.0341346 0
0.968 60.7291 0 -3.04078 0 0.0341522 0
0.9685 60.7605 0 -3.04235 0 0.0341698 0
0.969 60.7918 0 -3.04392 0 0.0341875 0
0.9695 60.8232 0 -3.04549 0 0.0342051 0
0.97 60.8546 0 -3.04706 0 0.0342228 0
0.9705 60.8859 0 -3.04863 0 0.0342404 0
0.971 60.9173 0 -3.0502 0 0.034258 0
0.9715 60.9487 0 -3.05177 0 0.0342757 0
0.972 60.98 0 -3.05334 0 0.0342933 0
0.9725 61.0114 0 -3.05491 0 0.034311 0
0.973 61.0428 0 -3.05648 0 0.0343286 0
0.9735 61.0741 0 -3.05805 0 0.0343462 0
0.974 61.1055 0 -3.05962 0 0.0343639 0
0.9745 61.1369 0 -3.06119 0 0.0343815 0
0.975 61.1683 0 -3.06277 0 0.0343992 0
0.9755 61.1996 0 -3.06434 0 0.0344168 0
0.976 61.231 0 -3.06591 0 0.0344345 0
0.9765 61.2624 0 -3.06748 0 0.0344521 0
0.977 61.2937 0 -3.06905 0 0.0344697 0
0.9775 61.3251 0 -3.07062 0 0.0344874 0
0.978 61.3565 0 -3.07219 0 0.034505 0
0.9785 61.3878 0 -3.07376 0 0.0345227 0
0.979 61.4192 0 -3.07533 0 0.0345403 0
0.9795 61.4506 0 -3.0769 0 0.0345579 0
0.98 61.4819 0 -3.07847 0 0.0345756 0
0.9805 61.5133 0 -3.08004 0 0.0345932 0
0.981 61.5447 0 -3.08161 0 0.0346109 0
0.9815 61.576 0 -3.08318 0 0.0346285 0
0.982 61.6074 0 -3.08475 0 0.0346461 0
0.9825 61.6388 0 -3.08633 0 0.0346638 0
0.983 61.6701 0 -3.0879 0 0.0346814 0
0.9835 61.7015 0 -3.08947 0 0.0346991 0
0.984 61.7329 0 -3.09104 0 0.0347167 0
0.9845 61.7642 0 -3.09261 0 0.0347343 0
0.985 61.7956 0 -3.09418 0 0.034752 0
0.9855 61.827 0 -3.09575 0 0.0347696 0
0.986 61.8584 0 -3.09732 0 0.0347873 0
0.9865 61.8897 0 -3.09889 0 0.0348049 0
0.987 61.9211 0 -3.10046 0 0.0348225 0
0.9875 61.9525 0 -3.10203 0 0.0348402 0
0.988 61.9838 0 -3.1036 0 0.0348578 0
0.9885 62.0152 0 -3.10517 0 0.0348755 0
0.989 62.0466 0 -3.10674 0 0.0348931 0
0.9895 62.0779 0 -3.10831 0 0.0349107 0
0.99 62.1093 0 -3.10989 0 0.0349284 0
0.9905 62.1407 0 -3.11146 0 0.034946 0
0.991 62.172 0 -3.11303 0 0.0349637 0
0.9915 62.2034 0 -3.1146 0 0.0349813 0
0.992 62.2348 0 -3.11617 0 0.034999 0
0.9925 62.2661 0 -3.11774 0 0.0350166 0
0.993 62.2975 0 -3.11931 0 0.0350342 0
0.9935 62.3289 0 -3.12088 0 0.0350519 0
0.994 62.3602 0 -3.12245 0 0.0350695 0
0.9945 62.3916 0 -3.12402 0 0.0350872 0
0.995 62.423 0 -3.12559 0 0.0351048 0
0.9955 62.4544 0 -3.12716 0 0.0351224 0
0.996 62.4857 0 -3.12873 0 0.0351401 0
0.9965 62.5171 0 -3.1303 0 0.0351577 0
0.997 62.5485 0 -3.13187 0 0.0351754 0
0.9975 62.5798 0 -3.13344 0 0.035193 0
0.998 62.6112 0 -3.13502 0 0.0352106 0
0.9985 62.6426 0 -3.13659 0 0.0352283 0
0.999 62.6739 0 -3.13816 0 0.0352459 0
0.9995 62.7053 0 -3.13973 0 0.0352636 0
1 62.7367 0 -3.1413 0 0.0352812 0
