0.0005 0.0313841 0 0.0117239 0 2.22386e-05 0
0.001 0.0627682 0 0.0234478 0 4.44771e-05 0
0.0015 0.0941522 0 0.0351718 0 6.67157e-05 0
0.002 0.125536 0 0.0468957 0 8.89543e-05 0
0.0025 0.15692 0 0.0586196 0 0.000111193 0
0.003 0.188304 0 0.0703435 0 0.000133431 0
0.0035 0.219689 0 0.0820674 0 0.00015567 0
0.004 0.251073 0 0.0937914 0 0.000177909 0
0.0045 0.282457 0 0.105515 0 0.000200147 0
0.005 0.313841 0 0.117239 0 0.000222386 0
0.0055 0.345225 0 0.128963 0 0.000244624 0
0.006 0.376609 0 0.140687 0 0.000266863 0
0.0065 0.407993 0 0.152411 0 0.000289101 0
0.007 0.439377 0 0.164135 0 0.00031134 0
0.0075 0.470761 0 0.175859 0 0.000333579 0
0.008 0.502145 0 0.187583 0 0.000355817 0
0.0085 0.533529 0 0.199307 0 0.000378056 0
0.009 0.564913 0 0.211031 0 0.000400294 0
0.0095 0.596297 0 0.222754 0 0.000422533 0
0.01 0.627682 0 0.234478 0 0.000444771 0
0.0105 0.659066 0 0.246202 0 0.00046701 0
0.011 0.69045 0 0.257926 0 0.000489249 0
0.0115 0.721834 0 0.26965 0 0.000511487 0
0.012 0.753218 0 0.281374 0 0.000533726 0
0.0125 0.784602 0 0.293098 0 0.000555964 0
0.013 0.815986 0 0.304822 0 0.000578203 0
0.0135 0.84737 0 0.316546 0 0.000600441 0
0.014 0.878754 0 0.32827 0 0.00062268 0
0.0145 0.910138 0 0.339994 0 0.000644919 0
0.015 0.941522 0 0.351718 0 0.000667157 0
0.0155 0.972906 0 0.363442 0 0.000689396 0
0.016 1.00429 0 0.375165 0 0.000711634 0
0.0165 1.03567 0 0.386889 0 0.000733873 0
0.017 1.06706 0 0.398613 0 0.000756111 0
0.0175 1.09844 0 0.410337 0 0.00077835 0
0.018 1.12983 0 0.422061 0 0.000800588 0
0.0185 1.16121 0 0.433785 0 0.000822827 0
0.019 1.19259 0 0.445509 0 0.000845066 0
0.0195 1.22398 0 0.457233 0 0.000867304 0
0.02 1.25536 0 0.468957 0 0.000889543 0
0.0205 1.28675 0 0.480681 0 0.000911781 0
0.021 1.31813 0 0.492405 0 0.00093402 0
0.0215 1.34952 0 0.504129 0 0.000956258 0
0.022 1.3809 0 0.515852 0 0.000978497 0
0.0225 1.41228 0 0.527576 0 0.00100074 0
0.023 1.44367 0 0.5393 0 0.00102297 0
0.0235 1.47505 0 0.551024 0 0.00104521 0
0.024 1.50644 0 0.562748 0 0.00106745 0
0.0245 1.53782 0 0.574472 0 0.00108969 0
0.025 1.5692 0 0.586196 0 0.00111193 0
0.0255 1.60059 0 0.59792 0 0.00113417 0
0.026 1.63197 0 0.609644 0 0.00115641 0
0.0265 1.66336 0 0.621368 0 0.00117864 0
0.027 1.69474 0 0.633092 0 0.00120088 0
0.0275 1.72612 0 0.644816 0 0.00122312 0
0.028 1.75751 0 0.65654 0 0.00124536 0
0.0285 1.78889 0 0.668263 0 0.0012676 0
0.029 1.82028 0 0.679987 0 0.00128984 0
0.0295 1.85166 0 0.691711 0 0.00131208 0
0.03 1.88304 0 0.703435 0 0.00133431 0
0.0305 1.91443 0 0.715159 0 0.00135655 0
0.031 1.94581 0 0.726883 0 0.00137879 0
0.0315 1.9772 0 0.738607 0 0.00140103 0
0.032 2.00858 0 0.750331 0 0.00142327 0
0.0325 2.03997 0 0.762055 0 0.00144551 0
0.033 2.07135 0 0.773779 0 0.00146775 0
0.0335 2.10273 0 0.785503 0 0.00148998 0
0.034 2.13412 0 0.797227 0 0.00151222 0
0.0345 2.1655 0 0.80895 0 0.00153446 0
0.035 2.19689 0 0.820674 0 0.0015567 0
0.0355 2.22827 0 0.832398 0 0.00157894 0
0.036 2.25965 0 0.844122 0 0.00160118 0
0.0365 2.29104 0 0.855846 0 0.00162342 0
0.037 2.32242 0 0.86757 0 0.00164565 0
0.0375 2.35381 0 0.879294 0 0.00166789 0
0.038 2.38519 0 0.891018 0 0.00169013 0
0.0385 2.41657 0 0.902742 0 0.00171237 0
0.039 2.44796 0 0.914466 0 0.00173461 0
0.0395 2.47934 0 0.92619 0 0.00175685 0
0.04 2.51073 0 0.937914 0 0.00177909 0
0.0405 2.54211 0 0.949638 0 0.00180132 0
0.041 2.57349 0 0.961361 0 0.00182356 0
0.0415 2.60488 0 0.973085 0 0.0018458 0
0.042 2.63626 0 0.984809 0 0.00186804 0
0.0425 2.66765 0 0.996533 0 0.00189028 0
0.043 2.69903 0 1.00826 0 0.00191252 0
0.0435 2.73041 0 1.01998 0 0.00193476 0
0.044 2.7618 0 1.0317 0 0.00195699 0
0.0445 2.79318 0 1.04343 0 0.00197923 0
0.045 2.82457 0 1.05515 0 0.00200147 0
0.0455 2.85595 0 1.06688 0 0.00202371 0
0.046 2.88734 0 1.0786 0 0.00204595 0
0.0465 2.91872 0 1.09032 0 0.00206819 0
0.047 2.9501 0 1.10205 0 0.00209043 0
0.0475 2.98149 0 1.11377 0 0.00211266 0
0.048 3.01287 0 1.1255 0 0.0021349 0
0.0485 3.04426 0 1.13722 0 0.00215714 0
0.049 3.07564 0 1.14894 0 0.00217938 0
0.0495 3.10702 0 1.16067 0 0.00220162 0
0.05 3.13841 0 1.17239 0 0.00222386 0
0.0505 3.16979 0 1.18412 0 0.0022461 0
0.051 3.20118 0 1.19584 0 0.00226833 0
0.0515 3.23256 0 1.20756 0 0.00229057 0
0.052 3.26394 0 1.21929 0 0.00231281 0
0.0525 3.29533 0 1.23101 0 0.00233505 0
0.053 3.32671 0 1.24274 0 0.00235729 0
0.0535 3.3581 0 1.25446 0 0.00237953 0
0.054 3.38948 0 1.26618 0 0.00240177 0
0.0545 3.42086 0 1.27791 0 0.002424 0
0.055 3.45225 0 1.28963 0 0.00244624 0
0.0555 3.48363 0 1.30136 0 0.00246848 0
0.056 3.51502 0 1.31308 0 0.00249072 0
0.0565 3.5464 0 1.3248 0 0.00251296 0
0.057 3.57778 0 1.33653 0 0.0025352 0
0.0575 3.60917 0 1.34825 0 0.00255744 0
0.058 3.64055 0 1.35997 0 0.00257967 0
0.0585 3.67194 0 1.3717 0 0.00260191 0
0.059 3.70332 0 1.38342 0 0.00262415 0
0.0595 3.73471 0 1.39515 0 0.00264639 0
0.06 3.76609 0 1.40687 0 0.00266863 0
0.0605 3.79747 0 1.41859 0 0.00269087 0
0.061 3.82886 0 1.43032 0 0.00271311 0
0.0615 3.86024 0 1.44204 0 0.00273534 0
0.062 3.89163 0 1.45377 0 0.00275758 0
0.0625 3.92301 0 1.46549 0 0.00277982 0
0.063 3.95439 0 1.47721 0 0.00280206 0
0.0635 3.98578 0 1.48894 0 0.0028243 0
0.064 4.01716 0 1.50066 0 0.00284654 0
0.0645 4.04855 0 1.51239 0 0.00286878 0
0.065 4.07993 0 1.52411 0 0.00289101 0
0.0655 4.11131 0 1.53583 0 0.00291325 0
0.066 4.1427 0 1.54756 0 0.00293549 0
0.0665 4.17408 0 1.55928 0 0.00295773 0
0.067 4.20547 0 1.57101 0 0.00297997 0
0.0675 4.23685 0 1.58273 0 0.00300221 0
0.068 4.26823 0 1.59445 0 0.00302445 0
0.0685 4.29962 0 1.60618 0 0.00304668 0
0.069 4.331 0 1.6179 0 0.00306892 0
0.0695 4.36239 0 1.62962 0 0.00309116 0
0.07 4.39377 0 1.64135 0 0.0031134 0
0.0705 4.42516 0 1.65307 0 0.00313564 0
0.071 4.45654 0 1.6648 0 0.00315788 0
0.0715 4.48792 0 1.67652 0 0.00318012 0
0.072 4.51931 0 1.68824 0 0.00320235 0
0.0725 4.55069 0 1.69997 0 0.00322459 0
0.073 4.58208 0 1.71169 0 0.00324683 0
0.0735 4.61346 0 1.72342 0 0.00326907 0
0.074 4.64484 0 1.73514 0 0.00329131 0
0.0745 4.67623 0 1.74686 0 0.00331355 0
0.075 4.70761 0 1.75859 0 0.00333579 0
0.0755 4.739 0 1.77031 0 0.00335802 0
0.076 4.77038 0 1.78204 0 0.00338026 0
0.0765 4.80176 0 1.79376 0 0.0034025 0
0.077 4.83315 0 1.80548 0 0.00342474 0
0.0775 4.86453 0 1.81721 0 0.00344698 0
0.078 4.89592 0 1.82893 0 0.00346922 0
0.0785 4.9273 0 1.84066 0 0.00349146 0
0.079 4.95868 0 1.85238 0 0.00351369 0
0.0795 4.99007 0 1.8641 0 0.00353593 0
0.08 5.02145 0 1.87583 0 0.00355817 0
0.0805 5.05284 0 1.88755 0 0.00358041 0
0.081 5.08422 0 1.89928 0 0.00360265 0
0.0815 5.1156 0 1.911 0 0.00362489 0
0.082 5.14699 0 1.92272 0 0.00364713 0
0.0825 5.17837 0 1.93445 0 0.00366936 0
0.083 5.20976 0 1.94617 0 0.0036916 0
0.0835 5.24114 0 1.95789 0 0.00371384 0
0.084 5.27253 0 1.96962 0 0.00373608 0
0.0845 5.30391 0 1.98134 0 0.00375832 0
0.085 5.33529 0 1.99307 0 0.00378056 0
0.0855 5.36668 0 2.00479 0 0.0038028 0
0.086 5.39806 0 2.01651 0 0.00382503 0
0.0865 5.42945 0 2.02824 0 0.00384727 0
0.087 5.46083 0 2.03996 0 0.00386951 0
0.0875 5.49221 0 2.05169 0 0.00389175 0
0.088 5.5236 0 2.06341 0 0.00391399 0
0.0885 5.55498 0 2.07513 0 0.00393623 0
0.089 5.58637 0 2.08686 0 0.00395847 0
0.0895 5.61775 0 2.09858 0 0.0039807 0
0.09 5.64913 0 2.11031 0 0.00400294 0
0.0905 5.68052 0 2.12203 0 0.00402518 0
0.091 5.7119 0 2.13375 0 0.00404742 0
0.0915 5.74329 0 2.14548 0 0.00406966 0
0.092 5.77467 0 2.1572 0 0.0040919 0
0.0925 5.80605 0 2.16893 0 0.00411414 0
0.093 5.83744 0 2.18065 0 0.00413637 0
0.0935 5.86882 0 2.19237 0 0.00415861 0
0.094 5.90021 0 2.2041 0 0.00418085 0
0.0945 5.93159 0 2.21582 0 0.00420309 0
0.095 5.96297 0 2.22754 0 0.00422533 0
0.0955 5.99436 0 2.23927 0 0.00424757 0
0.096 6.02574 0 2.25099 0 0.00426981 0
0.0965 6.05713 0 2.26272 0 0.00429204 0
0.097 6.08851 0 2.27444 0 0.00431428 0
0.0975 6.1199 0 2.28616 0 0.00433652 0
0.098 6.15128 0 2.29789 0 0.00435876 0
0.0985 6.18266 0 2.30961 0 0.004381 0
0.099 6.21405 0 2.32134 0 0.00440324 0
0.0995 6.24543 0 2.33306 0 0.00442548 0
0.1 6.27682 0 2.34478 0 0.00444771 0
0.1005 6.3082 0 2.35651 0 0.00446995 0
0.101 6.33958 0 2.36823 0 0.00449219 0
0.1015 6.37097 0 2.37996 0 0.00451443 0
0.102 6.40235 0 2.39168 0 0.00453667 0
0.1025 6.43374 0 2.4034 0 0.00455891 0
0.103 6.46512 0 2.41513 0 0.00458115 0
0.1035 6.4965 0 2.42685 0 0.00460338 0
0.104 6.52789 0 2.43858 0 0.00462562 0
0.1045 6.55927 0 2.4503 0 0.00464786 0
0.105 6.59066 0 2.46202 0 0.0046701 0
0.1055 6.62204 0 2.47375 0 0.00469234 0
0.106 6.65342 0 2.48547 0 0.00471458 0
0.1065 6.68481 0 2.49719 0 0.00473682 0
0.107 6.71619 0 2.50892 0 0.00475905 0
0.1075 6.74758 0 2.52064 0 0.00478129 0
0.108 6.77896 0 2.53237 0 0.00480353 0
0.1085 6.81035 0 2.54409 0 0.00482577 0
0.109 6.84173 0 2.55581 0 0.00484801 0
0.1095 6.87311 0 2.56754 0 0.00487025 0
0.11 6.9045 0 2.57926 0 0.00489249 0
0.1105 6.93588 0 2.59099 0 0.00491472 0
0.111 6.96727 0 2.60271 0 0.00493696 0
0.1115 6.99865 0 2.61443 0 0.0049592 0
0.112 7.03003 0 2.62616 0 0.00498144 0
0.1125 7.06142 0 2.63788 0 0.00500368 0
0.113 7.0928 0 2.64961 0 0.00502592 0
0.1135 7.12419 0 2.66133 0 0.00504816 0
0.114 7.15557 0 2.67305 0 0.00507039 0
0.1145 7.18695 0 2.68478 0 0.00509263 0
0.115 7.21834 0 2.6965 0 0.00511487 0
0.1155 7.24972 0 2.70823 0 0.00513711 0
0.116 7.28111 0 2.71995 0 0.00515935 0
0.1165 7.31249 0 2.73167 0 0.00518159 0
0.117 7.34387 0 2.7434 0 0.00520383 0
0.1175 7.37526 0 2.75512 0 0.00522606 0
0.118 7.40664 0 2.76685 0 0.0052483 0
0.1185 7.43803 0 2.77857 0 0.00527054 0
0.119 7.46941 0 2.79029 0 0.00529278 0
0.1195 7.50079 0 2.80202 0 0.00531502 0
0.12 7.53218 0 2.81374 0 0.00533726 0
0.1205 7.56356 0 2.82546 0 0.0053595 0
0.121 7.59495 0 2.83719 0 0.00538173 0
0.1215 7.62633 0 2.84891 0 0.00540397 0
0.122 7.65772 0 2.86064 0 0.00542621 0
0.1225 7.6891 0 2.87236 0 0.00544845 0
0.123 7.72048 0 2.88408 0 0.00547069 0
0.1235 7.75187 0 2.89581 0 0.00549293 0
0.124 7.78325 0 2.90753 0 0.00551517 0
0.1245 7.81464 0 2.91926 0 0.0055374 0
0.125 7.84602 0 2.93098 0 0.00555964 0
0.1255 7.8774 0 2.9427 0 0.00558188 0
0.126 7.90879 0 2.95443 0 0.00560412 0
0.1265 7.94017 0 2.96615 0 0.00562636 0
0.127 7.97156 0 2.97788 0 0.0056486 0
0.1275 8.00294 0 2.9896 0 0.00567084 0
0.128 8.03432 0 3.00132 0 0.00569307 0
0.1285 8.06571 0 3.01305 0 0.00571531 0
0.129 8.09709 0 3.02477 0 0.00573755 0
0.1295 8.12848 0 3.0365 0 0.00575979 0
0.13 8.15986 0 3.04822 0 0.00578203 0
0.1305 8.19124 0 3.05994 0 0.00580427 0
0.131 8.22263 0 3.07167 0 0.00582651 0
0.1315 8.25401 0 3.08339 0 0.00584874 0
0.132 8.2854 0 3.09511 0 0.00587098 0
0.1325 8.31678 0 3.10684 0 0.00589322 0
0.133 8.34816 0 3.11856 0 0.00591546 0
0.1335 8.37955 0 3.13029 0 0.0059377 0
0.134 8.41093 0 3.14201 0 0.00595994 0
0.1345 8.44232 0 3.15373 0 0.00598218 0
0.135 8.4737 0 3.16546 0 0.00600441 0
0.1355 8.50509 0 3.17718 0 0.00602665 0
0.136 8.53647 0 3.18891 0 0.00604889 0
0.1365 8.56785 0 3.20063 0 0.00607113 0
0.137 8.59924 0 3.21235 0 0.00609337 0
0.1375 8.63062 0 3.22408 0 0.00611561 0
0.138 8.66201 0 3.2358 0 0.00613785 0
0.1385 8.69339 0 3.24753 0 0.00616008 0
0.139 8.72477 0 3.25925 0 0.00618232 0
0.1395 8.75616 0 3.27097 0 0.00620456 0
0.14 8.78754 0 3.2827 0 0.0062268 0
0.1405 8.81893 0 3.29442 0 0.00624904 0
0.141 8.85031 0 3.30615 0 0.00627128 0
0.1415 8.88169 0 3.31787 0 0.00629352 0
0.142 8.91308 0 3.32959 0 0.00631575 0
0.1425 8.94446 0 3.34132 0 0.00633799 0
0.143 8.97585 0 3.35304 0 0.00636023 0
0.1435 9.00723 0 3.36477 0 0.00638247 0
0.144 9.03861 0 3.37649 0 0.00640471 0
0.1445 9.07 0 3.38821 0 0.00642695 0
0.145 9.10138 0 3.39994 0 0.00644919 0
0.1455 9.13277 0 3.41166 0 0.00647142 0
0.146 9.16415 0 3.42338 0 0.00649366 0
0.1465 9.19554 0 3.43511 0 0.0065159 0
0.147 9.22692 0 3.44683 0 0.00653814 0
0.1475 9.2583 0 3.45856 0 0.00656038 0
0.148 9.28969 0 3.47028 0 0.00658262 0
0.1485 9.32107 0 3.482 0 0.00660486 0
0.149 9.35246 0 3.49373 0 0.00662709 0
0.1495 9.38384 0 3.50545 0 0.00664933 0
0.15 9.41522 0 3.51718 0 0.00667157 0
0.1505 9.44661 0 3.5289 0 0.00669381 0
0.151 9.47799 0 3.54062 0 0.00671605 0
0.1515 9.50938 0 3.55235 0 0.00673829 0
0.152 9.54076 0 3.56407 0 0.00676053 0
0.1525 9.57214 0 3.5758 0 0.00678276 0
0.153 9.60353 0 3.58752 0 0.006805 0
0.1535 9.63491 0 3.59924 0 0.00682724 0
0.154 9.6663 0 3.61097 0 0.00684948 0
0.1545 9.69768 0 3.62269 0 0.00687172 0
0.155 9.72906 0 3.63442 0 0.00689396 0
0.1555 9.76045 0 3.64614 0 0.00691619 0
0.156 9.79183 0 3.65786 0 0.00693843 0
0.1565 9.82322 0 3.66959 0 0.00696067 0
0.157 9.8546 0 3.68131 0 0.00698291 0
0.1575 9.88598 0 3.69303 0 0.00700515 0
0.158 9.91737 0 3.70476 0 0.00702739 0
0.1585 9.94875 0 3.71648 0 0.00704963 0
0.159 9.98014 0 3.72821 0 0.00707186 0
0.1595 10.0115 0 3.73993 0 0.0070941 0
0.16 10.0429 0 3.75165 0 0.00711634 0
0.1605 10.0743 0 3.76338 0 0.00713858 0
0.161 10.1057 0 3.7751 0 0.00716082 0
0.1615 10.1371 0 3.78683 0 0.00718306 0
0.162 10.1684 0 3.79855 0 0.0072053 0
0.1625 10.1998 0 3.81027 0 0.00722753 0
0.163 10.2312 0 3.822 0 0.00724977 0
0.1635 10.2626 0 3.83372 0 0.00727201 0
0.164 10.294 0 3.84545 0 0.00729425 0
0.1645 10.3254 0 3.85717 0 0.00731649 0
0.165 10.3567 0 3.86889 0 0.00733873 0
0.1655 10.3881 0 3.88062 0 0.00736097 0
0.166 10.4195 0 3.89234 0 0.0073832 0
0.1665 10.4509 0 3.90407 0 0.00740544 0
0.167 10.4823 0 3.91579 0 0.00742768 0
0.1675 10.5137 0 3.92751 0 0.00744992 0
0.168 10.5451 0 3.93924 0 0.00747216 0
0.1685 10.5764 0 3.95096 0 0.0074944 0
0.169 10.6078 0 3.96268 0 0.00751664 0
0.1695 10.6392 0 3.97441 0 0.00753887 0
0.17 10.6706 0 3.98613 0 0.00756111 0
0.1705 10.702 0 3.99786 0 0.00758335 0
0.171 10.7334 0 4.00958 0 0.00760559 0
0.1715 10.7647 0 4.0213 0 0.00762783 0
0.172 10.7961 0 4.03303 0 0.00765007 0
0.1725 10.8275 0 4.04475 0 0.00767231 0
0.173 10.8589 0 4.05648 0 0.00769454 0
0.1735 10.8903 0 4.0682 0 0.00771678 0
0.174 10.9217 0 4.07992 0 0.00773902 0
0.1745 10.953 0 4.09165 0 0.00776126 0
0.175 10.9844 0 4.10337 0 0.0077835 0
0.1755 11.0158 0 4.1151 0 0.00780574 0
0.176 11.0472 0 4.12682 0 0.00782798 0
0.1765 11.0786 0 4.13854 0 0.00785021 0
0.177 11.11 0 4.15027 0 0.00787245 0
0.1775 11.1413 0 4.16199 0 0.00789469 0
0.178 11.1727 0 4.17372 0 0.00791693 0
0.1785 11.2041 0 4.18544 0 0.00793917 0
0.179 11.2355 0 4.19716 0 0.00796141 0
0.1795 11.2669 0 4.20889 0 0.00798365 0
0.18 11.2983 0 4.22061 0 0.00800588 0
0.1805 11.3297 0 4.23234 0 0.00802812 0
0.181 11.361 0 4.24406 0 0.00805036 0
0.1815 11.3924 0 4.25578 0 0.0080726 0
0.182 11.4238 0 4.26751 0 0.00809484 0
0.1825 11.4552 0 4.27923 0 0.00811708 0
0.183 11.4866 0 4.29095 0 0.00813932 0
0.1835 11.518 0 4.30268 0 0.00816155 0
0.184 11.5493 0 4.3144 0 0.00818379 0
0.1845 11.5807 0 4.32613 0 0.00820603 0
0.185 11.6121 0 4.33785 0 0.00822827 0
0.1855 11.6435 0 4.34957 0 0.00825051 0
0.186 11.6749 0 4.3613 0 0.00827275 0
0.1865 11.7063 0 4.37302 0 0.00829499 0
0.187 11.7376 0 4.38475 0 0.00831722 0
0.1875 11.769 0 4.39647 0 0.00833946 0
0.188 11.8004 0 4.40819 0 0.0083617 0
0.1885 11.8318 0 4.41992 0 0.00838394 0
0.189 11.8632 0 4.43164 0 0.00840618 0
0.1895 11.8946 0 4.44337 0 0.00842842 0
0.19 11.9259 0 4.45509 0 0.00845066 0
0.1905 11.9573 0 4.46681 0 0.00847289 0
0.191 11.9887 0 4.47854 0 0.00849513 0
0.1915 12.0201 0 4.49026 0 0.00851737 0
0.192 12.0515 0 4.50199 0 0.00853961 0
0.1925 12.0829 0 4.51371 0 0.00856185 0
0.193 12.1143 0 4.52543 0 0.00858409 0
0.1935 12.1456 0 4.53716 0 0.00860633 0
0.194 12.177 0 4.54888 0 0.00862856 0
0.1945 12.2084 0 4.5606 0 0.0086508 0
0.195 12.2398 0 4.57233 0 0.00867304 0
0.1955 12.2712 0 4.58405 0 0.00869528 0
0.196 12.3026 0 4.59578 0 0.00871752 0
0.1965 12.3339 0 4.6075 0 0.00873976 0
0.197 12.3653 0 4.61922 0 0.008762 0
0.1975 12.3967 0 4.63095 0 0.00878423 0
0.198 12.4281 0 4.64267 0 0.00880647 0
0.1985 12.4595 0 4.6544 0 0.00882871 0
0.199 12.4909 0 4.66612 0 0.00885095 0
0.1995 12.5222 0 4.67784 0 0.00887319 0
0.2 12.5536 0 4.68957 0 0.00889543 0
0.2005 12.585 0 4.70129 0 0.00891767 0
0.201 12.6164 0 4.71302 0 0.0089399 0
0.2015 12.6478 0 4.72474 0 0.00896214 0
0.202 12.6792 0 4.73646 0 0.00898438 0
0.2025 12.7106 0 4.74819 0 0.00900662 0
0.203 12.7419 0 4.75991 0 0.00902886 0
0.2035 12.7733 0 4.77164 0 0.0090511 0
0.204 12.8047 0 4.78336 0 0.00907334 0
0.2045 12.8361 0 4.79508 0 0.00909557 0
0.205 12.8675 0 4.80681 0 0.00911781 0
0.2055 12.8989 0 4.81853 0 0.00914005 0
0.206 12.9302 0 4.83026 0 0.00916229 0
0.2065 12.9616 0 4.84198 0 0.00918453 0
0.207 12.993 0 4.8537 0 0.00920677 0
0.2075 13.0244 0 4.86543 0 0.00922901 0
0.208 13.0558 0 4.87715 0 0.00925124 0
0.2085 13.0872 0 4.88887 0 0.00927348 0
0.209 13.1185 0 4.9006 0 0.00929572 0
0.2095 13.1499 0 4.91232 0 0.00931796 0
0.21 13.1813 0 4.92405 0 0.0093402 0
0.2105 13.2127 0 4.93577 0 0.00936244 0
0.211 13.2441 0 4.94749 0 0.00938468 0
0.2115 13.2755 0 4.95922 0 0.00940691 0
0.212 13.3068 0 4.97094 0 0.00942915 0
0.2125 13.3382 0 4.98267 0 0.00945139 0
0.213 13.3696 0 4.99439 0 0.00947363 0
0.2135 13.401 0 5.00611 0 0.00949587 0
0.214 13.4324 0 5.01784 0 0.00951811 0
0.2145 13.4638 0 5.02956 0 0.00954035 0
0.215 13.4952 0 5.04129 0 0.00956258 0
0.2155 13.5265 0 5.05301 0 0.00958482 0
0.216 13.5579 0 5.06473 0 0.00960706 0
0.2165 13.5893 0 5.07646 0 0.0096293 0
0.217 13.6207 0 5.08818 0 0.00965154 0
0.2175 13.6521 0 5.09991 0 0.00967378 0
0.218 13.6835 0 5.11163 0 0.00969602 0
0.2185 13.7148 0 5.12335 0 0.00971825 0
0.219 13.7462 0 5.13508 0 0.00974049 0
0.2195 13.7776 0 5.1468 0 0.00976273 0
0.22 13.809 0 5.15852 0 0.00978497 0
0.2205 13.8404 0 5.17025 0 0.00980721 0
0.221 13.8718 0 5.18197 0 0.00982945 0
0.2215 13.9031 0 5.1937 0 0.00985169 0
0.222 13.9345 0 5.20542 0 0.00987392 0
0.2225 13.9659 0 5.21714 0 0.00989616 0
0.223 13.9973 0 5.22887 0 0.0099184 0
0.2235 14.0287 0 5.24059 0 0.00994064 0
0.224 14.0601 0 5.25232 0 0.00996288 0
0.2245 14.0915 0 5.26404 0 0.00998512 0
0.225 14.1228 0 5.27576 0 0.0100074 0
0.2255 14.1542 0 5.28749 0 0.0100296 0
0.226 14.1856 0 5.29921 0 0.0100518 0
0.2265 14.217 0 5.31094 0 0.0100741 0
0.227 14.2484 0 5.32266 0 0.0100963 0
0.2275 14.2798 0 5.33438 0 0.0101185 0
0.228 14.3111 0 5.34611 0 0.0101408 0
0.2285 14.3425 0 5.35783 0 0.010163 0
0.229 14.3739 0 5.36956 0 0.0101853 0
0.2295 14.4053 0 5.38128 0 0.0102075 0
0.23 14.4367 0 5.393 0 0.0102297 0
0.2305 14.4681 0 5.40473 0 0.010252 0
0.231 14.4994 0 5.41645 0 0.0102742 0
0.2315 14.5308 0 5.42817 0 0.0102965 0
0.232 14.5622 0 5.4399 0 0.0103187 0
0.2325 14.5936 0 5.45162 0 0.0103409 0
0.233 14.625 0 5.46335 0 0.0103632 0
0.2335 14.6564 0 5.47507 0 0.0103854 0
0.234 14.6877 0 5.48679 0 0.0104077 0
0.2345 14.7191 0 5.49852 0 0.0104299 0
0.235 14.7505 0 5.51024 0 0.0104521 0
0.2355 14.7819 0 5.52197 0 0.0104744 0
0.236 14.8133 0 5.53369 0 0.0104966 0
0.2365 14.8447 0 5.54541 0 0.0105188 0
0.237 14.8761 0 5.55714 0 0.0105411 0
0.2375 14.9074 0 5.56886 0 0.0105633 0
0.238 14.9388 0 5.58059 0 0.0105856 0
0.2385 14.9702 0 5.59231 0 0.0106078 0
0.239 15.0016 0 5.60403 0 0.01063 0
0.2395 15.033 0 5.61576 0 0.0106523 0
0.24 15.0644 0 5.62748 0 0.0106745 0
0.2405 15.0957 0 5.63921 0 0.0106968 0
0.241 15.1271 0 5.65093 0 0.010719 0
0.2415 15.1585 0 5.66265 0 0.0107412 0
0.242 15.1899 0 5.67438 0 0.0107635 0
0.2425 15.2213 0 5.6861 0 0.0107857 0
0.243 15.2527 0 5.69783 0 0.0108079 0
0.2435 15.284 0 5.70955 0 0.0108302 0
0.244 15.3154 0 5.72127 0 0.0108524 0
0.2445 15.3468 0 5.733 0 0.0108747 0
0.245 15.3782 0 5.74472 0 0.0108969 0
0.2455 15.4096 0 5.75644 0 0.0109191 0
0.246 15.441 0 5.76817 0 0.0109414 0
0.2465 15.4724 0 5.77989 0 0.0109636 0
0.247 15.5037 0 5.79162 0 0.0109859 0
0.2475 15.5351 0 5.80334 0 0.0110081 0
0.248 15.5665 0 5.81506 0 0.0110303 0
0.2485 15.5979 0 5.82679 0 0.0110526 0
0.249 15.6293 0 5.83851 0 0.0110748 0
0.2495 15.6607 0 5.85024 0 0.011097 0
0.25 15.692 0 5.86196 0 0.0111193 0
0.2505 15.7234 0 5.87368 0 0.0111415 0
0.251 15.7548 0 5.88541 0 0.0111638 0
0.2515 15.7862 0 5.89713 0 0.011186 0
0.252 15.8176 0 5.90886 0 0.0112082 0
0.2525 15.849 0 5.92058 0 0.0112305 0
0.253 15.8803 0 5.9323 0 0.0112527 0
0.2535 15.9117 0 5.94403 0 0.011275 0
0.254 15.9431 0 5.95575 0 0.0112972 0
0.2545 15.9745 0 5.96748 0 0.0113194 0
0.255 16.0059 0 5.9792 0 0.0113417 0
0.2555 16.0373 0 5.99092 0 0.0113639 0
0.256 16.0686 0 6.00265 0 0.0113861 0
0.2565 16.1 0 6.01437 0 0.0114084 0
0.257 16.1314 0 6.02609 0 0.0114306 0
0.2575 16.1628 0 6.03782 0 0.0114529 0
0.258 16.1942 0 6.04954 0 0.0114751 0
0.2585 16.2256 0 6.06127 0 0.0114973 0
0.259 16.257 0 6.07299 0 0.0115196 0
0.2595 16.2883 0 6.08471 0 0.0115418 0
0.26 16.3197 0 6.09644 0 0.0115641 0
0.2605 16.3511 0 6.10816 0 0.0115863 0
0.261 16.3825 0 6.11989 0 0.0116085 0
0.2615 16.4139 0 6.13161 0 0.0116308 0
0.262 16.4453 0 6.14333 0 0.011653 0
0.2625 16.4766 0 6.15506 0 0.0116752 0
0.263 16.508 0 6.16678 0 0.0116975 0
0.2635 16.5394 0 6.17851 0 0.0117197 0
0.264 16.5708 0 6.19023 0 0.011742 0
0.2645 16.6022 0 6.20195 0 0.0117642 0
0.265 16.6336 0 6.21368 0 0.0117864 0
0.2655 16.6649 0 6.2254 0 0.0118087 0
0.266 16.6963 0 6.23713 0 0.0118309 0
0.2665 16.7277 0 6.24885 0 0.0118532 0
0.267 16.7591 0 6.26057 0 0.0118754 0
0.2675 16.7905 0 6.2723 0 0.0118976 0
0.268 16.8219 0 6.28402 0 0.0119199 0
0.2685 16.8533 0 6.29575 0 0.0119421 0
0.269 16.8846 0 6.30747 0 0.0119644 0
0.2695 16.916 0 6.31919 0 0.0119866 0
0.27 16.9474 0 6.33092 0 0.0120088 0
0.2705 16.9788 0 6.34264 0 0.0120311 0
0.271 17.0102 0 6.35436 0 0.0120533 0
0.2715 17.0416 0 6.36609 0 0.0120755 0
0.272 17.0729 0 6.37781 0 0.0120978 0
0.2725 17.1043 0 6.38954 0 0.01212 0
0.273 17.1357 0 6.40126 0 0.0121423 0
0.2735 17.1671 0 6.41298 0 0.0121645 0
0.274 17.1985 0 6.42471 0 0.0121867 0
0.2745 17.2299 0 6.43643 0 0.012209 0
0.275 17.2612 0 6.44816 0 0.0122312 0
0.2755 17.2926 0 6.45988 0 0.0122535 0
0.276 17.324 0 6.4716 0 0.0122757 0
0.2765 17.3554 0 6.48333 0 0.0122979 0
0.277 17.3868 0 6.49505 0 0.0123202 0
0.2775 17.4182 0 6.50678 0 0.0123424 0
0.278 17.4495 0 6.5185 0 0.0123646 0
0.2785 17.4809 0 6.53022 0 0.0123869 0
0.279 17.5123 0 6.54195 0 0.0124091 0
0.2795 17.5437 0 6.55367 0 0.0124314 0
0.28 17.5751 0 6.5654 0 0.0124536 0
0.2805 17.6065 0 6.57712 0 0.0124758 0
0.281 17.6379 0 6.58884 0 0.0124981 0
0.2815 17.6692 0 6.60057 0 0.0125203 0
0.282 17.7006 0 6.61229 0 0.0125426 0
0.2825 17.732 0 6.62401 0 0.0125648 0
0.283 17.7634 0 6.63574 0 0.012587 0
0.2835 17.7948 0 6.64746 0 0.0126093 0
0.284 17.8262 0 6.65919 0 0.0126315 0
0.2845 17.8575 0 6.67091 0 0.0126537 0
0.285 17.8889 0 6.68263 0 0.012676 0
0.2855 17.9203 0 6.69436 0 0.0126982 0
0.286 17.9517 0 6.70608 0 0.0127205 0
0.2865 17.9831 0 6.71781 0 0.0127427 0
0.287 18.0145 0 6.72953 0 0.0127649 0
0.2875 18.0458 0 6.74125 0 0.0127872 0
0.288 18.0772 0 6.75298 0 0.0128094 0
0.2885 18.1086 0 6.7647 0 0.0128317 0
0.289 18.14 0 6.77643 0 0.0128539 0
0.2895 18.1714 0 6.78815 0 0.0128761 0
0.29 18.2028 0 6.79987 0 0.0128984 0
0.2905 18.2341 0 6.8116 0 0.0129206 0
0.291 18.2655 0 6.82332 0 0.0129428 0
0.2915 18.2969 0 6.83505 0 0.0129651 0
0.292 18.3283 0 6.84677 0 0.0129873 0
0.2925 18.3597 0 6.85849 0 0.0130096 0
0.293 18.3911 0 6.87022 0 0.0130318 0
0.2935 18.4225 0 6.88194 0 0.013054 0
0.294 18.4538 0 6.89366 0 0.0130763 0
0.2945 18.4852 0 6.90539 0 0.0130985 0
0.295 18.5166 0 6.91711 0 0.0131208 0
0.2955 18.548 0 6.92884 0 0.013143 0
0.296 18.5794 0 6.94056 0 0.0131652 0
0.2965 18.6108 0 6.95228 0 0.0131875 0
0.297 18.6421 0 6.96401 0 0.0132097 0
0.2975 18.6735 0 6.97573 0 0.0132319 0
0.298 18.7049 0 6.98746 0 0.0132542 0
0.2985 18.7363 0 6.99918 0 0.0132764 0
0.299 18.7677 0 7.0109 0 0.0132987 0
0.2995 18.7991 0 7.02263 0 0.0133209 0
0.3 18.8304 0 7.03435 0 0.0133431 0
0.3005 18.8618 0 7.04608 0 0.0133654 0
0.301 18.8932 0 7.0578 0 0.0133876 0
0.3015 18.9246 0 7.06952 0 0.0134099 0
0.302 18.956 0 7.08125 0 0.0134321 0
0.3025 18.9874 0 7.09297 0 0.0134543 0
0.303 19.0188 0 7.1047 0 0.0134766 0
0.3035 19.0501 0 7.11642 0 0.0134988 0
0.304 19.0815 0 7.12814 0 0.0135211 0
0.3045 19.1129 0 7.13987 0 0.0135433 0
0.305 19.1443 0 7.15159 0 0.0135655 0
0.3055 19.1757 0 7.16332 0 0.0135878 0
0.306 19.2071 0 7.17504 0 0.01361 0
0.3065 19.2384 0 7.18676 0 0.0136322 0
0.307 19.2698 0 7.19849 0 0.0136545 0
0.3075 19.3012 0 7.21021 0 0.0136767 0
0.308 19.3326 0 7.22193 0 0.013699 0
0.3085 19.364 0 7.23366 0 0.0137212 0
0.309 19.3954 0 7.24538 0 0.0137434 0
0.3095 19.4267 0 7.25711 0 0.0137657 0
0.31 19.4581 0 7.26883 0 0.0137879 0
0.3105 19.4895 0 7.28055 0 0.0138102 0
0.311 19.5209 0 7.29228 0 0.0138324 0
0.3115 19.5523 0 7.304 0 0.0138546 0
0.312 19.5837 0 7.31573 0 0.0138769 0
0.3125 19.615 0 7.32745 0 0.0138991 0
0.313 19.6464 0 7.33917 0 0.0139213 0
0.3135 19.6778 0 7.3509 0 0.0139436 0
0.314 19.7092 0 7.36262 0 0.0139658 0
0.3145 19.7406 0 7.37435 0 0.0139881 0
0.315 19.772 0 7.38607 0 0.0140103 0
0.3155 19.8034 0 7.39779 0 0.0140325 0
0.316 19.8347 0 7.40952 0 0.0140548 0
0.3165 19.8661 0 7.42124 0 0.014077 0
0.317 19.8975 0 7.43297 0 0.0140993 0
0.3175 19.9289 0 7.44469 0 0.0141215 0
0.318 19.9603 0 7.45641 0 0.0141437 0
0.3185 19.9917 0 7.46814 0 0.014166 0
0.319 20.023 0 7.47986 0 0.0141882 0
0.3195 20.0544 0 7.49158 0 0.0142104 0
0.32 20.0858 0 7.50331 0 0.0142327 0
0.3205 20.1172 0 7.51503 0 0.0142549 0
0.321 20.1486 0 7.52676 0 0.0142772 0
0.3215 20.18 0 7.53848 0 0.0142994 0
0.322 20.2113 0 7.5502 0 0.0143216 0
0.3225 20.2427 0 7.56193 0 0.0143439 0
0.323 20.2741 0 7.57365 0 0.0143661 0
0.3235 20.3055 0 7.58538 0 0.0143884 0
0.324 20.3369 0 7.5971 0 0.0144106 0
0.3245 20.3683 0 7.60882 0 0.0144328 0
0.325 20.3997 0 7.62055 0 0.0144551 0
0.3255 20.431 0 7.63227 0 0.0144773 0
0.326 20.4624 0 7.644 0 0.0144995 0
0.3265 20.4938 0 7.65572 0 0.0145218 0
0.327 20.5252 0 7.66744 0 0.014544 0
0.3275 20.5566 0 7.67917 0 0.0145663 0
0.328 20.588 0 7.69089 0 0.0145885 0
0.3285 20.6193 0 7.70262 0 0.0146107 0
0.329 20.6507 0 7.71434 0 0.014633 0
0.3295 20.6821 0 7.72606 0 0.0146552 0
0.33 20.7135 0 7.73779 0 0.0146775 0
0.3305 20.7449 0 7.74951 0 0.0146997 0
0.331 20.7763 0 7.76124 0 0.0147219 0
0.3315 20.8076 0 7.77296 0 0.0147442 0
0.332 20.839 0 7.78468 0 0.0147664 0
0.3325 20.8704 0 7.79641 0 0.0147886 0
0.333 20.9018 0 7.80813 0 0.0148109 0
0.3335 20.9332 0 7.81985 0 0.0148331 0
0.334 20.9646 0 7.83158 0 0.0148554 0
0.3345 20.9959 0 7.8433 0 0.0148776 0
0.335 21.0273 0 7.85503 0 0.0148998 0
0.3355 21.0587 0 7.86675 0 0.0149221 0
0.336 21.0901 0 7.87847 0 0.0149443 0
0.3365 21.1215 0 7.8902 0 0.0149666 0
0.337 21.1529 0 7.90192 0 0.0149888 0
0.3375 21.1843 0 7.91365 0 0.015011 0
0.338 21.2156 0 7.92537 0 0.0150333 0
0.3385 21.247 0 7.93709 0 0.0150555 0
0.339 21.2784 0 7.94882 0 0.0150777 0
0.3395 21.3098 0 7.96054 0 0.0151 0
0.34 21.3412 0 7.97227 0 0.0151222 0
0.3405 21.3726 0 7.98399 0 0.0151445 0
0.341 21.4039 0 7.99571 0 0.0151667 0
0.3415 21.4353 0 8.00744 0 0.0151889 0
0.342 21.4667 0 8.01916 0 0.0152112 0
0.3425 21.4981 0 8.03089 0 0.0152334 0
0.343 21.5295 0 8.04261 0 0.0152557 0
0.3435 21.5609 0 8.05433 0 0.0152779 0
0.344 21.5922 0 8.06606 0 0.0153001 0
0.3445 21.6236 0 8.07778 0 0.0153224 0
0.345 21.655 0 8.0895 0 0.0153446 0
0.3455 21.6864 0 8.10123 0 0.0153669 0
0.346 21.7178 0 8.11295 0 0.0153891 0
0.3465 21.7492 0 8.12468 0 0.0154113 0
0.347 21.7806 0 8.1364 0 0.0154336 0
0.3475 21.8119 0 8.14812 0 0.0154558 0
0.348 21.8433 0 8.15985 0 0.015478 0
0.3485 21.8747 0 8.17157 0 0.0155003 0
0.349 21.9061 0 8.1833 0 0.0155225 0
0.3495 21.9375 0 8.19502 0 0.0155448 0
0.35 21.9689 0 8.20674 0 0.015567 0
0.3505 22.0002 0 8.21847 0 0.0155892 0
0.351 22.0316 0 8.23019 0 0.0156115 0
0.3515 22.063 0 8.24192 0 0.0156337 0
0.352 22.0944 0 8.25364 0 0.015656 0
0.3525 22.1258 0 8.26536 0 0.0156782 0
0.353 22.1572 0 8.27709 0 0.0157004 0
0.3535 22.1885 0 8.28881 0 0.0157227 0
0.354 22.2199 0 8.30054 0 0.0157449 0
0.3545 22.2513 0 8.31226 0 0.0157671 0
0.355 22.2827 0 8.32398 0 0.0157894 0
0.3555 22.3141 0 8.33571 0 0.0158116 0
0.356 22.3455 0 8.34743 0 0.0158339 0
0.3565 22.3768 0 8.35915 0 0.0158561 0
0.357 22.4082 0 8.37088 0 0.0158783 0
0.3575 22.4396 0 8.3826 0 0.0159006 0
0.358 22.471 0 8.39433 0 0.0159228 0
0.3585 22.5024 0 8.40605 0 0.0159451 0
0.359 22.5338 0 8.41777 0 0.0159673 0
0.3595 22.5652 0 8.4295 0 0.0159895 0
0.36 22.5965 0 8.44122 0 0.0160118 0
0.3605 22.6279 0 8.45295 0 0.016034 0
0.361 22.6593 0 8.46467 0 0.0160562 0
0.3615 22.6907 0 8.47639 0 0.0160785 0
0.362 22.7221 0 8.48812 0 0.0161007 0
0.3625 22.7535 0 8.49984 0 0.016123 0
0.363 22.7848 0 8.51157 0 0.0161452 0
0.3635 22.8162 0 8.52329 0 0.0161674 0
0.364 22.8476 0 8.53501 0 0.0161897 0
0.3645 22.879 0 8.54674 0 0.0162119 0
0.365 22.9104 0 8.55846 0 0.0162342 0
0.3655 22.9418 0 8.57019 0 0.0162564 0
0.366 22.9731 0 8.58191 0 0.0162786 0
0.3665 23.0045 0 8.59363 0 0.0163009 0
0.367 23.0359 0 8.60536 0 0.0163231 0
0.3675 23.0673 0 8.61708 0 0.0163453 0
0.368 23.0987 0 8.62881 0 0.0163676 0
0.3685 23.1301 0 8.64053 0 0.0163898 0
0.369 23.1615 0 8.65225 0 0.0164121 0
0.3695 23.1928 0 8.66398 0 0.0164343 0
0.37 23.2242 0 8.6757 0 0.0164565 0
0.3705 23.2556 0 8.68742 0 0.0164788 0
0.371 23.287 0 8.69915 0 0.016501 0
0.3715 23.3184 0 8.71087 0 0.0165233 0
0.372 23.3498 0 8.7226 0 0.0165455 0
0.3725 23.3811 0 8.73432 0 0.0165677 0
0.373 23.4125 0 8.74604 0 0.01659 0
0.3735 23.4439 0 8.75777 0 0.0166122 0
0.374 23.4753 0 8.76949 0 0.0166344 0
0.3745 23.5067 0 8.78122 0 0.0166567 0
0.375 23.5381 0 8.79294 0 0.0166789 0
0.3755 23.5694 0 8.80466 0 0.0167012 0
0.376 23.6008 0 8.81639 0 0.0167234 0
0.3765 23.6322 0 8.82811 0 0.0167456 0
0.377 23.6636 0 8.83984 0 0.0167679 0
0.3775 23.695 0 8.85156 0 0.0167901 0
0.378 23.7264 0 8.86328 0 0.0168124 0
0.3785 23.7577 0 8.87501 0 0.0168346 0
0.379 23.7891 0 8.88673 0 0.0168568 0
0.3795 23.8205 0 8.89846 0 0.0168791 0
0.38 23.8519 0 8.91018 0 0.0169013 0
0.3805 23.8833 0 8.9219 0 0.0169236 0
0.381 23.9147 0 8.93363 0 0.0169458 0
0.3815 23.9461 0 8.94535 0 0.016968 0
0.382 23.9774 0 8.95707 0 0.0169903 0
0.3825 24.0088 0 8.9688 0 0.0170125 0
0.383 24.0402 0 8.98052 0 0.0170347 0
0.3835 24.0716 0 8.99225 0 0.017057 0
0.384 24.103 0 9.00397 0 0.0170792 0
0.3845 24.1344 0 9.01569 0 0.0171015 0
0.385 24.1657 0 9.02742 0 0.0171237 0
0.3855 24.1971 0 9.03914 0 0.0171459 0
0.386 24.2285 0 9.05087 0 0.0171682 0
0.3865 24.2599 0 9.06259 0 0.0171904 0
0.387 24.2913 0 9.07431 0 0.0172127 0
0.3875 24.3227 0 9.08604 0 0.0172349 0
0.388 24.354 0 9.09776 0 0.0172571 0
0.3885 24.3854 0 9.10949 0 0.0172794 0
0.389 24.4168 0 9.12121 0 0.0173016 0
0.3895 24.4482 0 9.13293 0 0.0173238 0
0.39 24.4796 0 9.14466 0 0.0173461 0
0.3905 24.511 0 9.15638 0 0.0173683 0
0.391 24.5423 0 9.16811 0 0.0173906 0
0.3915 24.5737 0 9.17983 0 0.0174128 0
0.392 24.6051 0 9.19155 0 0.017435 0
0.3925 24.6365 0 9.20328 0 0.0174573 0
0.393 24.6679 0 9.215 0 0.0174795 0
0.3935 24.6993 0 9.22673 0 0.0175018 0
0.394 24.7307 0 9.23845 0 0.017524 0
0.3945 24.762 0 9.25017 0 0.0175462 0
0.395 24.7934 0 9.2619 0 0.0175685 0
0.3955 24.8248 0 9.27362 0 0.0175907 0
0.396 24.8562 0 9.28534 0 0.0176129 0
0.3965 24.8876 0 9.29707 0 0.0176352 0
0.397 24.919 0 9.30879 0 0.0176574 0
0.3975 24.9503 0 9.32052 0 0.0176797 0
0.398 24.9817 0 9.33224 0 0.0177019 0
0.3985 25.0131 0 9.34396 0 0.0177241 0
0.399 25.0445 0 9.35569 0 0.0177464 0
0.3995 25.0759 0 9.36741 0 0.0177686 0
0.4 25.1073 0 9.37914 0 0.0177909 0
0.4005 25.1386 0 9.39086 0 0.0178131 0
0.401 25.17 0 9.40258 0 0.0178353 0
0.4015 25.2014 0 9.41431 0 0.0178576 0
0.402 25.2328 0 9.42603 0 0.0178798 0
0.4025 25.2642 0 9.43776 0 0.017902 0
0.403 25.2956 0 9.44948 0 0.0179243 0
0.4035 25.327 0 9.4612 0 0.0179465 0
0.404 25.3583 0 9.47293 0 0.0179688 0
0.4045 25.3897 0 9.48465 0 0.017991 0
0.405 25.4211 0 9.49638 0 0.0180132 0
0.4055 25.4525 0 9.5081 0 0.0180355 0
0.406 25.4839 0 9.51982 0 0.0180577 0
0.4065 25.5153 0 9.53155 0 0.01808 0
0.407 25.5466 0 9.54327 0 0.0181022 0
0.4075 25.578 0 9.55499 0 0.0181244 0
0.408 25.6094 0 9.56672 0 0.0181467 0
0.4085 25.6408 0 9.57844 0 0.0181689 0
0.409 25.6722 0 9.59017 0 0.0181911 0
0.4095 25.7036 0 9.60189 0 0.0182134 0
0.41 25.7349 0 9.61361 0 0.0182356 0
0.4105 25.7663 0 9.62534 0 0.0182579 0
0.411 25.7977 0 9.63706 0 0.0182801 0
0.4115 25.8291 0 9.64879 0 0.0183023 0
0.412 25.8605 0 9.66051 0 0.0183246 0
0.4125 25.8919 0 9.67223 0 0.0183468 0
0.413 25.9232 0 9.68396 0 0.0183691 0
0.4135 25.9546 0 9.69568 0 0.0183913 0
0.414 25.986 0 9.70741 0 0.0184135 0
0.4145 26.0174 0 9.71913 0 0.0184358 0
0.415 26.0488 0 9.73085 0 0.018458 0
0.4155 26.0802 0 9.74258 0 0.0184803 0
0.416 26.1116 0 9.7543 0 0.0185025 0
0.4165 26.1429 0 9.76603 0 0.0185247 0
0.417 26.1743 0 9.77775 0 0.018547 0
0.4175 26.2057 0 9.78947 0 0.0185692 0
0.418 26.2371 0 9.8012 0 0.0185914 0
0.4185 26.2685 0 9.81292 0 0.0186137 0
0.419 26.2999 0 9.82464 0 0.0186359 0
0.4195 26.3312 0 9.83637 0 0.0186582 0
0.42 26.3626 0 9.84809 0 0.0186804 0
0.4205 26.394 0 9.85982 0 0.0187026 0
0.421 26.4254 0 9.87154 0 0.0187249 0
0.4215 26.4568 0 9.88326 0 0.0187471 0
0.422 26.4882 0 9.89499 0 0.0187694 0
0.4225 26.5195 0 9.90671 0 0.0187916 0
0.423 26.5509 0 9.91844 0 0.0188138 0
0.4235 26.5823 0 9.93016 0 0.0188361 0
0.424 26.6137 0 9.94188 0 0.0188583 0
0.4245 26.6451 0 9.95361 0 0.0188805 0
0.425 26.6765 0 9.96533 0 0.0189028 0
0.4255 26.7079 0 9.97706 0 0.018925 0
0.426 26.7392 0 9.98878 0 0.0189473 0
0.4265 26.7706 0 10.0005 0 0.0189695 0
0.427 26.802 0 10.0122 0 0.0189917 0
0.4275 26.8334 0 10.024 0 0.019014 0
0.428 26.8648 0 10.0357 0 0.0190362 0
0.4285 26.8962 0 10.0474 0 0.0190585 0
0.429 26.9275 0 10.0591 0 0.0190807 0
0.4295 26.9589 0 10.0708 0 0.0191029 0
0.43 26.9903 0 10.0826 0 0.0191252 0
0.4305 27.0217 0 10.0943 0 0.0191474 0
0.431 27.0531 0 10.106 0 0.0191696 0
0.4315 27.0845 0 10.1177 0 0.0191919 0
0.432 27.1158 0 10.1295 0 0.0192141 0
0.4325 27.1472 0 10.1412 0 0.0192364 0
0.433 27.1786 0 10.1529 0 0.0192586 0
0.4335 27.21 0 10.1646 0 0.0192808 0
0.434 27.2414 0 10.1764 0 0.0193031 0
0.4345 27.2728 0 10.1881 0 0.0193253 0
0.435 27.3041 0 10.1998 0 0.0193476 0
0.4355 27.3355 0 10.2115 0 0.0193698 0
0.436 27.3669 0 10.2233 0 0.019392 0
0.4365 27.3983 0 10.235 0 0.0194143 0
0.437 27.4297 0 10.2467 0 0.0194365 0
0.4375 27.4611 0 10.2584 0 0.0194587 0
0.438 27.4925 0 10.2702 0 0.019481 0
0.4385 27.5238 0 10.2819 0 0.0195032 0
0.439 27.5552 0 10.2936 0 0.0195255 0
0.4395 27.5866 0 10.3053 0 0.0195477 0
0.44 27.618 0 10.317 0 0.0195699 0
0.4405 27.6494 0 10.3288 0 0.0195922 0
0.441 27.6808 0 10.3405 0 0.0196144 0
0.4415 27.7121 0 10.3522 0 0.0196367 0
0.442 27.7435 0 10.3639 0 0.0196589 0
0.4425 27.7749 0 10.3757 0 0.0196811 0
0.443 27.8063 0 10.3874 0 0.0197034 0
0.4435 27.8377 0 10.3991 0 0.0197256 0
0.444 27.8691 0 10.4108 0 0.0197478 0
0.4445 27.9004 0 10.4226 0 0.0197701 0
0.445 27.9318 0 10.4343 0 0.0197923 0
0.4455 27.9632 0 10.446 0 0.0198146 0
0.446 27.9946 0 10.4577 0 0.0198368 0
0.4465 28.026 0 10.4695 0 0.019859 0
0.447 28.0574 0 10.4812 0 0.0198813 0
0.4475 28.0888 0 10.4929 0 0.0199035 0
0.448 28.1201 0 10.5046 0 0.0199258 0
0.4485 28.1515 0 10.5164 0 0.019948 0
0.449 28.1829 0 10.5281 0 0.0199702 0
0.4495 28.2143 0 10.5398 0 0.0199925 0
0.45 28.2457 0 10.5515 0 0.0200147 0
0.4505 28.2771 0 10.5633 0 0.020037 0
0.451 28.3084 0 10.575 0 0.0200592 0
0.4515 28.3398 0 10.5867 0 0.0200814 0
0.452 28.3712 0 10.5984 0 0.0201037 0
0.4525 28.4026 0 10.6101 0 0.0201259 0
0.453 28.434 0 10.6219 0 0.0201481 0
0.4535 28.4654 0 10.6336 0 0.0201704 0
0.454 28.4967 0 10.6453 0 0.0201926 0
0.4545 28.5281 0 10.657 0 0.0202149 0
0.455 28.5595 0 10.6688 0 0.0202371 0
0.4555 28.5909 0 10.6805 0 0.0202593 0
0.456 28.6223 0 10.6922 0 0.0202816 0
0.4565 28.6537 0 10.7039 0 0.0203038 0
0.457 28.685 0 10.7157 0 0.0203261 0
0.4575 28.7164 0 10.7274 0 0.0203483 0
0.458 28.7478 0 10.7391 0 0.0203705 0
0.4585 28.7792 0 10.7508 0 0.0203928 0
0.459 28.8106 0 10.7626 0 0.020415 0
0.4595 28.842 0 10.7743 0 0.0204372 0
0.46 28.8734 0 10.786 0 0.0204595 0
0.4605 28.9047 0 10.7977 0 0.0204817 0
0.461 28.9361 0 10.8095 0 0.020504 0
0.4615 28.9675 0 10.8212 0 0.0205262 0
0.462 28.9989 0 10.8329 0 0.0205484 0
0.4625 29.0303 0 10.8446 0 0.0205707 0
0.463 29.0617 0 10.8563 0 0.0205929 0
0.4635 29.093 0 10.8681 0 0.0206152 0
0.464 29.1244 0 10.8798 0 0.0206374 0
0.4645 29.1558 0 10.8915 0 0.0206596 0
0.465 29.1872 0 10.9032 0 0.0206819 0
0.4655 29.2186 0 10.915 0 0.0207041 0
0.466 29.25 0 10.9267 0 0.0207263 0
0.4665 29.2813 0 10.9384 0 0.0207486 0
0.467 29.3127 0 10.9501 0 0.0207708 0
0.4675 29.3441 0 10.9619 0 0.0207931 0
0.468 29.3755 0 10.9736 0 0.0208153 0
0.4685 29.4069 0 10.9853 0 0.0208375 0
0.469 29.4383 0 10.997 0 0.0208598 0
0.4695 29.4697 0 11.0088 0 0.020882 0
0.47 29.501 0 11.0205 0 0.0209043 0
0.4705 29.5324 0 11.0322 0 0.0209265 0
0.471 29.5638 0 11.0439 0 0.0209487 0
0.4715 29.5952 0 11.0557 0 0.020971 0
0.472 29.6266 0 11.0674 0 0.0209932 0
0.4725 29.658 0 11.0791 0 0.0210154 0
0.473 29.6893 0 11.0908 0 0.0210377 0
0.4735 29.7207 0 11.1026 0 0.0210599 0
0.474 29.7521 0 11.1143 0 0.0210822 0
0.4745 29.7835 0 11.126 0 0.0211044 0
0.475 29.8149 0 11.1377 0 0.0211266 0
0.4755 29.8463 0 11.1494 0 0.0211489 0
0.476 29.8776 0 11.1612 0 0.0211711 0
0.4765 29.909 0 11.1729 0 0.0211934 0
0.477 29.9404 0 11.1846 0 0.0212156 0
0.4775 29.9718 0 11.1963 0 0.0212378 0
0.478 30.0032 0 11.2081 0 0.0212601 0
0.4785 30.0346 0 11.2198 0 0.0212823 0
0.479 30.0659 0 11.2315 0 0.0213045 0
0.4795 30.0973 0 11.2432 0 0.0213268 0
0.48 30.1287 0 11.255 0 0.021349 0
0.4805 30.1601 0 11.2667 0 0.0213713 0
0.481 30.1915 0 11.2784 0 0.0213935 0
0.4815 30.2229 0 11.2901 0 0.0214157 0
0.482 30.2543 0 11.3019 0 0.021438 0
0.4825 30.2856 0 11.3136 0 0.0214602 0
0.483 30.317 0 11.3253 0 0.0214825 0
0.4835 30.3484 0 11.337 0 0.0215047 0
0.484 30.3798 0 11.3488 0 0.0215269 0
0.4845 30.4112 0 11.3605 0 0.0215492 0
0.485 30.4426 0 11.3722 0 0.0215714 0
0.4855 30.4739 0 11.3839 0 0.0215937 0
0.486 30.5053 0 11.3957 0 0.0216159 0
0.4865 30.5367 0 11.4074 0 0.0216381 0
0.487 30.5681 0 11.4191 0 0.0216604 0
0.4875 30.5995 0 11.4308 0 0.0216826 0
0.488 30.6309 0 11.4425 0 0.0217048 0
0.4885 30.6622 0 11.4543 0 0.0217271 0
0.489 30.6936 0 11.466 0 0.0217493 0
0.4895 30.725 0 11.4777 0 0.0217716 0
0.49 30.7564 0 11.4894 0 0.0217938 0
0.4905 30.7878 0 11.5012 0 0.021816 0
0.491 30.8192 0 11.5129 0 0.0218383 0
0.4915 30.8505 0 11.5246 0 0.0218605 0
0.492 30.8819 0 11.5363 0 0.0218828 0
0.4925 30.9133 0 11.5481 0 0.021905 0
0.493 30.9447 0 11.5598 0 0.0219272 0
0.4935 30.9761 0 11.5715 0 0.0219495 0
0.494 31.0075 0 11.5832 0 0.0219717 0
0.4945 31.0389 0 11.595 0 0.0219939 0
0.495 31.0702 0 11.6067 0 0.0220162 0
0.4955 31.1016 0 11.6184 0 0.0220384 0
0.496 31.133 0 11.6301 0 0.0220607 0
0.4965 31.1644 0 11.6419 0 0.0220829 0
0.497 31.1958 0 11.6536 0 0.0221051 0
0.4975 31.2272 0 11.6653 0 0.0221274 0
0.498 31.2585 0 11.677 0 0.0221496 0
0.4985 31.2899 0 11.6887 0 0.0221719 0
0.499 31.3213 0 11.7005 0 0.0221941 0
0.4995 31.3527 0 11.7122 0 0.0222163 0
0.5 31.3841 0 11.7239 0 0.0222386 0
0.5005 31.4155 0 11.7356 0 0.0222608 0
0.501 31.4468 0 11.7474 0 0.022283 0
0.5015 31.4782 0 11.7591 0 0.0223053 0
0.502 31.5096 0 11.7708 0 0.0223275 0
0.5025 31.541 0 11.7825 0 0.0223498 0
0.503 31.5724 0 11.7943 0 0.022372 0
0.5035 31.6038 0 11.806 0 0.0223942 0
0.504 31.6352 0 11.8177 0 0.0224165 0
0.5045 31.6665 0 11.8294 0 0.0224387 0
0.505 31.6979 0 11.8412 0 0.022461 0
0.5055 31.7293 0 11.8529 0 0.0224832 0
0.506 31.7607 0 11.8646 0 0.0225054 0
0.5065 31.7921 0 11.8763 0 0.0225277 0
0.507 31.8235 0 11.8881 0 0.0225499 0
0.5075 31.8548 0 11.8998 0 0.0225721 0
0.508 31.8862 0 11.9115 0 0.0225944 0
0.5085 31.9176 0 11.9232 0 0.0226166 0
0.509 31.949 0 11.935 0 0.0226389 0
0.5095 31.9804 0 11.9467 0 0.0226611 0
0.51 32.0118 0 11.9584 0 0.0226833 0
0.5105 32.0431 0 11.9701 0 0.0227056 0
0.511 32.0745 0 11.9818 0 0.0227278 0
0.5115 32.1059 0 11.9936 0 0.0227501 0
0.512 32.1373 0 12.0053 0 0.0227723 0
0.5125 32.1687 0 12.017 0 0.0227945 0
0.513 32.2001 0 12.0287 0 0.0228168 0
0.5135 32.2314 0 12.0405 0 0.022839 0
0.514 32.2628 0 12.0522 0 0.0228612 0
0.5145 32.2942 0 12.0639 0 0.0228835 0
0.515 32.3256 0 12.0756 0 0.0229057 0
0.5155 32.357 0 12.0874 0 0.022928 0
0.516 32.3884 0 12.0991 0 0.0229502 0
0.5165 32.4198 0 12.1108 0 0.0229724 0
0.517 32.4511 0 12.1225 0 0.0229947 0
0.5175 32.4825 0 12.1343 0 0.0230169 0
0.518 32.5139 0 12.146 0 0.0230392 0
0.5185 32.5453 0 12.1577 0 0.0230614 0
0.519 32.5767 0 12.1694 0 0.0230836 0
0.5195 32.6081 0 12.1812 0 0.0231059 0
0.52 32.6394 0 12.1929 0 0.0231281 0
0.5205 32.6708 0 12.2046 0 0.0231504 0
0.521 32.7022 0 12.2163 0 0.0231726 0
0.5215 32.7336 0 12.228 0 0.0231948 0
0.522 32.765 0 12.2398 0 0.0232171 0
0.5225 32.7964 0 12.2515 0 0.0232393 0
0.523 32.8277 0 12.2632 0 0.0232615 0
0.5235 32.8591 0 12.2749 0 0.0232838 0
0.524 32.8905 0 12.2867 0 0.023306 0
0.5245 32.9219 0 12.2984 0 0.0233283 0
0.525 32.9533 0 12.3101 0 0.0233505 0
0.5255 32.9847 0 12.3218 0 0.0233727 0
0.526 33.0161 0 12.3336 0 0.023395 0
0.5265 33.0474 0 12.3453 0 0.0234172 0
0.527 33.0788 0 12.357 0 0.0234395 0
0.5275 33.1102 0 12.3687 0 0.0234617 0
0.528 33.1416 0 12.3805 0 0.0234839 0
0.5285 33.173 0 12.3922 0 0.0235062 0
0.529 33.2044 0 12.4039 0 0.0235284 0
0.5295 33.2357 0 12.4156 0 0.0235506 0
0.53 33.2671 0 12.4274 0 0.0235729 0
0.5305 33.2985 0 12.4391 0 0.0235951 0
0.531 33.3299 0 12.4508 0 0.0236174 0
0.5315 33.3613 0 12.4625 0 0.0236396 0
0.532 33.3927 0 12.4743 0 0.0236618 0
0.5325 33.424 0 12.486 0 0.0236841 0
0.533 33.4554 0 12.4977 0 0.0237063 0
0.5335 33.4868 0 12.5094 0 0.0237286 0
0.534 33.5182 0 12.5211 0 0.0237508 0
0.5345 33.5496 0 12.5329 0 0.023773 0
0.535 33.581 0 12.5446 0 0.0237953 0
0.5355 33.6123 0 12.5563 0 0.0238175 0
0.536 33.6437 0 12.568 0 0.0238397 0
0.5365 33.6751 0 12.5798 0 0.023862 0
0.537 33.7065 0 12.5915 0 0.0238842 0
0.5375 33.7379 0 12.6032 0 0.0239065 0
0.538 33.7693 0 12.6149 0 0.0239287 0
0.5385 33.8007 0 12.6267 0 0.0239509 0
0.539 33.832 0 12.6384 0 0.0239732 0
0.5395 33.8634 0 12.6501 0 0.0239954 0
0.54 33.8948 0 12.6618 0 0.0240177 0
0.5405 33.9262 0 12.6736 0 0.0240399 0
0.541 33.9576 0 12.6853 0 0.0240621 0
0.5415 33.989 0 12.697 0 0.0240844 0
0.542 34.0203 0 12.7087 0 0.0241066 0
0.5425 34.0517 0 12.7205 0 0.0241288 0
0.543 34.0831 0 12.7322 0 0.0241511 0
0.5435 34.1145 0 12.7439 0 0.0241733 0
0.544 34.1459 0 12.7556 0 0.0241956 0
0.5445 34.1773 0 12.7673 0 0.0242178 0
0.545 34.2086 0 12.7791 0 0.02424 0
0.5455 34.24 0 12.7908 0 0.0242623 0
0.546 34.2714 0 12.8025 0 0.0242845 0
0.5465 34.3028 0 12.8142 0 0.0243068 0
0.547 34.3342 0 12.826 0 0.024329 0
0.5475 34.3656 0 12.8377 0 0.0243512 0
0.548 34.397 0 12.8494 0 0.0243735 0
0.5485 34.4283 0 12.8611 0 0.0243957 0
0.549 34.4597 0 12.8729 0 0.0244179 0
0.5495 34.4911 0 12.8846 0 0.0244402 0
0.55 34.5225 0 12.8963 0 0.0244624 0
0.5505 34.5539 0 12.908 0 0.0244847 0
0.551 34.5853 0 12.9198 0 0.0245069 0
0.5515 34.6166 0 12.9315 0 0.0245291 0
0.552 34.648 0 12.9432 0 0.0245514 0
0.5525 34.6794 0 12.9549 0 0.0245736 0
0.553 34.7108 0 12.9667 0 0.0245959 0
0.5535 34.7422 0 12.9784 0 0.0246181 0
0.554 34.7736 0 12.9901 0 0.0246403 0
0.5545 34.8049 0 13.0018 0 0.0246626 0
0.555 34.8363 0 13.0136 0 0.0246848 0
0.5555 34.8677 0 13.0253 0 0.0247071 0
0.556 34.8991 0 13.037 0 0.0247293 0
0.5565 34.9305 0 13.0487 0 0.0247515 0
0.557 34.9619 0 13.0604 0 0.0247738 0
0.5575 34.9932 0 13.0722 0 0.024796 0
0.558 35.0246 0 13.0839 0 0.0248182 0
0.5585 35.056 0 13.0956 0 0.0248405 0
0.559 35.0874 0 13.1073 0 0.0248627 0
0.5595 35.1188 0 13.1191 0 0.024885 0
0.56 35.1502 0 13.1308 0 0.0249072 0
0.5605 35.1816 0 13.1425 0 0.0249294 0
0.561 35.2129 0 13.1542 0 0.0249517 0
0.5615 35.2443 0 13.166 0 0.0249739 0
0.562 35.2757 0 13.1777 0 0.0249962 0
0.5625 35.3071 0 13.1894 0 0.0250184 0
0.563 35.3385 0 13.2011 0 0.0250406 0
0.5635 35.3699 0 13.2129 0 0.0250629 0
0.564 35.4012 0 13.2246 0 0.0250851 0
0.5645 35.4326 0 13.2363 0 0.0251073 0
0.565 35.464 0 13.248 0 0.0251296 0
0.5655 35.4954 0 13.2598 0 0.0251518 0
0.566 35.5268 0 13.2715 0 0.0251741 0
0.5665 35.5582 0 13.2832 0 0.0251963 0
0.567 35.5895 0 13.2949 0 0.0252185 0
0.5675 35.6209 0 13.3066 0 0.0252408 0
0.568 35.6523 0 13.3184 0 0.025263 0
0.5685 35.6837 0 13.3301 0 0.0252853 0
0.569 35.7151 0 13.3418 0 0.0253075 0
0.5695 35.7465 0 13.3535 0 0.0253297 0
0.57 35.7778 0 13.3653 0 0.025352 0
0.5705 35.8092 0 13.377 0 0.0253742 0
0.571 35.8406 0 13.3887 0 0.0253964 0
0.5715 35.872 0 13.4004 0 0.0254187 0
0.572 35.9034 0 13.4122 0 0.0254409 0
0.5725 35.9348 0 13.4239 0 0.0254632 0
0.573 35.9662 0 13.4356 0 0.0254854 0
0.5735 35.9975 0 13.4473 0 0.0255076 0
0.574 36.0289 0 13.4591 0 0.0255299 0
0.5745 36.0603 0 13.4708 0 0.0255521 0
0.575 36.0917 0 13.4825 0 0.0255744 0
0.5755 36.1231 0 13.4942 0 0.0255966 0
0.576 36.1545 0 13.506 0 0.0256188 0
0.5765 36.1858 0 13.5177 0 0.0256411 0
0.577 36.2172 0 13.5294 0 0.0256633 0
0.5775 36.2486 0 13.5411 0 0.0256855 0
0.578 36.28 0 13.5529 0 0.0257078 0
0.5785 36.3114 0 13.5646 0 0.02573 0
0.579 36.3428 0 13.5763 0 0.0257523 0
0.5795 36.3741 0 13.588 0 0.0257745 0
0.58 36.4055 0 13.5997 0 0.0257967 0
0.5805 36.4369 0 13.6115 0 0.025819 0
0.581 36.4683 0 13.6232 0 0.0258412 0
0.5815 36.4997 0 13.6349 0 0.0258635 0
0.582 36.5311 0 13.6466 0 0.0258857 0
0.5825 36.5625 0 13.6584 0 0.0259079 0
0.583 36.5938 0 13.6701 0 0.0259302 0
0.5835 36.6252 0 13.6818 0 0.0259524 0
0.584 36.6566 0 13.6935 0 0.0259746 0
0.5845 36.688 0 13.7053 0 0.0259969 0
0.585 36.7194 0 13.717 0 0.0260191 0
0.5855 36.7508 0 13.7287 0 0.0260414 0
0.586 36.7821 0 13.7404 0 0.0260636 0
0.5865 36.8135 0 13.7522 0 0.0260858 0
0.587 36.8449 0 13.7639 0 0.0261081 0
0.5875 36.8763 0 13.7756 0 0.0261303 0
0.588 36.9077 0 13.7873 0 0.0261526 0
0.5885 36.9391 0 13.7991 0 0.0261748 0
0.589 36.9704 0 13.8108 0 0.026197 0
0.5895 37.0018 0 13.8225 0 0.0262193 0
0.59 37.0332 0 13.8342 0 0.0262415 0
0.5905 37.0646 0 13.8459 0 0.0262638 0
0.591 37.096 0 13.8577 0 0.026286 0
0.5915 37.1274 0 13.8694 0 0.0263082 0
0.592 37.1587 0 13.8811 0 0.0263305 0
0.5925 37.1901 0 13.8928 0 0.0263527 0
0.593 37.2215 0 13.9046 0 0.0263749 0
0.5935 37.2529 0 13.9163 0 0.0263972 0
0.594 37.2843 0 13.928 0 0.0264194 0
0.5945 37.3157 0 13.9397 0 0.0264417 0
0.595 37.3471 0 13.9515 0 0.0264639 0
0.5955 37.3784 0 13.9632 0 0.0264861 0
0.596 37.4098 0 13.9749 0 0.0265084 0
0.5965 37.4412 0 13.9866 0 0.0265306 0
0.597 37.4726 0 13.9984 0 0.0265529 0
0.5975 37.504 0 14.0101 0 0.0265751 0
0.598 37.5354 0 14.0218 0 0.0265973 0
0.5985 37.5667 0 14.0335 0 0.0266196 0
0.599 37.5981 0 14.0453 0 0.0266418 0
0.5995 37.6295 0 14.057 0 0.026664 0
0.6 37.6609 0 14.0687 0 0.0266863 0
0.6005 37.6923 0 14.0804 0 0.0267085 0
0.601 37.7237 0 14.0922 0 0.0267308 0
0.6015 37.755 0 14.1039 0 0.026753 0
0.602 37.7864 0 14.1156 0 0.0267752 0
0.6025 37.8178 0 14.1273 0 0.0267975 0
0.603 37.8492 0 14.139 0 0.0268197 0
0.6035 37.8806 0 14.1508 0 0.026842 0
0.604 37.912 0 14.1625 0 0.0268642 0
0.6045 37.9434 0 14.1742 0 0.0268864 0
0.605 37.9747 0 14.1859 0 0.0269087 0
0.6055 38.0061 0 14.1977 0 0.0269309 0
0.606 38.0375 0 14.2094 0 0.0269531 0
0.6065 38.0689 0 14.2211 0 0.0269754 0
0.607 38.1003 0 14.2328 0 0.0269976 0
0.6075 38.1317 0 14.2446 0 0.0270199 0
0.608 38.163 0 14.2563 0 0.0270421 0
0.6085 38.1944 0 14.268 0 0.0270643 0
0.609 38.2258 0 14.2797 0 0.0270866 0
0.6095 38.2572 0 14.2915 0 0.0271088 0
0.61 38.2886 0 14.3032 0 0.0271311 0
0.6105 38.32 0 14.3149 0 0.0271533 0
0.611 38.3513 0 14.3266 0 0.0271755 0
0.6115 38.3827 0 14.3384 0 0.0271978 0
0.612 38.4141 0 14.3501 0 0.02722 0
0.6125 38.4455 0 14.3618 0 0.0272422 0
0.613 38.4769 0 14.3735 0 0.0272645 0
0.6135 38.5083 0 14.3852 0 0.0272867 0
0.614 38.5396 0 14.397 0 0.027309 0
0.6145 38.571 0 14.4087 0 0.0273312 0
0.615 38.6024 0 14.4204 0 0.0273534 0
0.6155 38.6338 0 14.4321 0 0.0273757 0
0.616 38.6652 0 14.4439 0 0.0273979 0
0.6165 38.6966 0 14.4556 0 0.0274202 0
0.617 38.728 0 14.4673 0 0.0274424 0
0.6175 38.7593 0 14.479 0 0.0274646 0
0.618 38.7907 0 14.4908 0 0.0274869 0
0.6185 38.8221 0 14.5025 0 0.0275091 0
0.619 38.8535 0 14.5142 0 0.0275313 0
0.6195 38.8849 0 14.5259 0 0.0275536 0
0.62 38.9163 0 14.5377 0 0.0275758 0
0.6205 38.9476 0 14.5494 0 0.0275981 0
0.621 38.979 0 14.5611 0 0.0276203 0
0.6215 39.0104 0 14.5728 0 0.0276425 0
0.622 39.0418 0 14.5846 0 0.0276648 0
0.6225 39.0732 0 14.5963 0 0.027687 0
0.623 39.1046 0 14.608 0 0.0277093 0
0.6235 39.1359 0 14.6197 0 0.0277315 0
0.624 39.1673 0 14.6315 0 0.0277537 0
0.6245 39.1987 0 14.6432 0 0.027776 0
0.625 39.2301 0 14.6549 0 0.0277982 0
0.6255 39.2615 0 14.6666 0 0.0278204 0
0.626 39.2929 0 14.6783 0 0.0278427 0
0.6265 39.3243 0 14.6901 0 0.0278649 0
0.627 39.3556 0 14.7018 0 0.0278872 0
0.6275 39.387 0 14.7135 0 0.0279094 0
0.628 39.4184 0 14.7252 0 0.0279316 0
0.6285 39.4498 0 14.737 0 0.0279539 0
0.629 39.4812 0 14.7487 0 0.0279761 0
0.6295 39.5126 0 14.7604 0 0.0279984 0
0.63 39.5439 0 14.7721 0 0.0280206 0
0.6305 39.5753 0 14.7839 0 0.0280428 0
0.631 39.6067 0 14.7956 0 0.0280651 0
0.6315 39.6381 0 14.8073 0 0.0280873 0
0.632 39.6695 0 14.819 0 0.0281096 0
0.6325 39.7009 0 14.8308 0 0.0281318 0
0.633 39.7322 0 14.8425 0 0.028154 0
0.6335 39.7636 0 14.8542 0 0.0281763 0
0.634 39.795 0 14.8659 0 0.0281985 0
0.6345 39.8264 0 14.8777 0 0.0282207 0
0.635 39.8578 0 14.8894 0 0.028243 0
0.6355 39.8892 0 14.9011 0 0.0282652 0
0.636 39.9205 0 14.9128 0 0.0282875 0
0.6365 39.9519 0 14.9246 0 0.0283097 0
0.637 39.9833 0 14.9363 0 0.0283319 0
0.6375 40.0147 0 14.948 0 0.0283542 0
0.638 40.0461 0 14.9597 0 0.0283764 0
0.6385 40.0775 0 14.9714 0 0.0283987 0
0.639 40.1089 0 14.9832 0 0.0284209 0
0.6395 40.1402 0 14.9949 0 0.0284431 0
0.64 40.1716 0 15.0066 0 0.0284654 0
0.6405 40.203 0 15.0183 0 0.0284876 0
0.641 40.2344 0 15.0301 0 0.0285098 0
0.6415 40.2658 0 15.0418 0 0.0285321 0
0.642 40.2972 0 15.0535 0 0.0285543 0
0.6425 40.3285 0 15.0652 0 0.0285766 0
0.643 40.3599 0 15.077 0 0.0285988 0
0.6435 40.3913 0 15.0887 0 0.028621 0
0.644 40.4227 0 15.1004 0 0.0286433 0
0.6445 40.4541 0 15.1121 0 0.0286655 0
0.645 40.4855 0 15.1239 0 0.0286878 0
0.6455 40.5168 0 15.1356 0 0.02871 0
0.646 40.5482 0 15.1473 0 0.0287322 0
0.6465 40.5796 0 15.159 0 0.0287545 0
0.647 40.611 0 15.1708 0 0.0287767 0
0.6475 40.6424 0 15.1825 0 0.0287989 0
0.648 40.6738 0 15.1942 0 0.0288212 0
0.6485 40.7052 0 15.2059 0 0.0288434 0
0.649 40.7365 0 15.2176 0 0.0288657 0
0.6495 40.7679 0 15.2294 0 0.0288879 0
0.65 40.7993 0 15.2411 0 0.0289101 0
0.6505 40.8307 0 15.2528 0 0.0289324 0
0.651 40.8621 0 15.2645 0 0.0289546 0
0.6515 40.8935 0 15.2763 0 0.0289769 0
0.652 40.9248 0 15.288 0 0.0289991 0
0.6525 40.9562 0 15.2997 0 0.0290213 0
0.653 40.9876 0 15.3114 0 0.0290436 0
0.6535 41.019 0 15.3232 0 0.0290658 0
0.654 41.0504 0 15.3349 0 0.029088 0
0.6545 41.0818 0 15.3466 0 0.0291103 0
0.655 41.1131 0 15.3583 0 0.0291325 0
0.6555 41.1445 0 15.3701 0 0.0291548 0
0.656 41.1759 0 15.3818 0 0.029177 0
0.6565 41.2073 0 15.3935 0 0.0291992 0
0.657 41.2387 0 15.4052 0 0.0292215 0
0.6575 41.2701 0 15.417 0 0.0292437 0
0.658 41.3014 0 15.4287 0 0.029266 0
0.6585 41.3328 0 15.4404 0 0.0292882 0
0.659 41.3642 0 15.4521 0 0.0293104 0
0.6595 41.3956 0 15.4639 0 0.0293327 0
0.66 41.427 0 15.4756 0 0.0293549 0
0.6605 41.4584 0 15.4873 0 0.0293771 0
0.661 41.4898 0 15.499 0 0.0293994 0
0.6615 41.5211 0 15.5107 0 0.0294216 0
0.662 41.5525 0 15.5225 0 0.0294439 0
0.6625 41.5839 0 15.5342 0 0.0294661 0
0.663 41.6153 0 15.5459 0 0.0294883 0
0.6635 41.6467 0 15.5576 0 0.0295106 0
0.664 41.6781 0 15.5694 0 0.0295328 0
0.6645 41.7094 0 15.5811 0 0.0295551 0
0.665 41.7408 0 15.5928 0 0.0295773 0
0.6655 41.7722 0 15.6045 0 0.0295995 0
0.666 41.8036 0 15.6163 0 0.0296218 0
0.6665 41.835 0 15.628 0 0.029644 0
0.667 41.8664 0 15.6397 0 0.0296663 0
0.6675 41.8977 0 15.6514 0 0.0296885 0
0.668 41.9291 0 15.6632 0 0.0297107 0
0.6685 41.9605 0 15.6749 0 0.029733 0
0.669 41.9919 0 15.6866 0 0.0297552 0
0.6695 42.0233 0 15.6983 0 0.0297774 0
0.67 42.0547 0 15.7101 0 0.0297997 0
0.6705 42.086 0 15.7218 0 0.0298219 0
0.671 42.1174 0 15.7335 0 0.0298442 0
0.6715 42.1488 0 15.7452 0 0.0298664 0
0.672 42.1802 0 15.7569 0 0.0298886 0
0.6725 42.2116 0 15.7687 0 0.0299109 0
0.673 42.243 0 15.7804 0 0.0299331 0
0.6735 42.2744 0 15.7921 0 0.0299554 0
0.674 42.3057 0 15.8038 0 0.0299776 0
0.6745 42.3371 0 15.8156 0 0.0299998 0
0.675 42.3685 0 15.8273 0 0.0300221 0
0.6755 42.3999 0 15.839 0 0.0300443 0
0.676 42.4313 0 15.8507 0 0.0300665 0
0.6765 42.4627 0 15.8625 0 0.0300888 0
0.677 42.494 0 15.8742 0 0.030111 0
0.6775 42.5254 0 15.8859 0 0.0301333 0
0.678 42.5568 0 15.8976 0 0.0301555 0
0.6785 42.5882 0 15.9094 0 0.0301777 0
0.679 42.6196 0 15.9211 0 0.0302 0
0.6795 42.651 0 15.9328 0 0.0302222 0
0.68 42.6823 0 15.9445 0 0.0302445 0
0.6805 42.7137 0 15.9563 0 0.0302667 0
0.681 42.7451 0 15.968 0 0.0302889 0
0.6815 42.7765 0 15.9797 0 0.0303112 0
0.682 42.8079 0 15.9914 0 0.0303334 0
0.6825 42.8393 0 16.0032 0 0.0303556 0
0.683 42.8707 0 16.0149 0 0.0303779 0
0.6835 42.902 0 16.0266 0 0.0304001 0
0.684 42.9334 0 16.0383 0 0.0304224 0
0.6845 42.9648 0 16.05 0 0.0304446 0
0.685 42.9962 0 16.0618 0 0.0304668 0
0.6855 43.0276 0 16.0735 0 0.0304891 0
0.686 43.059 0 16.0852 0 0.0305113 0
0.6865 43.0903 0 16.0969 0 0.0305336 0
0.687 43.1217 0 16.1087 0 0.0305558 0
0.6875 43.1531 0 16.1204 0 0.030578 0
0.688 43.1845 0 16.1321 0 0.0306003 0
0.6885 43.2159 0 16.1438 0 0.0306225 0
0.689 43.2473 0 16.1556 0 0.0306447 0
0.6895 43.2786 0 16.1673 0 0.030667 0
0.69 43.31 0 16.179 0 0.0306892 0
0.6905 43.3414 0 16.1907 0 0.0307115 0
0.691 43.3728 0 16.2025 0 0.0307337 0
0.6915 43.4042 0 16.2142 0 0.0307559 0
0.692 43.4356 0 16.2259 0 0.0307782 0
0.6925 43.4669 0 16.2376 0 0.0308004 0
0.693 43.4983 0 16.2494 0 0.0308227 0
0.6935 43.5297 0 16.2611 0 0.0308449 0
0.694 43.5611 0 16.2728 0 0.0308671 0
0.6945 43.5925 0 16.2845 0 0.0308894 0
0.695 43.6239 0 16.2962 0 0.0309116 0
0.6955 43.6553 0 16.308 0 0.0309338 0
0.696 43.6866 0 16.3197 0 0.0309561 0
0.6965 43.718 0 16.3314 0 0.0309783 0
0.697 43.7494 0 16.3431 0 0.0310006 0
0.6975 43.7808 0 16.3549 0 0.0310228 0
0.698 43.8122 0 16.3666 0 0.031045 0
0.6985 43.8436 0 16.3783 0 0.0310673 0
0.699 43.8749 0 16.39 0 0.0310895 0
0.6995 43.9063 0 16.4018 0 0.0311118 0
0.7 43.9377 0 16.4135 0 0.031134 0
0.7005 43.9691 0 16.4252 0 0.0311562 0
0.701 44.0005 0 16.4369 0 0.0311785 0
0.7015 44.0319 0 16.4487 0 0.0312007 0
0.702 44.0632 0 16.4604 0 0.031223 0
0.7025 44.0946 0 16.4721 0 0.0312452 0
0.703 44.126 0 16.4838 0 0.0312674 0
0.7035 44.1574 0 16.4956 0 0.0312897 0
0.704 44.1888 0 16.5073 0 0.0313119 0
0.7045 44.2202 0 16.519 0 0.0313341 0
0.705 44.2516 0 16.5307 0 0.0313564 0
0.7055 44.2829 0 16.5425 0 0.0313786 0
0.706 44.3143 0 16.5542 0 0.0314009 0
0.7065 44.3457 0 16.5659 0 0.0314231 0
0.707 44.3771 0 16.5776 0 0.0314453 0
0.7075 44.4085 0 16.5893 0 0.0314676 0
0.708 44.4399 0 16.6011 0 0.0314898 0
0.7085 44.4712 0 16.6128 0 0.0315121 0
0.709 44.5026 0 16.6245 0 0.0315343 0
0.7095 44.534 0 16.6362 0 0.0315565 0
0.71 44.5654 0 16.648 0 0.0315788 0
0.7105 44.5968 0 16.6597 0 0.031601 0
0.711 44.6282 0 16.6714 0 0.0316232 0
0.7115 44.6595 0 16.6831 0 0.0316455 0
0.712 44.6909 0 16.6949 0 0.0316677 0
0.7125 44.7223 0 16.7066 0 0.03169 0
0.713 44.7537 0 16.7183 0 0.0317122 0
0.7135 44.7851 0 16.73 0 0.0317344 0
0.714 44.8165 0 16.7418 0 0.0317567 0
0.7145 44.8478 0 16.7535 0 0.0317789 0
0.715 44.8792 0 16.7652 0 0.0318012 0
0.7155 44.9106 0 16.7769 0 0.0318234 0
0.716 44.942 0 16.7887 0 0.0318456 0
0.7165 44.9734 0 16.8004 0 0.0318679 0
0.717 45.0048 0 16.8121 0 0.0318901 0
0.7175 45.0362 0 16.8238 0 0.0319123 0
0.718 45.0675 0 16.8355 0 0.0319346 0
0.7185 45.0989 0 16.8473 0 0.0319568 0
0.719 45.1303 0 16.859 0 0.0319791 0
0.7195 45.1617 0 16.8707 0 0.0320013 0
0.72 45.1931 0 16.8824 0 0.0320235 0
0.7205 45.2245 0 16.8942 0 0.0320458 0
0.721 45.2558 0 16.9059 0 0.032068 0
0.7215 45.2872 0 16.9176 0 0.0320903 0
0.722 45.3186 0 16.9293 0 0.0321125 0
0.7225 45.35 0 16.9411 0 0.0321347 0
0.723 45.3814 0 16.9528 0 0.032157 0
0.7235 45.4128 0 16.9645 0 0.0321792 0
0.724 45.4441 0 16.9762 0 0.0322014 0
0.7245 45.4755 0 16.988 0 0.0322237 0
0.725 45.5069 0 16.9997 0 0.0322459 0
0.7255 45.5383 0 17.0114 0 0.0322682 0
0.726 45.5697 0 17.0231 0 0.0322904 0
0.7265 45.6011 0 17.0349 0 0.0323126 0
0.727 45.6325 0 17.0466 0 0.0323349 0
0.7275 45.6638 0 17.0583 0 0.0323571 0
0.728 45.6952 0 17.07 0 0.0323794 0
0.7285 45.7266 0 17.0818 0 0.0324016 0
0.729 45.758 0 17.0935 0 0.0324238 0
0.7295 45.7894 0 17.1052 0 0.0324461 0
0.73 45.8208 0 17.1169 0 0.0324683 0
0.7305 45.8521 0 17.1286 0 0.0324905 0
0.731 45.8835 0 17.1404 0 0.0325128 0
0.7315 45.9149 0 17.1521 0 0.032535 0
0.732 45.9463 0 17.1638 0 0.0325573 0
0.7325 45.9777 0 17.1755 0 0.0325795 0
0.733 46.0091 0 17.1873 0 0.0326017 0
0.7335 46.0404 0 17.199 0 0.032624 0
0.734 46.0718 0 17.2107 0 0.0326462 0
0.7345 46.1032 0 17.2224 0 0.0326685 0
0.735 46.1346 0 17.2342 0 0.0326907 0
0.7355 46.166 0 17.2459 0 0.0327129 0
0.736 46.1974 0 17.2576 0 0.0327352 0
0.7365 46.2287 0 17.2693 0 0.0327574 0
0.737 46.2601 0 17.2811 0 0.0327797 0
0.7375 46.2915 0 17.2928 0 0.0328019 0
0.738 46.3229 0 17.3045 0 0.0328241 0
0.7385 46.3543 0 17.3162 0 0.0328464 0
0.739 46.3857 0 17.328 0 0.0328686 0
0.7395 46.4171 0 17.3397 0 0.0328908 0
0.74 46.4484 0 17.3514 0 0.0329131 0
0.7405 46.4798 0 17.3631 0 0.0329353 0
0.741 46.5112 0 17.3748 0 0.0329576 0
0.7415 46.5426 0 17.3866 0 0.0329798 0
0.742 46.574 0 17.3983 0 0.033002 0
0.7425 46.6054 0 17.41 0 0.0330243 0
0.743 46.6367 0 17.4217 0 0.0330465 0
0.7435 46.6681 0 17.4335 0 0.0330688 0
0.744 46.6995 0 17.4452 0 0.033091 0
0.7445 46.7309 0 17.4569 0 0.0331132 0
0.745 46.7623 0 17.4686 0 0.0331355 0
0.7455 46.7937 0 17.4804 0 0.0331577 0
0.746 46.825 0 17.4921 0 0.0331799 0
0.7465 46.8564 0 17.5038 0 0.0332022 0
0.747 46.8878 0 17.5155 0 0.0332244 0
0.7475 46.9192 0 17.5273 0 0.0332467 0
0.748 46.9506 0 17.539 0 0.0332689 0
0.7485 46.982 0 17.5507 0 0.0332911 0
0.749 47.0134 0 17.5624 0 0.0333134 0
0.7495 47.0447 0 17.5742 0 0.0333356 0
0.75 47.0761 0 17.5859 0 0.0333579 0
0.7505 47.1075 0 17.5976 0 0.0333801 0
0.751 47.1389 0 17.6093 0 0.0334023 0
0.7515 47.1703 0 17.6211 0 0.0334246 0
0.752 47.2017 0 17.6328 0 0.0334468 0
0.7525 47.233 0 17.6445 0 0.033469 0
0.753 47.2644 0 17.6562 0 0.0334913 0
0.7535 47.2958 0 17.6679 0 0.0335135 0
0.754 47.3272 0 17.6797 0 0.0335358 0
0.7545 47.3586 0 17.6914 0 0.033558 0
0.755 47.39 0 17.7031 0 0.0335802 0
0.7555 47.4213 0 17.7148 0 0.0336025 0
0.756 47.4527 0 17.7266 0 0.0336247 0
0.7565 47.4841 0 17.7383 0 0.033647 0
0.757 47.5155 0 17.75 0 0.0336692 0
0.7575 47.5469 0 17.7617 0 0.0336914 0
0.758 47.5783 0 17.7735 0 0.0337137 0
0.7585 47.6096 0 17.7852 0 0.0337359 0
0.759 47.641 0 17.7969 0 0.0337581 0
0.7595 47.6724 0 17.8086 0 0.0337804 0
0.76 47.7038 0 17.8204 0 0.0338026 0
0.7605 47.7352 0 17.8321 0 0.0338249 0
0.761 47.7666 0 17.8438 0 0.0338471 0
0.7615 47.798 0 17.8555 0 0.0338693 0
0.762 47.8293 0 17.8673 0 0.0338916 0
0.7625 47.8607 0 17.879 0 0.0339138 0
0.763 47.8921 0 17.8907 0 0.0339361 0
0.7635 47.9235 0 17.9024 0 0.0339583 0
0.764 47.9549 0 17.9141 0 0.0339805 0
0.7645 47.9863 0 17.9259 0 0.0340028 0
0.765 48.0176 0 17.9376 0 0.034025 0
0.7655 48.049 0 17.9493 0 0.0340472 0
0.766 48.0804 0 17.961 0 0.0340695 0
0.7665 48.1118 0 17.9728 0 0.0340917 0
0.767 48.1432 0 17.9845 0 0.034114 0
0.7675 48.1746 0 17.9962 0 0.0341362 0
0.768 48.2059 0 18.0079 0 0.0341584 0
0.7685 48.2373 0 18.0197 0 0.0341807 0
0.769 48.2687 0 18.0314 0 0.0342029 0
0.7695 48.3001 0 18.0431 0 0.0342252 0
0.77 48.3315 0 18.0548 0 0.0342474 0
0.7705 48.3629 0 18.0666 0 0.0342696 0
0.771 48.3942 0 18.0783 0 0.0342919 0
0.7715 48.4256 0 18.09 0 0.0343141 0
0.772 48.457 0 18.1017 0 0.0343364 0
0.7725 48.4884 0 18.1135 0 0.0343586 0
0.773 48.5198 0 18.1252 0 0.0343808 0
0.7735 48.5512 0 18.1369 0 0.0344031 0
0.774 48.5826 0 18.1486 0 0.0344253 0
0.7745 48.6139 0 18.1604 0 0.0344475 0
0.775 48.6453 0 18.1721 0 0.0344698 0
0.7755 48.6767 0 18.1838 0 0.034492 0
0.776 48.7081 0 18.1955 0 0.0345143 0
0.7765 48.7395 0 18.2072 0 0.0345365 0
0.777 48.7709 0 18.219 0 0.0345587 0
0.7775 48.8022 0 18.2307 0 0.034581 0
0.778 48.8336 0 18.2424 0 0.0346032 0
0.7785 48.865 0 18.2541 0 0.0346255 0
0.779 48.8964 0 18.2659 0 0.0346477 0
0.7795 48.9278 0 18.2776 0 0.0346699 0
0.78 48.9592 0 18.2893 0 0.0346922 0
0.7805 48.9905 0 18.301 0 0.0347144 0
0.781 49.0219 0 18.3128 0 0.0347366 0
0.7815 49.0533 0 18.3245 0 0.0347589 0
0.782 49.0847 0 18.3362 0 0.0347811 0
0.7825 49.1161 0 18.3479 0 0.0348034 0
0.783 49.1475 0 18.3597 0 0.0348256 0
0.7835 49.1789 0 18.3714 0 0.0348478 0
0.784 49.2102 0 18.3831 0 0.0348701 0
0.7845 49.2416 0 18.3948 0 0.0348923 0
0.785 49.273 0 18.4066 0 0.0349146 0
0.7855 49.3044 0 18.4183 0 0.0349368 0
0.786 49.3358 0 18.43 0 0.034959 0
0.7865 49.3672 0 18.4417 0 0.0349813 0
0.787 49.3985 0 18.4535 0 0.0350035 0
0.7875 49.4299 0 18.4652 0 0.0350257 0
0.788 49.4613 0 18.4769 0 0.035048 0
0.7885 49.4927 0 18.4886 0 0.0350702 0
0.789 49.5241 0 18.5003 0 0.0350925 0
0.7895 49.5555 0 18.5121 0 0.0351147 0
0.79 49.5868 0 18.5238 0 0.0351369 0
0.7905 49.6182 0 18.5355 0 0.0351592 0
0.791 49.6496 0 18.5472 0 0.0351814 0
0.7915 49.681 0 18.559 0 0.0352037 0
0.792 49.7124 0 18.5707 0 0.0352259 0
0.7925 49.7438 0 18.5824 0 0.0352481 0
0.793 49.7751 0 18.5941 0 0.0352704 0
0.7935 49.8065 0 18.6059 0 0.0352926 0
0.794 49.8379 0 18.6176 0 0.0353148 0
0.7945 49.8693 0 18.6293 0 0.0353371 0
0.795 49.9007 0 18.641 0 0.0353593 0
0.7955 49.9321 0 18.6528 0 0.0353816 0
0.796 49.9635 0 18.6645 0 0.0354038 0
0.7965 49.9948 0 18.6762 0 0.035426 0
0.797 50.0262 0 18.6879 0 0.0354483 0
0.7975 50.0576 0 18.6997 0 0.0354705 0
0.798 50.089 0 18.7114 0 0.0354928 0
0.7985 50.1204 0 18.7231 0 0.035515 0
0.799 50.1518 0 18.7348 0 0.0355372 0
0.7995 50.1831 0 18.7465 0 0.0355595 0
0.8 50.2145 0 18.7583 0 0.0355817 0
0.8005 50.2459 0 18.77 0 0.0356039 0
0.801 50.2773 0 18.7817 0 0.0356262 0
0.8015 50.3087 0 18.7934 0 0.0356484 0
0.802 50.3401 0 18.8052 0 0.0356707 0
0.8025 50.3714 0 18.8169 0 0.0356929 0
0.803 50.4028 0 18.8286 0 0.0357151 0
0.8035 50.4342 0 18.8403 0 0.0357374 0
0.804 50.4656 0 18.8521 0 0.0357596 0
0.8045 50.497 0 18.8638 0 0.0357819 0
0.805 50.5284 0 18.8755 0 0.0358041 0
0.8055 50.5598 0 18.8872 0 0.0358263 0
0.806 50.5911 0 18.899 0 0.0358486 0
0.8065 50.6225 0 18.9107 0 0.0358708 0
0.807 50.6539 0 18.9224 0 0.0358931 0
0.8075 50.6853 0 18.9341 0 0.0359153 0
0.808 50.7167 0 18.9459 0 0.0359375 0
0.8085 50.7481 0 18.9576 0 0.0359598 0
0.809 50.7794 0 18.9693 0 0.035982 0
0.8095 50.8108 0 18.981 0 0.0360042 0
0.81 50.8422 0 18.9928 0 0.0360265 0
0.8105 50.8736 0 19.0045 0 0.0360487 0
0.811 50.905 0 19.0162 0 0.036071 0
0.8115 50.9364 0 19.0279 0 0.0360932 0
0.812 50.9677 0 19.0396 0 0.0361154 0
0.8125 50.9991 0 19.0514 0 0.0361377 0
0.813 51.0305 0 19.0631 0 0.0361599 0
0.8135 51.0619 0 19.0748 0 0.0361822 0
0.814 51.0933 0 19.0865 0 0.0362044 0
0.8145 51.1247 0 19.0983 0 0.0362266 0
0.815 51.156 0 19.11 0 0.0362489 0
0.8155 51.1874 0 19.1217 0 0.0362711 0
0.816 51.2188 0 19.1334 0 0.0362933 0
0.8165 51.2502 0 19.1452 0 0.0363156 0
0.817 51.2816 0 19.1569 0 0.0363378 0
0.8175 51.313 0 19.1686 0 0.0363601 0
0.818 51.3444 0 19.1803 0 0.0363823 0
0.8185 51.3757 0 19.1921 0 0.0364045 0
0.819 51.4071 0 19.2038 0 0.0364268 0
0.8195 51.4385 0 19.2155 0 0.036449 0
0.82 51.4699 0 19.2272 0 0.0364713 0
0.8205 51.5013 0 19.239 0 0.0364935 0
0.821 51.5327 0 19.2507 0 0.0365157 0
0.8215 51.564 0 19.2624 0 0.036538 0
0.822 51.5954 0 19.2741 0 0.0365602 0
0.8225 51.6268 0 19.2858 0 0.0365824 0
0.823 51.6582 0 19.2976 0 0.0366047 0
0.8235 51.6896 0 19.3093 0 0.0366269 0
0.824 51.721 0 19.321 0 0.0366492 0
0.8245 51.7523 0 19.3327 0 0.0366714 0
0.825 51.7837 0 19.3445 0 0.0366936 0
0.8255 51.8151 0 19.3562 0 0.0367159 0
0.826 51.8465 0 19.3679 0 0.0367381 0
0.8265 51.8779 0 19.3796 0 0.0367604 0
0.827 51.9093 0 19.3914 0 0.0367826 0
0.8275 51.9407 0 19.4031 0 0.0368048 0
0.828 51.972 0 19.4148 0 0.0368271 0
0.8285 52.0034 0 19.4265 0 0.0368493 0
0.829 52.0348 0 19.4383 0 0.0368715 0
0.8295 52.0662 0 19.45 0 0.0368938 0
0.83 52.0976 0 19.4617 0 0.036916 0
0.8305 52.129 0 19.4734 0 0.0369383 0
0.831 52.1603 0 19.4852 0 0.0369605 0
0.8315 52.1917 0 19.4969 0 0.0369827 0
0.832 52.2231 0 19.5086 0 0.037005 0
0.8325 52.2545 0 19.5203 0 0.0370272 0
0.833 52.2859 0 19.5321 0 0.0370495 0
0.8335 52.3173 0 19.5438 0 0.0370717 0
0.834 52.3486 0 19.5555 0 0.0370939 0
0.8345 52.38 0 19.5672 0 0.0371162 0
0.835 52.4114 0 19.5789 0 0.0371384 0
0.8355 52.4428 0 19.5907 0 0.0371606 0
0.836 52.4742 0 19.6024 0 0.0371829 0
0.8365 52.5056 0 19.6141 0 0.0372051 0
0.837 52.5369 0 19.6258 0 0.0372274 0
0.8375 52.5683 0 19.6376 0 0.0372496 0
0.838 52.5997 0 19.6493 0 0.0372718 0
0.8385 52.6311 0 19.661 0 0.0372941 0
0.839 52.6625 0 19.6727 0 0.0373163 0
0.8395 52.6939 0 19.6845 0 0.0373386 0
0.84 52.7253 0 19.6962 0 0.0373608 0
0.8405 52.7566 0 19.7079 0 0.037383 0
0.841 52.788 0 19.7196 0 0.0374053 0
0.8415 52.8194 0 19.7314 0 0.0374275 0
0.842 52.8508 0 19.7431 0 0.0374498 0
0.8425 52.8822 0 19.7548 0 0.037472 0
0.843 52.9136 0 19.7665 0 0.0374942 0
0.8435 52.9449 0 19.7783 0 0.0375165 0
0.844 52.9763 0 19.79 0 0.0375387 0
0.8445 53.0077 0 19.8017 0 0.0375609 0
0.845 53.0391 0 19.8134 0 0.0375832 0
0.8455 53.0705 0 19.8251 0 0.0376054 0
0.846 53.1019 0 19.8369 0 0.0376277 0
0.8465 53.1332 0 19.8486 0 0.0376499 0
0.847 53.1646 0 19.8603 0 0.0376721 0
0.8475 53.196 0 19.872 0 0.0376944 0
0.848 53.2274 0 19.8838 0 0.0377166 0
0.8485 53.2588 0 19.8955 0 0.0377389 0
0.849 53.2902 0 19.9072 0 0.0377611 0
0.8495 53.3215 0 19.9189 0 0.0377833 0
0.85 53.3529 0 19.9307 0 0.0378056 0
0.8505 53.3843 0 19.9424 0 0.0378278 0
0.851 53.4157 0 19.9541 0 0.03785 0
0.8515 53.4471 0 19.9658 0 0.0378723 0
0.852 53.4785 0 19.9776 0 0.0378945 0
0.8525 53.5099 0 19.9893 0 0.0379168 0
0.853 53.5412 0 20.001 0 0.037939 0
0.8535 53.5726 0 20.0127 0 0.0379612 0
0.854 53.604 0 20.0245 0 0.0379835 0
0.8545 53.6354 0 20.0362 0 0.0380057 0
0.855 53.6668 0 20.0479 0 0.038028 0
0.8555 53.6982 0 20.0596 0 0.0380502 0
0.856 53.7295 0 20.0714 0 0.0380724 0
0.8565 53.7609 0 20.0831 0 0.0380947 0
0.857 53.7923 0 20.0948 0 0.0381169 0
0.8575 53.8237 0 20.1065 0 0.0381391 0
0.858 53.8551 0 20.1182 0 0.0381614 0
0.8585 53.8865 0 20.13 0 0.0381836 0
0.859 53.9178 0 20.1417 0 0.0382059 0
0.8595 53.9492 0 20.1534 0 0.0382281 0
0.86 53.9806 0 20.1651 0 0.0382503 0
0.8605 54.012 0 20.1769 0 0.0382726 0
0.861 54.0434 0 20.1886 0 0.0382948 0
0.8615 54.0748 0 20.2003 0 0.0383171 0
0.862 54.1062 0 20.212 0 0.0383393 0
0.8625 54.1375 0 20.2238 0 0.0383615 0
0.863 54.1689 0 20.2355 0 0.0383838 0
0.8635 54.2003 0 20.2472 0 0.038406 0
0.864 54.2317 0 20.2589 0 0.0384282 0
0.8645 54.2631 0 20.2707 0 0.0384505 0
0.865 54.2945 0 20.2824 0 0.0384727 0
0.8655 54.3258 0 20.2941 0 0.038495 0
0.866 54.3572 0 20.3058 0 0.0385172 0
0.8665 54.3886 0 20.3176 0 0.0385394 0
0.867 54.42 0 20.3293 0 0.0385617 0
0.8675 54.4514 0 20.341 0 0.0385839 0
0.868 54.4828 0 20.3527 0 0.0386062 0
0.8685 54.5141 0 20.3644 0 0.0386284 0
0.869 54.5455 0 20.3762 0 0.0386506 0
0.8695 54.5769 0 20.3879 0 0.0386729 0
0.87 54.6083 0 20.3996 0 0.0386951 0
0.8705 54.6397 0 20.4113 0 0.0387173 0
0.871 54.6711 0 20.4231 0 0.0387396 0
0.8715 54.7024 0 20.4348 0 0.0387618 0
0.872 54.7338 0 20.4465 0 0.0387841 0
0.8725 54.7652 0 20.4582 0 0.0388063 0
0.873 54.7966 0 20.47 0 0.0388285 0
0.8735 54.828 0 20.4817 0 0.0388508 0
0.874 54.8594 0 20.4934 0 0.038873 0
0.8745 54.8908 0 20.5051 0 0.0388953 0
0.875 54.9221 0 20.5169 0 0.0389175 0
0.8755 54.9535 0 20.5286 0 0.0389397 0
0.876 54.9849 0 20.5403 0 0.038962 0
0.8765 55.0163 0 20.552 0 0.0389842 0
0.877 55.0477 0 20.5638 0 0.0390065 0
0.8775 55.0791 0 20.5755 0 0.0390287 0
0.878 55.1104 0 20.5872 0 0.0390509 0
0.8785 55.1418 0 20.5989 0 0.0390732 0
0.879 55.1732 0 20.6107 0 0.0390954 0
0.8795 55.2046 0 20.6224 0 0.0391176 0
0.88 55.236 0 20.6341 0 0.0391399 0
0.8805 55.2674 0 20.6458 0 0.0391621 0
0.881 55.2987 0 20.6575 0 0.0391844 0
0.8815 55.3301 0 20.6693 0 0.0392066 0
0.882 55.3615 0 20.681 0 0.0392288 0
0.8825 55.3929 0 20.6927 0 0.0392511 0
0.883 55.4243 0 20.7044 0 0.0392733 0
0.8835 55.4557 0 20.7162 0 0.0392956 0
0.884 55.4871 0 20.7279 0 0.0393178 0
0.8845 55.5184 0 20.7396 0 0.03934 0
0.885 55.5498 0 20.7513 0 0.0393623 0
0.8855 55.5812 0 20.7631 0 0.0393845 0
0.886 55.6126 0 20.7748 0 0.0394067 0
0.8865 55.644 0 20.7865 0 0.039429 0
0.887 55.6754 0 20.7982 0 0.0394512 0
0.8875 55.7067 0 20.81 0 0.0394735 0
0.888 55.7381 0 20.8217 0 0.0394957 0
0.8885 55.7695 0 20.8334 0 0.0395179 0
0.889 55.8009 0 20.8451 0 0.0395402 0
0.8895 55.8323 0 20.8569 0 0.0395624 0
0.89 55.8637 0 20.8686 0 0.0395847 0
0.8905 55.895 0 20.8803 0 0.0396069 0
0.891 55.9264 0 20.892 0 0.0396291 0
0.8915 55.9578 0 20.9037 0 0.0396514 0
0.892 55.9892 0 20.9155 0 0.0396736 0
0.8925 56.0206 0 20.9272 0 0.0396958 0
0.893 56.052 0 20.9389 0 0.0397181 0
0.8935 56.0833 0 20.9506 0 0.0397403 0
0.894 56.1147 0 20.9624 0 0.0397626 0
0.8945 56.1461 0 20.9741 0 0.0397848 0
0.895 56.1775 0 20.9858 0 0.039807 0
0.8955 56.2089 0 20.9975 0 0.0398293 0
0.896 56.2403 0 21.0093 0 0.0398515 0
0.8965 56.2717 0 21.021 0 0.0398738 0
0.897 56.303 0 21.0327 0 0.039896 0
0.8975 56.3344 0 21.0444 0 0.0399182 0
0.898 56.3658 0 21.0562 0 0.0399405 0
0.8985 56.3972 0 21.0679 0 0.0399627 0
0.899 56.4286 0 21.0796 0 0.0399849 0
0.8995 56.46 0 21.0913 0 0.0400072 0
0.9 56.4913 0 21.1031 0 0.0400294 0
0.9005 56.5227 0 21.1148 0 0.0400517 0
0.901 56.5541 0 21.1265 0 0.0400739 0
0.9015 56.5855 0 21.1382 0 0.0400961 0
0.902 56.6169 0 21.15 0 0.0401184 0
0.9025 56.6483 0 21.1617 0 0.0401406 0
0.903 56.6796 0 21.1734 0 0.0401629 0
0.9035 56.711 0 21.1851 0 0.0401851 0
0.904 56.7424 0 21.1968 0 0.0402073 0
0.9045 56.7738 0 21.2086 0 0.0402296 0
0.905 56.8052 0 21.2203 0 0.0402518 0
0.9055 56.8366 0 21.232 0 0.040274 0
0.906 56.868 0 21.2437 0 0.0402963 0
0.9065 56.8993 0 21.2555 0 0.0403185 0
0.907 56.9307 0 21.2672 0 0.0403408 0
0.9075 56.9621 0 21.2789 0 0.040363 0
0.908 56.9935 0 21.2906 0 0.0403852 0
0.9085 57.0249 0 21.3024 0 0.0404075 0
0.909 57.0563 0 21.3141 0 0.0404297 0
0.9095 57.0876 0 21.3258 0 0.040452 0
0.91 57.119 0 21.3375 0 0.0404742 0
0.9105 57.1504 0 21.3493 0 0.0404964 0
0.911 57.1818 0 21.361 0 0.0405187 0
0.9115 57.2132 0 21.3727 0 0.0405409 0
0.912 57.2446 0 21.3844 0 0.0405632 0
0.9125 57.2759 0 21.3962 0 0.0405854 0
0.913 57.3073 0 21.4079 0 0.0406076 0
0.9135 57.3387 0 21.4196 0 0.0406299 0
0.914 57.3701 0 21.4313 0 0.0406521 0
0.9145 57.4015 0 21.443 0 0.0406743 0
0.915 57.4329 0 21.4548 0 0.0406966 0
0.9155 57.4642 0 21.4665 0 0.0407188 0
0.916 57.4956 0 21.4782 0 0.0407411 0
0.9165 57.527 0 21.4899 0 0.0407633 0
0.917 57.5584 0 21.5017 0 0.0407855 0
0.9175 57.5898 0 21.5134 0 0.0408078 0
0.918 57.6212 0 21.5251 0 0.04083 0
0.9185 57.6526 0 21.5368 0 0.0408523 0
0.919 57.6839 0 21.5486 0 0.0408745 0
0.9195 57.7153 0 21.5603 0 0.0408967 0
0.92 57.7467 0 21.572 0 0.040919 0
0.9205 57.7781 0 21.5837 0 0.0409412 0
0.921 57.8095 0 21.5955 0 0.0409634 0
0.9215 57.8409 0 21.6072 0 0.0409857 0
0.922 57.8722 0 21.6189 0 0.0410079 0
0.9225 57.9036 0 21.6306 0 0.0410302 0
0.923 57.935 0 21.6424 0 0.0410524 0
0.9235 57.9664 0 21.6541 0 0.0410746 0
0.924 57.9978 0 21.6658 0 0.0410969 0
0.9245 58.0292 0 21.6775 0 0.0411191 0
0.925 58.0605 0 21.6893 0 0.0411414 0
0.9255 58.0919 0 21.701 0 0.0411636 0
0.926 58.1233 0 21.7127 0 0.0411858 0
0.9265 58.1547 0 21.7244 0 0.0412081 0
0.927 58.1861 0 21.7361 0 0.0412303 0
0.9275 58.2175 0 21.7479 0 0.0412525 0
0.928 58.2489 0 21.7596 0 0.0412748 0
0.9285 58.2802 0 21.7713 0 0.041297 0
0.929 58.3116 0 21.783 0 0.0413193 0
0.9295 58.343 0 21.7948 0 0.0413415 0
0.93 58.3744 0 21.8065 0 0.0413637 0
0.9305 58.4058 0 21.8182 0 0.041386 0
0.931 58.4372 0 21.8299 0 0.0414082 0
0.9315 58.4685 0 21.8417 0 0.0414305 0
0.932 58.4999 0 21.8534 0 0.0414527 0
0.9325 58.5313 0 21.8651 0 0.0414749 0
0.933 58.5627 0 21.8768 0 0.0414972 0
0.9335 58.5941 0 21.8886 0 0.0415194 0
0.934 58.6255 0 21.9003 0 0.0415416 0
0.9345 58.6568 0 21.912 0 0.0415639 0
0.935 58.6882 0 21.9237 0 0.0415861 0
0.9355 58.7196 0 21.9355 0 0.0416084 0
0.936 58.751 0 21.9472 0 0.0416306 0
0.9365 58.7824 0 21.9589 0 0.0416528 0
0.937 58.8138 0 21.9706 0 0.0416751 0
0.9375 58.8451 0 21.9823 0 0.0416973 0
0.938 58.8765 0 21.9941 0 0.0417196 0
0.9385 58.9079 0 22.0058 0 0.0417418 0
0.939 58.9393 0 22.0175 0 0.041764 0
0.9395 58.9707 0 22.0292 0 0.0417863 0
0.94 59.0021 0 22.041 0 0.0418085 0
0.9405 59.0335 0 22.0527 0 0.0418307 0
0.941 59.0648 0 22.0644 0 0.041853 0
0.9415 59.0962 0 22.0761 0 0.0418752 0
0.942 59.1276 0 22.0879 0 0.0418975 0
0.9425 59.159 0 22.0996 0 0.0419197 0
0.943 59.1904 0 22.1113 0 0.0419419 0
0.9435 59.2218 0 22.123 0 0.0419642 0
0.944 59.2531 0 22.1348 0 0.0419864 0
0.9445 59.2845 0 22.1465 0 0.0420087 0
0.945 59.3159 0 22.1582 0 0.0420309 0
0.9455 59.3473 0 22.1699 0 0.0420531 0
0.946 59.3787 0 22.1817 0 0.0420754 0
0.9465 59.4101 0 22.1934 0 0.0420976 0
0.947 59.4414 0 22.2051 0 0.0421198 0
0.9475 59.4728 0 22.2168 0 0.0421421 0
0.948 59.5042 0 22.2286 0 0.0421643 0
0.9485 59.5356 0 22.2403 0 0.0421866 0
0.949 59.567 0 22.252 0 0.0422088 0
0.9495 59.5984 0 22.2637 0 0.042231 0
0.95 59.6297 0 22.2754 0 0.0422533 0
0.9505 59.6611 0 22.2872 0 0.0422755 0
0.951 59.6925 0 22.2989 0 0.0422978 0
0.9515 59.7239 0 22.3106 0 0.04232 0
0.952 59.7553 0 22.3223 0 0.0423422 0
0.9525 59.7867 0 22.3341 0 0.0423645 0
0.953 59.8181 0 22.3458 0 0.0423867 0
0.9535 59.8494 0 22.3575 0 0.042409 0
0.954 59.8808 0 22.3692 0 0.0424312 0
0.9545 59.9122 0 22.381 0 0.0424534 0
0.955 59.9436 0 22.3927 0 0.0424757 0
0.9555 59.975 0 22.4044 0 0.0424979 0
0.956 60.0064 0 22.4161 0 0.0425201 0
0.9565 60.0377 0 22.4279 0 0.0425424 0
0.957 60.0691 0 22.4396 0 0.0425646 0
0.9575 60.1005 0 22.4513 0 0.0425869 0
0.958 60.1319 0 22.463 0 0.0426091 0
0.9585 60.1633 0 22.4748 0 0.0426313 0
0.959 60.1947 0 22.4865 0 0.0426536 0
0.9595 60.226 0 22.4982 0 0.0426758 0
0.96 60.2574 0 22.5099 0 0.0426981 0
0.9605 60.2888 0 22.5217 0 0.0427203 0
0.961 60.3202 0 22.5334 0 0.0427425 0
0.9615 60.3516 0 22.5451 0 0.0427648 0
0.962 60.383 0 22.5568 0 0.042787 0
0.9625 60.4144 0 22.5685 0 0.0428092 0
0.963 60.4457 0 22.5803 0 0.0428315 0
0.9635 60.4771 0 22.592 0 0.0428537 0
0.964 60.5085 0 22.6037 0 0.042876 0
0.9645 60.5399 0 22.6154 0 0.0428982 0
0.965 60.5713 0 22.6272 0 0.0429204 0
0.9655 60.6027 0 22.6389 0 0.0429427 0
0.966 60.634 0 22.6506 0 0.0429649 0
0.9665 60.6654 0 22.6623 0 0.0429872 0
0.967 60.6968 0 22.6741 0 0.0430094 0
0.9675 60.7282 0 22.6858 0 0.0430316 0
0.968 60.7596 0 22.6975 0 0.0430539 0
0.9685 60.791 0 22.7092 0 0.0430761 0
0.969 60.8223 0 22.721 0 0.0430983 0
0.9695 60.8537 0 22.7327 0 0.0431206 0
0.97 60.8851 0 22.7444 0 0.0431428 0
0.9705 60.9165 0 22.7561 0 0.0431651 0
0.971 60.9479 0 22.7679 0 0.0431873 0
0.9715 60.9793 0 22.7796 0 0.0432095 0
0.972 61.0106 0 22.7913 0 0.0432318 0
0.9725 61.042 0 22.803 0 0.043254 0
0.973 61.0734 0 22.8147 0 0.0432763 0
0.9735 61.1048 0 22.8265 0 0.0432985 0
0.974 61.1362 0 22.8382 0 0.0433207 0
0.9745 61.1676 0 22.8499 0 0.043343 0
0.975 61.199 0 22.8616 0 0.0433652 0
0.9755 61.2303 0 22.8734 0 0.0433874 0
0.976 61.2617 0 22.8851 0 0.0434097 0
0.9765 61.2931 0 22.8968 0 0.0434319 0
0.977 61.3245 0 22.9085 0 0.0434542 0
0.9775 61.3559 0 22.9203 0 0.0434764 0
0.978 61.3873 0 22.932 0 0.0434986 0
0.9785 61.4186 0 22.9437 0 0.0435209 0
0.979 61.45 0 22.9554 0 0.0435431 0
0.9795 61.4814 0 22.9672 0 0.0435654 0
0.98 61.5128 0 22.9789 0 0.0435876 0
0.9805 61.5442 0 22.9906 0 0.0436098 0
0.981 61.5756 0 23.0023 0 0.0436321 0
0.9815 61.6069 0 23.0141 0 0.0436543 0
0.982 61.6383 0 23.0258 0 0.0436765 0
0.9825 61.6697 0 23.0375 0 0.0436988 0
0.983 61.7011 0 23.0492 0 0.043721 0
0.9835 61.7325 0 23.061 0 0.0437433 0
0.984 61.7639 0 23.0727 0 0.0437655 0
0.9845 61.7953 0 23.0844 0 0.0437877 0
0.985 61.8266 0 23.0961 0 0.04381 0
0.9855 61.858 0 23.1078 0 0.0438322 0
0.986 61.8894 0 23.1196 0 0.0438545 0
0.9865 61.9208 0 23.1313 0 0.0438767 0
0.987 61.9522 0 23.143 0 0.0438989 0
0.9875 61.9836 0 23.1547 0 0.0439212 0
0.988 62.0149 0 23.1665 0 0.0439434 0
0.9885 62.0463 0 23.1782 0 0.0439657 0
0.989 62.0777 0 23.1899 0 0.0439879 0
0.9895 62.1091 0 23.2016 0 0.0440101 0
0.99 62.1405 0 23.2134 0 0.0440324 0
0.9905 62.1719 0 23.2251 0 0.0440546 0
0.991 62.2032 0 23.2368 0 0.0440768 0
0.9915 62.2346 0 23.2485 0 0.0440991 0
0.992 62.266 0 23.2603 0 0.0441213 0
0.9925 62.2974 0 23.272 0 0.0441436 0
0.993 62.3288 0 23.2837 0 0.0441658 0
0.9935 62.3602 0 23.2954 0 0.044188 0
0.994 62.3915 0 23.3072 0 0.0442103 0
0.9945 62.4229 0 23.3189 0 0.0442325 0
0.995 62.4543 0 23.3306 0 0.0442548 0
0.9955 62.4857 0 23.3423 0 0.044277 0
0.996 62.5171 0 23.354 0 0.0442992 0
0.9965 62.5485 0 23.3658 0 0.0443215 0
0.997 62.5799 0 23.3775 0 0.0443437 0
0.9975 62.6112 0 23.3892 0 0.0443659 0
0.998 62.6426 0 23.4009 0 0.0443882 0
0.9985 62.674 0 23.4127 0 0.0444104 0
0.999 62.7054 0 23.4244 0 0.0444327 0
0.9995 62.7368 0 23.4361 0 0.0444549 0
1 62.7682 0 23.4478 0 0.0444771 0
