0.0005 -4.93984 0 2.34058 0 -6162.02 0
0.001 -9.87969 0 4.68115 0 -12324 0
0.0015 -14.8195 0 7.02173 0 -18486.1 0
0.002 -19.7594 0 9.3623 0 -24648.1 0
0.0025 -24.6992 0 11.7029 0 -30810.1 0
0.003 -29.6391 0 14.0435 0 -36972.1 0
0.0035 -34.5789 0 16.384 0 -43134.1 0
0.004 -39.5188 0 18.7246 0 -49296.2 0
0.0045 -44.4586 0 21.0652 0 -55458.2 0
0.005 -49.3984 0 23.4058 0 -61620.2 0
0.0055 -54.3383 0 25.7463 0 -67782.2 0
0.006 -59.2781 0 28.0869 0 -73944.2 0
0.0065 -64.218 0 30.4275 0 -80106.3 0
0.007 -69.1578 0 32.7681 0 -86268.3 0
0.0075 -74.0977 0 35.1086 0 -92430.3 0
0.008 -79.0375 0 37.4492 0 -98592.3 0
0.0085 -83.9773 0 39.7898 0 -104754 0
0.009 -88.9172 0 42.1304 0 -110916 0
0.0095 -93.857 0 44.4709 0 -117078 0
0.01 -98.7969 0 46.8115 0 -123240 0
0.0105 -103.737 0 49.1521 0 -129402 0
0.011 -108.677 0 51.4927 0 -135564 0
0.0115 -113.616 0 53.8332 0 -141726 0
0.012 -118.556 0 56.1738 0 -147888 0
0.0125 -123.496 0 58.5144 0 -154050 0
0.013 -128.436 0 60.855 0 -160213 0
0.0135 -133.376 0 63.1955 0 -166375 0
0.014 -138.316 0 65.5361 0 -172537 0
0.0145 -143.255 0 67.8767 0 -178699 0
0.015 -148.195 0 70.2173 0 -184861 0
0.0155 -153.135 0 72.5578 0 -191023 0
0.016 -158.075 0 74.8984 0 -197185 0
0.0165 -163.015 0 77.239 0 -203347 0
0.017 -167.955 0 79.5796 0 -209509 0
0.0175 -172.895 0 81.9201 0 -215671 0
0.018 -177.834 0 84.2607 0 -221833 0
0.0185 -182.774 0 86.6013 0 -227995 0
0.019 -187.714 0 88.9419 0 -234157 0
0.0195 -192.654 0 91.2824 0 -240319 0
0.02 -197.594 0 93.623 0 -246481 0
0.0205 -202.534 0 95.9636 0 -252643 0
0.021 -207.473 0 98.3042 0 -258805 0
0.0215 -212.413 0 100.645 0 -264967 0
0.022 -217.353 0 102.985 0 -271129 0
0.0225 -222.293 0 105.326 0 -277291 0
0.023 -227.233 0 107.666 0 -283453 0
0.0235 -232.173 0 110.007 0 -289615 0
0.024 -237.113 0 112.348 0 -295777 0
0.0245 -242.052 0 114.688 0 -301939 0
0.025 -246.992 0 117.029 0 -308101 0
0.0255 -251.932 0 119.369 0 -314263 0
0.026 -256.872 0 121.71 0 -320425 0
0.0265 -261.812 0 124.05 0 -326587 0
0.027 -266.752 0 126.391 0 -332749 0
0.0275 -271.691 0 128.732 0 -338911 0
0.028 -276.631 0 131.072 0 -345073 0
0.0285 -281.571 0 133.413 0 -351235 0
0.029 -286.511 0 135.753 0 -357397 0
0.0295 -291.451 0 138.094 0 -363559 0
0.03 -296.391 0 140.435 0 -369721 0
0.0305 -301.33 0 142.775 0 -375883 0
0.031 -306.27 0 145.116 0 -382045 0
0.0315 -311.21 0 147.456 0 -388207 0
0.032 -316.15 0 149.797 0 -394369 0
0.0325 -321.09 0 152.137 0 -400531 0
0.033 -326.03 0 154.478 0 -406693 0
0.0335 -330.97 0 156.819 0 -412855 0
0.034 -335.909 0 159.159 0 -419017 0
0.0345 -340.849 0 161.5 0 -425179 0
0.035 -345.789 0 163.84 0 -431341 0
0.0355 -350.729 0 166.181 0 -437503 0
0.036 -355.669 0 168.521 0 -443665 0
0.0365 -360.609 0 170.862 0 -449827 0
0.037 -365.548 0 173.203 0 -455989 0
0.0375 -370.488 0 175.543 0 -462151 0
0.038 -375.428 0 177.884 0 -468313 0
0.0385 -380.368 0 180.224 0 -474476 0
0.039 -385.308 0 182.565 0 -480638 0
0.0395 -390.248 0 184.905 0 -486800 0
0.04 -395.188 0 187.246 0 -492962 0
0.0405 -400.127 0 189.587 0 -499124 0
0.041 -405.067 0 191.927 0 -505286 0
0.0415 -410.007 0 194.268 0 -511448 0
0.042 -414.947 0 196.608 0 -517610 0
0.0425 -419.887 0 198.949 0 -523772 0
0.043 -424.827 0 201.289 0 -529934 0
0.0435 -429.766 0 203.63 0 -536096 0
0.044 -434.706 0 205.971 0 -542258 0
0.0445 -439.646 0 208.311 0 -548420 0
0.045 -444.586 0 210.652 0 -554582 0
0.0455 -449.526 0 212.992 0 -560744 0
0.046 -454.466 0 215.333 0 -566906 0
0.0465 -459.405 0 217.674 0 -573068 0
0.047 -464.345 0 220.014 0 -579230 0
0.0475 -469.285 0 222.355 0 -585392 0
0.048 -474.225 0 224.695 0 -591554 0
0.0485 -479.165 0 227.036 0 -597716 0
0.049 -484.105 0 229.376 0 -603878 0
0.0495 -489.045 0 231.717 0 -610040 0
0.05 -493.984 0 234.058 0 -616202 0
0.0505 -498.924 0 236.398 0 -622364 0
0.051 -503.864 0 238.739 0 -628526 0
0.0515 -508.804 0 241.079 0 -634688 0
0.052 -513.744 0 243.42 0 -640850 0
0.0525 -518.684 0 245.76 0 -647012 0
0.053 -523.623 0 248.101 0 -653174 0
0.0535 -528.563 0 250.442 0 -659336 0
0.054 -533.503 0 252.782 0 -665498 0
0.0545 -538.443 0 255.123 0 -671660 0
0.055 -543.383 0 257.463 0 -677822 0
0.0555 -548.323 0 259.804 0 -683984 0
0.056 -553.263 0 262.144 0 -690146 0
0.0565 -558.202 0 264.485 0 -696308 0
0.057 -563.142 0 266.826 0 -702470 0
0.0575 -568.082 0 269.166 0 -708632 0
0.058 -573.022 0 271.507 0 -714794 0
0.0585 -577.962 0 273.847 0 -720956 0
0.059 -582.902 0 276.188 0 -727118 0
0.0595 -587.841 0 278.528 0 -733280 0
0.06 -592.781 0 280.869 0 -739442 0
0.0605 -597.721 0 283.21 0 -745604 0
0.061 -602.661 0 285.55 0 -751766 0
0.0615 -607.601 0 287.891 0 -757928 0
0.062 -612.541 0 290.231 0 -764090 0
0.0625 -617.48 0 292.572 0 -770252 0
0.063 -622.42 0 294.913 0 -776414 0
0.0635 -627.36 0 297.253 0 -782576 0
0.064 -632.3 0 299.594 0 -788739 0
0.0645 -637.24 0 301.934 0 -794901 0
0.065 -642.18 0 304.275 0 -801063 0
0.0655 -647.12 0 306.615 0 -807225 0
0.066 -652.059 0 308.956 0 -813387 0
0.0665 -656.999 0 311.297 0 -819549 0
0.067 -661.939 0 313.637 0 -825711 0
0.0675 -666.879 0 315.978 0 -831873 0
0.068 -671.819 0 318.318 0 -838035 0
0.0685 -676.759 0 320.659 0 -844197 0
0.069 -681.698 0 322.999 0 -850359 0
0.0695 -686.638 0 325.34 0 -856521 0
0.07 -691.578 0 327.681 0 -862683 0
0.0705 -696.518 0 330.021 0 -868845 0
0.071 -701.458 0 332.362 0 -875007 0
0.0715 -706.398 0 334.702 0 -881169 0
0.072 -711.338 0 337.043 0 -887331 0
0.0725 -716.277 0 339.383 0 -893493 0
0.073 -721.217 0 341.724 0 -899655 0
0.0735 -726.157 0 344.065 0 -905817 0
0.074 -731.097 0 346.405 0 -911979 0
0.0745 -736.037 0 348.746 0 -918141 0
0.075 -740.977 0 351.086 0 -924303 0
0.0755 -745.916 0 353.427 0 -930465 0
0.076 -750.856 0 355.767 0 -936627 0
0.0765 -755.796 0 358.108 0 -942789 0
0.077 -760.736 0 360.449 0 -948951 0
0.0775 -765.676 0 362.789 0 -955113 0
0.078 -770.616 0 365.13 0 -961275 0
0.0785 -775.555 0 367.47 0 -967437 0
0.079 -780.495 0 369.811 0 -973599 0
0.0795 -785.435 0 372.151 0 -979761 0
0.08 -790.375 0 374.492 0 -985923 0
0.0805 -795.315 0 376.833 0 -992085 0
0.081 -800.255 0 379.173 0 -998247 0
0.0815 -805.195 0 381.514 0 -1.00441e+06 0
0.082 -810.134 0 383.854 0 -1.01057e+06 0
0.0825 -815.074 0 386.195 0 -1.01673e+06 0
0.083 -820.014 0 388.536 0 -1.0229e+06 0
0.0835 -824.954 0 390.876 0 -1.02906e+06 0
0.084 -829.894 0 393.217 0 -1.03522e+06 0
0.0845 -834.834 0 395.557 0 -1.04138e+06 0
0.085 -839.773 0 397.898 0 -1.04754e+06 0
0.0855 -844.713 0 400.238 0 -1.05371e+06 0
0.086 -849.653 0 402.579 0 -1.05987e+06 0
0.0865 -854.593 0 404.92 0 -1.06603e+06 0
0.087 -859.533 0 407.26 0 -1.07219e+06 0
0.0875 -864.473 0 409.601 0 -1.07835e+06 0
0.088 -869.413 0 411.941 0 -1.08452e+06 0
0.0885 -874.352 0 414.282 0 -1.09068e+06 0
0.089 -879.292 0 416.622 0 -1.09684e+06 0
0.0895 -884.232 0 418.963 0 -1.103e+06 0
0.09 -889.172 0 421.304 0 -1.10916e+06 0
0.0905 -894.112 0 423.644 0 -1.11533e+06 0
0.091 -899.052 0 425.985 0 -1.12149e+06 0
0.0915 -903.991 0 428.325 0 -1.12765e+06 0
0.092 -908.931 0 430.666 0 -1.13381e+06 0
0.0925 -913.871 0 433.006 0 -1.13997e+06 0
0.093 -918.811 0 435.347 0 -1.14614e+06 0
0.0935 -923.751 0 437.688 0 -1.1523e+06 0
0.094 -928.691 0 440.028 0 -1.15846e+06 0
0.0945 -933.631 0 442.369 0 -1.16462e+06 0
0.095 -938.57 0 444.709 0 -1.17078e+06 0
0.0955 -943.51 0 447.05 0 -1.17695e+06 0
0.096 -948.45 0 449.39 0 -1.18311e+06 0
0.0965 -953.39 0 451.731 0 -1.18927e+06 0
0.097 -958.33 0 454.072 0 -1.19543e+06 0
0.0975 -963.27 0 456.412 0 -1.20159e+06 0
0.098 -968.209 0 458.753 0 -1.20776e+06 0
0.0985 -973.149 0 461.093 0 -1.21392e+06 0
0.099 -978.089 0 463.434 0 -1.22008e+06 0
0.0995 -983.029 0 465.775 0 -1.22624e+06 0
0.1 -987.969 0 468.115 0 -1.2324e+06 0
0.1005 -992.909 0 470.456 0 -1.23857e+06 0
0.101 -997.848 0 472.796 0 -1.24473e+06 0
0.1015 -1002.79 0 475.137 0 -1.25089e+06 0
0.102 -1007.73 0 477.477 0 -1.25705e+06 0
0.1025 -1012.67 0 479.818 0 -1.26321e+06 0
0.103 -1017.61 0 482.159 0 -1.26938e+06 0
0.1035 -1022.55 0 484.499 0 -1.27554e+06 0
0.104 -1027.49 0 486.84 0 -1.2817e+06 0
0.1045 -1032.43 0 489.18 0 -1.28786e+06 0
0.105 -1037.37 0 491.521 0 -1.29402e+06 0
0.1055 -1042.31 0 493.861 0 -1.30019e+06 0
0.106 -1047.25 0 496.202 0 -1.30635e+06 0
0.1065 -1052.19 0 498.543 0 -1.31251e+06 0
0.107 -1057.13 0 500.883 0 -1.31867e+06 0
0.1075 -1062.07 0 503.224 0 -1.32483e+06 0
0.108 -1067.01 0 505.564 0 -1.331e+06 0
0.1085 -1071.95 0 507.905 0 -1.33716e+06 0
0.109 -1076.89 0 510.245 0 -1.34332e+06 0
0.1095 -1081.83 0 512.586 0 -1.34948e+06 0
0.11 -1086.77 0 514.927 0 -1.35564e+06 0
0.1105 -1091.71 0 517.267 0 -1.36181e+06 0
0.111 -1096.65 0 519.608 0 -1.36797e+06 0
0.1115 -1101.59 0 521.948 0 -1.37413e+06 0
0.112 -1106.53 0 524.289 0 -1.38029e+06 0
0.1125 -1111.46 0 526.629 0 -1.38645e+06 0
0.113 -1116.4 0 528.97 0 -1.39262e+06 0
0.1135 -1121.34 0 531.311 0 -1.39878e+06 0
0.114 -1126.28 0 533.651 0 -1.40494e+06 0
0.1145 -1131.22 0 535.992 0 -1.4111e+06 0
0.115 -1136.16 0 538.332 0 -1.41726e+06 0
0.1155 -1141.1 0 540.673 0 -1.42343e+06 0
0.116 -1146.04 0 543.013 0 -1.42959e+06 0
0.1165 -1150.98 0 545.354 0 -1.43575e+06 0
0.117 -1155.92 0 547.695 0 -1.44191e+06 0
0.1175 -1160.86 0 550.035 0 -1.44807e+06 0
0.118 -1165.8 0 552.376 0 -1.45424e+06 0
0.1185 -1170.74 0 554.716 0 -1.4604e+06 0
0.119 -1175.68 0 557.057 0 -1.46656e+06 0
0.1195 -1180.62 0 559.398 0 -1.47272e+06 0
0.12 -1185.56 0 561.738 0 -1.47888e+06 0
0.1205 -1190.5 0 564.079 0 -1.48505e+06 0
0.121 -1195.44 0 566.419 0 -1.49121e+06 0
0.1215 -1200.38 0 568.76 0 -1.49737e+06 0
0.122 -1205.32 0 571.1 0 -1.50353e+06 0
0.1225 -1210.26 0 573.441 0 -1.50969e+06 0
0.123 -1215.2 0 575.782 0 -1.51586e+06 0
0.1235 -1220.14 0 578.122 0 -1.52202e+06 0
0.124 -1225.08 0 580.463 0 -1.52818e+06 0
0.1245 -1230.02 0 582.803 0 -1.53434e+06 0
0.125 -1234.96 0 585.144 0 -1.5405e+06 0
0.1255 -1239.9 0 587.484 0 -1.54667e+06 0
0.126 -1244.84 0 589.825 0 -1.55283e+06 0
0.1265 -1249.78 0 592.166 0 -1.55899e+06 0
0.127 -1254.72 0 594.506 0 -1.56515e+06 0
0.1275 -1259.66 0 596.847 0 -1.57132e+06 0
0.128 -1264.6 0 599.187 0 -1.57748e+06 0
0.1285 -1269.54 0 601.528 0 -1.58364e+06 0
0.129 -1274.48 0 603.868 0 -1.5898e+06 0
0.1295 -1279.42 0 606.209 0 -1.59596e+06 0
0.13 -1284.36 0 608.55 0 -1.60213e+06 0
0.1305 -1289.3 0 610.89 0 -1.60829e+06 0
0.131 -1294.24 0 613.231 0 -1.61445e+06 0
0.1315 -1299.18 0 615.571 0 -1.62061e+06 0
0.132 -1304.12 0 617.912 0 -1.62677e+06 0
0.1325 -1309.06 0 620.252 0 -1.63294e+06 0
0.133 -1314 0 622.593 0 -1.6391e+06 0
0.1335 -1318.94 0 624.934 0 -1.64526e+06 0
0.134 -1323.88 0 627.274 0 -1.65142e+06 0
0.1345 -1328.82 0 629.615 0 -1.65758e+06 0
0.135 -1333.76 0 631.955 0 -1.66375e+06 0
0.1355 -1338.7 0 634.296 0 -1.66991e+06 0
0.136 -1343.64 0 636.637 0 -1.67607e+06 0
0.1365 -1348.58 0 638.977 0 -1.68223e+06 0
0.137 -1353.52 0 641.318 0 -1.68839e+06 0
0.1375 -1358.46 0 643.658 0 -1.69456e+06 0
0.138 -1363.4 0 645.999 0 -1.70072e+06 0
0.1385 -1368.34 0 648.339 0 -1.70688e+06 0
0.139 -1373.28 0 650.68 0 -1.71304e+06 0
0.1395 -1378.22 0 653.021 0 -1.7192e+06 0
0.14 -1383.16 0 655.361 0 -1.72537e+06 0
0.1405 -1388.1 0 657.702 0 -1.73153e+06 0
0.141 -1393.04 0 660.042 0 -1.73769e+06 0
0.1415 -1397.98 0 662.383 0 -1.74385e+06 0
0.142 -1402.92 0 664.723 0 -1.75001e+06 0
0.1425 -1407.86 0 667.064 0 -1.75618e+06 0
0.143 -1412.8 0 669.405 0 -1.76234e+06 0
0.1435 -1417.74 0 671.745 0 -1.7685e+06 0
0.144 -1422.68 0 674.086 0 -1.77466e+06 0
0.1445 -1427.61 0 676.426 0 -1.78082e+06 0
0.145 -1432.55 0 678.767 0 -1.78699e+06 0
0.1455 -1437.49 0 681.107 0 -1.79315e+06 0
0.146 -1442.43 0 683.448 0 -1.79931e+06 0
0.1465 -1447.37 0 685.789 0 -1.80547e+06 0
0.147 -1452.31 0 688.129 0 -1.81163e+06 0
0.1475 -1457.25 0 690.47 0 -1.8178e+06 0
0.148 -1462.19 0 692.81 0 -1.82396e+06 0
0.1485 -1467.13 0 695.151 0 -1.83012e+06 0
0.149 -1472.07 0 697.491 0 -1.83628e+06 0
0.1495 -1477.01 0 699.832 0 -1.84244e+06 0
0.15 -1481.95 0 702.173 0 -1.84861e+06 0
0.1505 -1486.89 0 704.513 0 -1.85477e+06 0
0.151 -1491.83 0 706.854 0 -1.86093e+06 0
0.1515 -1496.77 0 709.194 0 -1.86709e+06 0
0.152 -1501.71 0 711.535 0 -1.87325e+06 0
0.1525 -1506.65 0 713.876 0 -1.87942e+06 0
0.153 -1511.59 0 716.216 0 -1.88558e+06 0
0.1535 -1516.53 0 718.557 0 -1.89174e+06 0
0.154 -1521.47 0 720.897 0 -1.8979e+06 0
0.1545 -1526.41 0 723.238 0 -1.90406e+06 0
0.155 -1531.35 0 725.578 0 -1.91023e+06 0
0.1555 -1536.29 0 727.919 0 -1.91639e+06 0
0.156 -1541.23 0 730.26 0 -1.92255e+06 0
0.1565 -1546.17 0 732.6 0 -1.92871e+06 0
0.157 -1551.11 0 734.941 0 -1.93487e+06 0
0.1575 -1556.05 0 737.281 0 -1.94104e+06 0
0.158 -1560.99 0 739.622 0 -1.9472e+06 0
0.1585 -1565.93 0 741.962 0 -1.95336e+06 0
0.159 -1570.87 0 744.303 0 -1.95952e+06 0
0.1595 -1575.81 0 746.644 0 -1.96568e+06 0
0.16 -1580.75 0 748.984 0 -1.97185e+06 0
0.1605 -1585.69 0 751.325 0 -1.97801e+06 0
0.161 -1590.63 0 753.665 0 -1.98417e+06 0
0.1615 -1595.57 0 756.006 0 -1.99033e+06 0
0.162 -1600.51 0 758.346 0 -1.99649e+06 0
0.1625 -1605.45 0 760.687 0 -2.00266e+06 0
0.163 -1610.39 0 763.028 0 -2.00882e+06 0
0.1635 -1615.33 0 765.368 0 -2.01498e+06 0
0.164 -1620.27 0 767.709 0 -2.02114e+06 0
0.1645 -1625.21 0 770.049 0 -2.0273e+06 0
0.165 -1630.15 0 772.39 0 -2.03347e+06 0
0.1655 -1635.09 0 774.73 0 -2.03963e+06 0
0.166 -1640.03 0 777.071 0 -2.04579e+06 0
0.1665 -1644.97 0 779.412 0 -2.05195e+06 0
0.167 -1649.91 0 781.752 0 -2.05811e+06 0
0.1675 -1654.85 0 784.093 0 -2.06428e+06 0
0.168 -1659.79 0 786.433 0 -2.07044e+06 0
0.1685 -1664.73 0 788.774 0 -2.0766e+06 0
0.169 -1669.67 0 791.114 0 -2.08276e+06 0
0.1695 -1674.61 0 793.455 0 -2.08892e+06 0
0.17 -1679.55 0 795.796 0 -2.09509e+06 0
0.1705 -1684.49 0 798.136 0 -2.10125e+06 0
0.171 -1689.43 0 800.477 0 -2.10741e+06 0
0.1715 -1694.37 0 802.817 0 -2.11357e+06 0
0.172 -1699.31 0 805.158 0 -2.11973e+06 0
0.1725 -1704.25 0 807.499 0 -2.1259e+06 0
0.173 -1709.19 0 809.839 0 -2.13206e+06 0
0.1735 -1714.13 0 812.18 0 -2.13822e+06 0
0.174 -1719.07 0 814.52 0 -2.14438e+06 0
0.1745 -1724.01 0 816.861 0 -2.15054e+06 0
0.175 -1728.95 0 819.201 0 -2.15671e+06 0
0.1755 -1733.89 0 821.542 0 -2.16287e+06 0
0.176 -1738.83 0 823.883 0 -2.16903e+06 0
0.1765 -1743.76 0 826.223 0 -2.17519e+06 0
0.177 -1748.7 0 828.564 0 -2.18135e+06 0
0.1775 -1753.64 0 830.904 0 -2.18752e+06 0
0.178 -1758.58 0 833.245 0 -2.19368e+06 0
0.1785 -1763.52 0 835.585 0 -2.19984e+06 0
0.179 -1768.46 0 837.926 0 -2.206e+06 0
0.1795 -1773.4 0 840.267 0 -2.21217e+06 0
0.18 -1778.34 0 842.607 0 -2.21833e+06 0
0.1805 -1783.28 0 844.948 0 -2.22449e+06 0
0.181 -1788.22 0 847.288 0 -2.23065e+06 0
0.1815 -1793.16 0 849.629 0 -2.23681e+06 0
0.182 -1798.1 0 851.969 0 -2.24298e+06 0
0.1825 -1803.04 0 854.31 0 -2.24914e+06 0
0.183 -1807.98 0 856.651 0 -2.2553e+06 0
0.1835 -1812.92 0 858.991 0 -2.26146e+06 0
0.184 -1817.86 0 861.332 0 -2.26762e+06 0
0.1845 -1822.8 0 863.672 0 -2.27379e+06 0
0.185 -1827.74 0 866.013 0 -2.27995e+06 0
0.1855 -1832.68 0 868.353 0 -2.28611e+06 0
0.186 -1837.62 0 870.694 0 -2.29227e+06 0
0.1865 -1842.56 0 873.035 0 -2.29843e+06 0
0.187 -1847.5 0 875.375 0 -2.3046e+06 0
0.1875 -1852.44 0 877.716 0 -2.31076e+06 0
0.188 -1857.38 0 880.056 0 -2.31692e+06 0
0.1885 -1862.32 0 882.397 0 -2.32308e+06 0
0.189 -1867.26 0 884.738 0 -2.32924e+06 0
0.1895 -1872.2 0 887.078 0 -2.33541e+06 0
0.19 -1877.14 0 889.419 0 -2.34157e+06 0
0.1905 -1882.08 0 891.759 0 -2.34773e+06 0
0.191 -1887.02 0 894.1 0 -2.35389e+06 0
0.1915 -1891.96 0 896.44 0 -2.36005e+06 0
0.192 -1896.9 0 898.781 0 -2.36622e+06 0
0.1925 -1901.84 0 901.122 0 -2.37238e+06 0
0.193 -1906.78 0 903.462 0 -2.37854e+06 0
0.1935 -1911.72 0 905.803 0 -2.3847e+06 0
0.194 -1916.66 0 908.143 0 -2.39086e+06 0
0.1945 -1921.6 0 910.484 0 -2.39703e+06 0
0.195 -1926.54 0 912.824 0 -2.40319e+06 0
0.1955 -1931.48 0 915.165 0 -2.40935e+06 0
0.196 -1936.42 0 917.506 0 -2.41551e+06 0
0.1965 -1941.36 0 919.846 0 -2.42167e+06 0
0.197 -1946.3 0 922.187 0 -2.42784e+06 0
0.1975 -1951.24 0 924.527 0 -2.434e+06 0
0.198 -1956.18 0 926.868 0 -2.44016e+06 0
0.1985 -1961.12 0 929.208 0 -2.44632e+06 0
0.199 -1966.06 0 931.549 0 -2.45248e+06 0
0.1995 -1971 0 933.89 0 -2.45865e+06 0
0.2 -1975.94 0 936.23 0 -2.46481e+06 0
0.2005 -1980.88 0 938.571 0 -2.47097e+06 0
0.201 -1985.82 0 940.911 0 -2.47713e+06 0
0.2015 -1990.76 0 943.252 0 -2.48329e+06 0
0.202 -1995.7 0 945.592 0 -2.48946e+06 0
0.2025 -2000.64 0 947.933 0 -2.49562e+06 0
0.203 -2005.58 0 950.274 0 -2.50178e+06 0
0.2035 -2010.52 0 952.614 0 -2.50794e+06 0
0.204 -2015.46 0 954.955 0 -2.5141e+06 0
0.2045 -2020.4 0 957.295 0 -2.52027e+06 0
0.205 -2025.34 0 959.636 0 -2.52643e+06 0
0.2055 -2030.28 0 961.976 0 -2.53259e+06 0
0.206 -2035.22 0 964.317 0 -2.53875e+06 0
0.2065 -2040.16 0 966.658 0 -2.54491e+06 0
0.207 -2045.1 0 968.998 0 -2.55108e+06 0
0.2075 -2050.04 0 971.339 0 -2.55724e+06 0
0.208 -2054.98 0 973.679 0 -2.5634e+06 0
0.2085 -2059.91 0 976.02 0 -2.56956e+06 0
0.209 -2064.85 0 978.361 0 -2.57572e+06 0
0.2095 -2069.79 0 980.701 0 -2.58189e+06 0
0.21 -2074.73 0 983.042 0 -2.58805e+06 0
0.2105 -2079.67 0 985.382 0 -2.59421e+06 0
0.211 -2084.61 0 987.723 0 -2.60037e+06 0
0.2115 -2089.55 0 990.063 0 -2.60653e+06 0
0.212 -2094.49 0 992.404 0 -2.6127e+06 0
0.2125 -2099.43 0 994.745 0 -2.61886e+06 0
0.213 -2104.37 0 997.085 0 -2.62502e+06 0
0.2135 -2109.31 0 999.426 0 -2.63118e+06 0
0.214 -2114.25 0 1001.77 0 -2.63734e+06 0
0.2145 -2119.19 0 1004.11 0 -2.64351e+06 0
0.215 -2124.13 0 1006.45 0 -2.64967e+06 0
0.2155 -2129.07 0 1008.79 0 -2.65583e+06 0
0.216 -2134.01 0 1011.13 0 -2.66199e+06 0
0.2165 -2138.95 0 1013.47 0 -2.66815e+06 0
0.217 -2143.89 0 1015.81 0 -2.67432e+06 0
0.2175 -2148.83 0 1018.15 0 -2.68048e+06 0
0.218 -2153.77 0 1020.49 0 -2.68664e+06 0
0.2185 -2158.71 0 1022.83 0 -2.6928e+06 0
0.219 -2163.65 0 1025.17 0 -2.69896e+06 0
0.2195 -2168.59 0 1027.51 0 -2.70513e+06 0
0.22 -2173.53 0 1029.85 0 -2.71129e+06 0
0.2205 -2178.47 0 1032.19 0 -2.71745e+06 0
0.221 -2183.41 0 1034.53 0 -2.72361e+06 0
0.2215 -2188.35 0 1036.87 0 -2.72977e+06 0
0.222 -2193.29 0 1039.22 0 -2.73594e+06 0
0.2225 -2198.23 0 1041.56 0 -2.7421e+06 0
0.223 -2203.17 0 1043.9 0 -2.74826e+06 0
0.2235 -2208.11 0 1046.24 0 -2.75442e+06 0
0.224 -2213.05 0 1048.58 0 -2.76058e+06 0
0.2245 -2217.99 0 1050.92 0 -2.76675e+06 0
0.225 -2222.93 0 1053.26 0 -2.77291e+06 0
0.2255 -2227.87 0 1055.6 0 -2.77907e+06 0
0.226 -2232.81 0 1057.94 0 -2.78523e+06 0
0.2265 -2237.75 0 1060.28 0 -2.79139e+06 0
0.227 -2242.69 0 1062.62 0 -2.79756e+06 0
0.2275 -2247.63 0 1064.96 0 -2.80372e+06 0
0.228 -2252.57 0 1067.3 0 -2.80988e+06 0
0.2285 -2257.51 0 1069.64 0 -2.81604e+06 0
0.229 -2262.45 0 1071.98 0 -2.82221e+06 0
0.2295 -2267.39 0 1074.32 0 -2.82837e+06 0
0.23 -2272.33 0 1076.66 0 -2.83453e+06 0
0.2305 -2277.27 0 1079.01 0 -2.84069e+06 0
0.231 -2282.21 0 1081.35 0 -2.84685e+06 0
0.2315 -2287.15 0 1083.69 0 -2.85302e+06 0
0.232 -2292.09 0 1086.03 0 -2.85918e+06 0
0.2325 -2297.03 0 1088.37 0 -2.86534e+06 0
0.233 -2301.97 0 1090.71 0 -2.8715e+06 0
0.2335 -2306.91 0 1093.05 0 -2.87766e+06 0
0.234 -2311.85 0 1095.39 0 -2.88383e+06 0
0.2345 -2316.79 0 1097.73 0 -2.88999e+06 0
0.235 -2321.73 0 1100.07 0 -2.89615e+06 0
0.2355 -2326.67 0 1102.41 0 -2.90231e+06 0
0.236 -2331.61 0 1104.75 0 -2.90847e+06 0
0.2365 -2336.55 0 1107.09 0 -2.91464e+06 0
0.237 -2341.49 0 1109.43 0 -2.9208e+06 0
0.2375 -2346.43 0 1111.77 0 -2.92696e+06 0
0.238 -2351.37 0 1114.11 0 -2.93312e+06 0
0.2385 -2356.31 0 1116.45 0 -2.93928e+06 0
0.239 -2361.25 0 1118.8 0 -2.94545e+06 0
0.2395 -2366.19 0 1121.14 0 -2.95161e+06 0
0.24 -2371.13 0 1123.48 0 -2.95777e+06 0
0.2405 -2376.06 0 1125.82 0 -2.96393e+06 0
0.241 -2381 0 1128.16 0 -2.97009e+06 0
0.2415 -2385.94 0 1130.5 0 -2.97626e+06 0
0.242 -2390.88 0 1132.84 0 -2.98242e+06 0
0.2425 -2395.82 0 1135.18 0 -2.98858e+06 0
0.243 -2400.76 0 1137.52 0 -2.99474e+06 0
0.2435 -2405.7 0 1139.86 0 -3.0009e+06 0
0.244 -2410.64 0 1142.2 0 -3.00707e+06 0
0.2445 -2415.58 0 1144.54 0 -3.01323e+06 0
0.245 -2420.52 0 1146.88 0 -3.01939e+06 0
0.2455 -2425.46 0 1149.22 0 -3.02555e+06 0
0.246 -2430.4 0 1151.56 0 -3.03171e+06 0
0.2465 -2435.34 0 1153.9 0 -3.03788e+06 0
0.247 -2440.28 0 1156.24 0 -3.04404e+06 0
0.2475 -2445.22 0 1158.58 0 -3.0502e+06 0
0.248 -2450.16 0 1160.93 0 -3.05636e+06 0
0.2485 -2455.1 0 1163.27 0 -3.06252e+06 0
0.249 -2460.04 0 1165.61 0 -3.06869e+06 0
0.2495 -2464.98 0 1167.95 0 -3.07485e+06 0
0.25 -2469.92 0 1170.29 0 -3.08101e+06 0
0.2505 -2474.86 0 1172.63 0 -3.08717e+06 0
0.251 -2479.8 0 1174.97 0 -3.09333e+06 0
0.2515 -2484.74 0 1177.31 0 -3.0995e+06 0
0.252 -2489.68 0 1179.65 0 -3.10566e+06 0
0.2525 -2494.62 0 1181.99 0 -3.11182e+06 0
0.253 -2499.56 0 1184.33 0 -3.11798e+06 0
0.2535 -2504.5 0 1186.67 0 -3.12414e+06 0
0.254 -2509.44 0 1189.01 0 -3.13031e+06 0
0.2545 -2514.38 0 1191.35 0 -3.13647e+06 0
0.255 -2519.32 0 1193.69 0 -3.14263e+06 0
0.2555 -2524.26 0 1196.03 0 -3.14879e+06 0
0.256 -2529.2 0 1198.37 0 -3.15495e+06 0
0.2565 -2534.14 0 1200.72 0 -3.16112e+06 0
0.257 -2539.08 0 1203.06 0 -3.16728e+06 0
0.2575 -2544.02 0 1205.4 0 -3.17344e+06 0
0.258 -2548.96 0 1207.74 0 -3.1796e+06 0
0.2585 -2553.9 0 1210.08 0 -3.18576e+06 0
0.259 -2558.84 0 1212.42 0 -3.19193e+06 0
0.2595 -2563.78 0 1214.76 0 -3.19809e+06 0
0.26 -2568.72 0 1217.1 0 -3.20425e+06 0
0.2605 -2573.66 0 1219.44 0 -3.21041e+06 0
0.261 -2578.6 0 1221.78 0 -3.21657e+06 0
0.2615 -2583.54 0 1224.12 0 -3.22274e+06 0
0.262 -2588.48 0 1226.46 0 -3.2289e+06 0
0.2625 -2593.42 0 1228.8 0 -3.23506e+06 0
0.263 -2598.36 0 1231.14 0 -3.24122e+06 0
0.2635 -2603.3 0 1233.48 0 -3.24738e+06 0
0.264 -2608.24 0 1235.82 0 -3.25355e+06 0
0.2645 -2613.18 0 1238.16 0 -3.25971e+06 0
0.265 -2618.12 0 1240.5 0 -3.26587e+06 0
0.2655 -2623.06 0 1242.85 0 -3.27203e+06 0
0.266 -2628 0 1245.19 0 -3.27819e+06 0
0.2665 -2632.94 0 1247.53 0 -3.28436e+06 0
0.267 -2637.88 0 1249.87 0 -3.29052e+06 0
0.2675 -2642.82 0 1252.21 0 -3.29668e+06 0
0.268 -2647.76 0 1254.55 0 -3.30284e+06 0
0.2685 -2652.7 0 1256.89 0 -3.309e+06 0
0.269 -2657.64 0 1259.23 0 -3.31517e+06 0
0.2695 -2662.58 0 1261.57 0 -3.32133e+06 0
0.27 -2667.52 0 1263.91 0 -3.32749e+06 0
0.2705 -2672.46 0 1266.25 0 -3.33365e+06 0
0.271 -2677.4 0 1268.59 0 -3.33981e+06 0
0.2715 -2682.34 0 1270.93 0 -3.34598e+06 0
0.272 -2687.28 0 1273.27 0 -3.35214e+06 0
0.2725 -2692.21 0 1275.61 0 -3.3583e+06 0
0.273 -2697.15 0 1277.95 0 -3.36446e+06 0
0.2735 -2702.09 0 1280.29 0 -3.37062e+06 0
0.274 -2707.03 0 1282.64 0 -3.37679e+06 0
0.2745 -2711.97 0 1284.98 0 -3.38295e+06 0
0.275 -2716.91 0 1287.32 0 -3.38911e+06 0
0.2755 -2721.85 0 1289.66 0 -3.39527e+06 0
0.276 -2726.79 0 1292 0 -3.40143e+06 0
0.2765 -2731.73 0 1294.34 0 -3.4076e+06 0
0.277 -2736.67 0 1296.68 0 -3.41376e+06 0
0.2775 -2741.61 0 1299.02 0 -3.41992e+06 0
0.278 -2746.55 0 1301.36 0 -3.42608e+06 0
0.2785 -2751.49 0 1303.7 0 -3.43224e+06 0
0.279 -2756.43 0 1306.04 0 -3.43841e+06 0
0.2795 -2761.37 0 1308.38 0 -3.44457e+06 0
0.28 -2766.31 0 1310.72 0 -3.45073e+06 0
0.2805 -2771.25 0 1313.06 0 -3.45689e+06 0
0.281 -2776.19 0 1315.4 0 -3.46306e+06 0
0.2815 -2781.13 0 1317.74 0 -3.46922e+06 0
0.282 -2786.07 0 1320.08 0 -3.47538e+06 0
0.2825 -2791.01 0 1322.43 0 -3.48154e+06 0
0.283 -2795.95 0 1324.77 0 -3.4877e+06 0
0.2835 -2800.89 0 1327.11 0 -3.49387e+06 0
0.284 -2805.83 0 1329.45 0 -3.50003e+06 0
0.2845 -2810.77 0 1331.79 0 -3.50619e+06 0
0.285 -2815.71 0 1334.13 0 -3.51235e+06 0
0.2855 -2820.65 0 1336.47 0 -3.51851e+06 0
0.286 -2825.59 0 1338.81 0 -3.52468e+06 0
0.2865 -2830.53 0 1341.15 0 -3.53084e+06 0
0.287 -2835.47 0 1343.49 0 -3.537e+06 0
0.2875 -2840.41 0 1345.83 0 -3.54316e+06 0
0.288 -2845.35 0 1348.17 0 -3.54932e+06 0
0.2885 -2850.29 0 1350.51 0 -3.55549e+06 0
0.289 -2855.23 0 1352.85 0 -3.56165e+06 0
0.2895 -2860.17 0 1355.19 0 -3.56781e+06 0
0.29 -2865.11 0 1357.53 0 -3.57397e+06 0
0.2905 -2870.05 0 1359.87 0 -3.58013e+06 0
0.291 -2874.99 0 1362.21 0 -3.5863e+06 0
0.2915 -2879.93 0 1364.56 0 -3.59246e+06 0
0.292 -2884.87 0 1366.9 0 -3.59862e+06 0
0.2925 -2889.81 0 1369.24 0 -3.60478e+06 0
0.293 -2894.75 0 1371.58 0 -3.61094e+06 0
0.2935 -2899.69 0 1373.92 0 -3.61711e+06 0
0.294 -2904.63 0 1376.26 0 -3.62327e+06 0
0.2945 -2909.57 0 1378.6 0 -3.62943e+06 0
0.295 -2914.51 0 1380.94 0 -3.63559e+06 0
0.2955 -2919.45 0 1383.28 0 -3.64175e+06 0
0.296 -2924.39 0 1385.62 0 -3.64792e+06 0
0.2965 -2929.33 0 1387.96 0 -3.65408e+06 0
0.297 -2934.27 0 1390.3 0 -3.66024e+06 0
0.2975 -2939.21 0 1392.64 0 -3.6664e+06 0
0.298 -2944.15 0 1394.98 0 -3.67256e+06 0
0.2985 -2949.09 0 1397.32 0 -3.67873e+06 0
0.299 -2954.03 0 1399.66 0 -3.68489e+06 0
0.2995 -2958.97 0 1402 0 -3.69105e+06 0
0.3 -2963.91 0 1404.35 0 -3.69721e+06 0
0.3005 -2968.85 0 1406.69 0 -3.70337e+06 0
0.301 -2973.79 0 1409.03 0 -3.70954e+06 0
0.3015 -2978.73 0 1411.37 0 -3.7157e+06 0
0.302 -2983.67 0 1413.71 0 -3.72186e+06 0
0.3025 -2988.61 0 1416.05 0 -3.72802e+06 0
0.303 -2993.55 0 1418.39 0 -3.73418e+06 0
0.3035 -2998.49 0 1420.73 0 -3.74035e+06 0
0.304 -3003.43 0 1423.07 0 -3.74651e+06 0
0.3045 -3008.36 0 1425.41 0 -3.75267e+06 0
0.305 -3013.3 0 1427.75 0 -3.75883e+06 0
0.3055 -3018.24 0 1430.09 0 -3.76499e+06 0
0.306 -3023.18 0 1432.43 0 -3.77116e+06 0
0.3065 -3028.12 0 1434.77 0 -3.77732e+06 0
0.307 -3033.06 0 1437.11 0 -3.78348e+06 0
0.3075 -3038 0 1439.45 0 -3.78964e+06 0
0.308 -3042.94 0 1441.79 0 -3.7958e+06 0
0.3085 -3047.88 0 1444.14 0 -3.80197e+06 0
0.309 -3052.82 0 1446.48 0 -3.80813e+06 0
0.3095 -3057.76 0 1448.82 0 -3.81429e+06 0
0.31 -3062.7 0 1451.16 0 -3.82045e+06 0
0.3105 -3067.64 0 1453.5 0 -3.82661e+06 0
0.311 -3072.58 0 1455.84 0 -3.83278e+06 0
0.3115 -3077.52 0 1458.18 0 -3.83894e+06 0
0.312 -3082.46 0 1460.52 0 -3.8451e+06 0
0.3125 -3087.4 0 1462.86 0 -3.85126e+06 0
0.313 -3092.34 0 1465.2 0 -3.85742e+06 0
0.3135 -3097.28 0 1467.54 0 -3.86359e+06 0
0.314 -3102.22 0 1469.88 0 -3.86975e+06 0
0.3145 -3107.16 0 1472.22 0 -3.87591e+06 0
0.315 -3112.1 0 1474.56 0 -3.88207e+06 0
0.3155 -3117.04 0 1476.9 0 -3.88823e+06 0
0.316 -3121.98 0 1479.24 0 -3.8944e+06 0
0.3165 -3126.92 0 1481.58 0 -3.90056e+06 0
0.317 -3131.86 0 1483.92 0 -3.90672e+06 0
0.3175 -3136.8 0 1486.27 0 -3.91288e+06 0
0.318 -3141.74 0 1488.61 0 -3.91904e+06 0
0.3185 -3146.68 0 1490.95 0 -3.92521e+06 0
0.319 -3151.62 0 1493.29 0 -3.93137e+06 0
0.3195 -3156.56 0 1495.63 0 -3.93753e+06 0
0.32 -3161.5 0 1497.97 0 -3.94369e+06 0
0.3205 -3166.44 0 1500.31 0 -3.94985e+06 0
0.321 -3171.38 0 1502.65 0 -3.95602e+06 0
0.3215 -3176.32 0 1504.99 0 -3.96218e+06 0
0.322 -3181.26 0 1507.33 0 -3.96834e+06 0
0.3225 -3186.2 0 1509.67 0 -3.9745e+06 0
0.323 -3191.14 0 1512.01 0 -3.98066e+06 0
0.3235 -3196.08 0 1514.35 0 -3.98683e+06 0
0.324 -3201.02 0 1516.69 0 -3.99299e+06 0
0.3245 -3205.96 0 1519.03 0 -3.99915e+06 0
0.325 -3210.9 0 1521.37 0 -4.00531e+06 0
0.3255 -3215.84 0 1523.71 0 -4.01147e+06 0
0.326 -3220.78 0 1526.06 0 -4.01764e+06 0
0.3265 -3225.72 0 1528.4 0 -4.0238e+06 0
0.327 -3230.66 0 1530.74 0 -4.02996e+06 0
0.3275 -3235.6 0 1533.08 0 -4.03612e+06 0
0.328 -3240.54 0 1535.42 0 -4.04228e+06 0
0.3285 -3245.48 0 1537.76 0 -4.04845e+06 0
0.329 -3250.42 0 1540.1 0 -4.05461e+06 0
0.3295 -3255.36 0 1542.44 0 -4.06077e+06 0
0.33 -3260.3 0 1544.78 0 -4.06693e+06 0
0.3305 -3265.24 0 1547.12 0 -4.0731e+06 0
0.331 -3270.18 0 1549.46 0 -4.07926e+06 0
0.3315 -3275.12 0 1551.8 0 -4.08542e+06 0
0.332 -3280.06 0 1554.14 0 -4.09158e+06 0
0.3325 -3285 0 1556.48 0 -4.09774e+06 0
0.333 -3289.94 0 1558.82 0 -4.10391e+06 0
0.3335 -3294.88 0 1561.16 0 -4.11007e+06 0
0.334 -3299.82 0 1563.5 0 -4.11623e+06 0
0.3345 -3304.76 0 1565.84 0 -4.12239e+06 0
0.335 -3309.7 0 1568.19 0 -4.12855e+06 0
0.3355 -3314.64 0 1570.53 0 -4.13472e+06 0
0.336 -3319.58 0 1572.87 0 -4.14088e+06 0
0.3365 -3324.51 0 1575.21 0 -4.14704e+06 0
0.337 -3329.45 0 1577.55 0 -4.1532e+06 0
0.3375 -3334.39 0 1579.89 0 -4.15936e+06 0
0.338 -3339.33 0 1582.23 0 -4.16553e+06 0
0.3385 -3344.27 0 1584.57 0 -4.17169e+06 0
0.339 -3349.21 0 1586.91 0 -4.17785e+06 0
0.3395 -3354.15 0 1589.25 0 -4.18401e+06 0
0.34 -3359.09 0 1591.59 0 -4.19017e+06 0
0.3405 -3364.03 0 1593.93 0 -4.19634e+06 0
0.341 -3368.97 0 1596.27 0 -4.2025e+06 0
0.3415 -3373.91 0 1598.61 0 -4.20866e+06 0
0.342 -3378.85 0 1600.95 0 -4.21482e+06 0
0.3425 -3383.79 0 1603.29 0 -4.22098e+06 0
0.343 -3388.73 0 1605.63 0 -4.22715e+06 0
0.3435 -3393.67 0 1607.98 0 -4.23331e+06 0
0.344 -3398.61 0 1610.32 0 -4.23947e+06 0
0.3445 -3403.55 0 1612.66 0 -4.24563e+06 0
0.345 -3408.49 0 1615 0 -4.25179e+06 0
0.3455 -3413.43 0 1617.34 0 -4.25796e+06 0
0.346 -3418.37 0 1619.68 0 -4.26412e+06 0
0.3465 -3423.31 0 1622.02 0 -4.27028e+06 0
0.347 -3428.25 0 1624.36 0 -4.27644e+06 0
0.3475 -3433.19 0 1626.7 0 -4.2826e+06 0
0.348 -3438.13 0 1629.04 0 -4.28877e+06 0
0.3485 -3443.07 0 1631.38 0 -4.29493e+06 0
0.349 -3448.01 0 1633.72 0 -4.30109e+06 0
0.3495 -3452.95 0 1636.06 0 -4.30725e+06 0
0.35 -3457.89 0 1638.4 0 -4.31341e+06 0
0.3505 -3462.83 0 1640.74 0 -4.31958e+06 0
0.351 -3467.77 0 1643.08 0 -4.32574e+06 0
0.3515 -3472.71 0 1645.42 0 -4.3319e+06 0
0.352 -3477.65 0 1647.77 0 -4.33806e+06 0
0.3525 -3482.59 0 1650.11 0 -4.34422e+06 0
0.353 -3487.53 0 1652.45 0 -4.35039e+06 0
0.3535 -3492.47 0 1654.79 0 -4.35655e+06 0
0.354 -3497.41 0 1657.13 0 -4.36271e+06 0
0.3545 -3502.35 0 1659.47 0 -4.36887e+06 0
0.355 -3507.29 0 1661.81 0 -4.37503e+06 0
0.3555 -3512.23 0 1664.15 0 -4.3812e+06 0
0.356 -3517.17 0 1666.49 0 -4.38736e+06 0
0.3565 -3522.11 0 1668.83 0 -4.39352e+06 0
0.357 -3527.05 0 1671.17 0 -4.39968e+06 0
0.3575 -3531.99 0 1673.51 0 -4.40584e+06 0
0.358 -3536.93 0 1675.85 0 -4.41201e+06 0
0.3585 -3541.87 0 1678.19 0 -4.41817e+06 0
0.359 -3546.81 0 1680.53 0 -4.42433e+06 0
0.3595 -3551.75 0 1682.87 0 -4.43049e+06 0
0.36 -3556.69 0 1685.21 0 -4.43665e+06 0
0.3605 -3561.63 0 1687.55 0 -4.44282e+06 0
0.361 -3566.57 0 1689.9 0 -4.44898e+06 0
0.3615 -3571.51 0 1692.24 0 -4.45514e+06 0
0.362 -3576.45 0 1694.58 0 -4.4613e+06 0
0.3625 -3581.39 0 1696.92 0 -4.46746e+06 0
0.363 -3586.33 0 1699.26 0 -4.47363e+06 0
0.3635 -3591.27 0 1701.6 0 -4.47979e+06 0
0.364 -3596.21 0 1703.94 0 -4.48595e+06 0
0.3645 -3601.15 0 1706.28 0 -4.49211e+06 0
0.365 -3606.09 0 1708.62 0 -4.49827e+06 0
0.3655 -3611.03 0 1710.96 0 -4.50444e+06 0
0.366 -3615.97 0 1713.3 0 -4.5106e+06 0
0.3665 -3620.91 0 1715.64 0 -4.51676e+06 0
0.367 -3625.85 0 1717.98 0 -4.52292e+06 0
0.3675 -3630.79 0 1720.32 0 -4.52908e+06 0
0.368 -3635.73 0 1722.66 0 -4.53525e+06 0
0.3685 -3640.66 0 1725 0 -4.54141e+06 0
0.369 -3645.6 0 1727.34 0 -4.54757e+06 0
0.3695 -3650.54 0 1729.69 0 -4.55373e+06 0
0.37 -3655.48 0 1732.03 0 -4.55989e+06 0
0.3705 -3660.42 0 1734.37 0 -4.56606e+06 0
0.371 -3665.36 0 1736.71 0 -4.57222e+06 0
0.3715 -3670.3 0 1739.05 0 -4.57838e+06 0
0.372 -3675.24 0 1741.39 0 -4.58454e+06 0
0.3725 -3680.18 0 1743.73 0 -4.5907e+06 0
0.373 -3685.12 0 1746.07 0 -4.59687e+06 0
0.3735 -3690.06 0 1748.41 0 -4.60303e+06 0
0.374 -3695 0 1750.75 0 -4.60919e+06 0
0.3745 -3699.94 0 1753.09 0 -4.61535e+06 0
0.375 -3704.88 0 1755.43 0 -4.62151e+06 0
0.3755 -3709.82 0 1757.77 0 -4.62768e+06 0
0.376 -3714.76 0 1760.11 0 -4.63384e+06 0
0.3765 -3719.7 0 1762.45 0 -4.64e+06 0
0.377 -3724.64 0 1764.79 0 -4.64616e+06 0
0.3775 -3729.58 0 1767.13 0 -4.65232e+06 0
0.378 -3734.52 0 1769.48 0 -4.65849e+06 0
0.3785 -3739.46 0 1771.82 0 -4.66465e+06 0
0.379 -3744.4 0 1774.16 0 -4.67081e+06 0
0.3795 -3749.34 0 1776.5 0 -4.67697e+06 0
0.38 -3754.28 0 1778.84 0 -4.68313e+06 0
0.3805 -3759.22 0 1781.18 0 -4.6893e+06 0
0.381 -3764.16 0 1783.52 0 -4.69546e+06 0
0.3815 -3769.1 0 1785.86 0 -4.70162e+06 0
0.382 -3774.04 0 1788.2 0 -4.70778e+06 0
0.3825 -3778.98 0 1790.54 0 -4.71395e+06 0
0.383 -3783.92 0 1792.88 0 -4.72011e+06 0
0.3835 -3788.86 0 1795.22 0 -4.72627e+06 0
0.384 -3793.8 0 1797.56 0 -4.73243e+06 0
0.3845 -3798.74 0 1799.9 0 -4.73859e+06 0
0.385 -3803.68 0 1802.24 0 -4.74476e+06 0
0.3855 -3808.62 0 1804.58 0 -4.75092e+06 0
0.386 -3813.56 0 1806.92 0 -4.75708e+06 0
0.3865 -3818.5 0 1809.26 0 -4.76324e+06 0
0.387 -3823.44 0 1811.61 0 -4.7694e+06 0
0.3875 -3828.38 0 1813.95 0 -4.77557e+06 0
0.388 -3833.32 0 1816.29 0 -4.78173e+06 0
0.3885 -3838.26 0 1818.63 0 -4.78789e+06 0
0.389 -3843.2 0 1820.97 0 -4.79405e+06 0
0.3895 -3848.14 0 1823.31 0 -4.80021e+06 0
0.39 -3853.08 0 1825.65 0 -4.80638e+06 0
0.3905 -3858.02 0 1827.99 0 -4.81254e+06 0
0.391 -3862.96 0 1830.33 0 -4.8187e+06 0
0.3915 -3867.9 0 1832.67 0 -4.82486e+06 0
0.392 -3872.84 0 1835.01 0 -4.83102e+06 0
0.3925 -3877.78 0 1837.35 0 -4.83719e+06 0
0.393 -3882.72 0 1839.69 0 -4.84335e+06 0
0.3935 -3887.66 0 1842.03 0 -4.84951e+06 0
0.394 -3892.6 0 1844.37 0 -4.85567e+06 0
0.3945 -3897.54 0 1846.71 0 -4.86183e+06 0
0.395 -3902.48 0 1849.05 0 -4.868e+06 0
0.3955 -3907.42 0 1851.4 0 -4.87416e+06 0
0.396 -3912.36 0 1853.74 0 -4.88032e+06 0
0.3965 -3917.3 0 1856.08 0 -4.88648e+06 0
0.397 -3922.24 0 1858.42 0 -4.89264e+06 0
0.3975 -3927.18 0 1860.76 0 -4.89881e+06 0
0.398 -3932.12 0 1863.1 0 -4.90497e+06 0
0.3985 -3937.06 0 1865.44 0 -4.91113e+06 0
0.399 -3942 0 1867.78 0 -4.91729e+06 0
0.3995 -3946.94 0 1870.12 0 -4.92345e+06 0
0.4 -3951.88 0 1872.46 0 -4.92962e+06 0
0.4005 -3956.81 0 1874.8 0 -4.93578e+06 0
0.401 -3961.75 0 1877.14 0 -4.94194e+06 0
0.4015 -3966.69 0 1879.48 0 -4.9481e+06 0
0.402 -3971.63 0 1881.82 0 -4.95426e+06 0
0.4025 -3976.57 0 1884.16 0 -4.96043e+06 0
0.403 -3981.51 0 1886.5 0 -4.96659e+06 0
0.4035 -3986.45 0 1888.84 0 -4.97275e+06 0
0.404 -3991.39 0 1891.18 0 -4.97891e+06 0
0.4045 -3996.33 0 1893.53 0 -4.98507e+06 0
0.405 -4001.27 0 1895.87 0 -4.99124e+06 0
0.4055 -4006.21 0 1898.21 0 -4.9974e+06 0
0.406 -4011.15 0 1900.55 0 -5.00356e+06 0
0.4065 -4016.09 0 1902.89 0 -5.00972e+06 0
0.407 -4021.03 0 1905.23 0 -5.01588e+06 0
0.4075 -4025.97 0 1907.57 0 -5.02205e+06 0
0.408 -4030.91 0 1909.91 0 -5.02821e+06 0
0.4085 -4035.85 0 1912.25 0 -5.03437e+06 0
0.409 -4040.79 0 1914.59 0 -5.04053e+06 0
0.4095 -4045.73 0 1916.93 0 -5.04669e+06 0
0.41 -4050.67 0 1919.27 0 -5.05286e+06 0
0.4105 -4055.61 0 1921.61 0 -5.05902e+06 0
0.411 -4060.55 0 1923.95 0 -5.06518e+06 0
0.4115 -4065.49 0 1926.29 0 -5.07134e+06 0
0.412 -4070.43 0 1928.63 0 -5.0775e+06 0
0.4125 -4075.37 0 1930.97 0 -5.08367e+06 0
0.413 -4080.31 0 1933.32 0 -5.08983e+06 0
0.4135 -4085.25 0 1935.66 0 -5.09599e+06 0
0.414 -4090.19 0 1938 0 -5.10215e+06 0
0.4145 -4095.13 0 1940.34 0 -5.10831e+06 0
0.415 -4100.07 0 1942.68 0 -5.11448e+06 0
0.4155 -4105.01 0 1945.02 0 -5.12064e+06 0
0.416 -4109.95 0 1947.36 0 -5.1268e+06 0
0.4165 -4114.89 0 1949.7 0 -5.13296e+06 0
0.417 -4119.83 0 1952.04 0 -5.13912e+06 0
0.4175 -4124.77 0 1954.38 0 -5.14529e+06 0
0.418 -4129.71 0 1956.72 0 -5.15145e+06 0
0.4185 -4134.65 0 1959.06 0 -5.15761e+06 0
0.419 -4139.59 0 1961.4 0 -5.16377e+06 0
0.4195 -4144.53 0 1963.74 0 -5.16993e+06 0
0.42 -4149.47 0 1966.08 0 -5.1761e+06 0
0.4205 -4154.41 0 1968.42 0 -5.18226e+06 0
0.421 -4159.35 0 1970.76 0 -5.18842e+06 0
0.4215 -4164.29 0 1973.11 0 -5.19458e+06 0
0.422 -4169.23 0 1975.45 0 -5.20074e+06 0
0.4225 -4174.17 0 1977.79 0 -5.20691e+06 0
0.423 -4179.11 0 1980.13 0 -5.21307e+06 0
0.4235 -4184.05 0 1982.47 0 -5.21923e+06 0
0.424 -4188.99 0 1984.81 0 -5.22539e+06 0
0.4245 -4193.93 0 1987.15 0 -5.23155e+06 0
0.425 -4198.87 0 1989.49 0 -5.23772e+06 0
0.4255 -4203.81 0 1991.83 0 -5.24388e+06 0
0.426 -4208.75 0 1994.17 0 -5.25004e+06 0
0.4265 -4213.69 0 1996.51 0 -5.2562e+06 0
0.427 -4218.63 0 1998.85 0 -5.26236e+06 0
0.4275 -4223.57 0 2001.19 0 -5.26853e+06 0
0.428 -4228.51 0 2003.53 0 -5.27469e+06 0
0.4285 -4233.45 0 2005.87 0 -5.28085e+06 0
0.429 -4238.39 0 2008.21 0 -5.28701e+06 0
0.4295 -4243.33 0 2010.55 0 -5.29317e+06 0
0.43 -4248.27 0 2012.89 0 -5.29934e+06 0
0.4305 -4253.21 0 2015.24 0 -5.3055e+06 0
0.431 -4258.15 0 2017.58 0 -5.31166e+06 0
0.4315 -4263.09 0 2019.92 0 -5.31782e+06 0
0.432 -4268.03 0 2022.26 0 -5.32399e+06 0
0.4325 -4272.97 0 2024.6 0 -5.33015e+06 0
0.433 -4277.9 0 2026.94 0 -5.33631e+06 0
0.4335 -4282.84 0 2029.28 0 -5.34247e+06 0
0.434 -4287.78 0 2031.62 0 -5.34863e+06 0
0.4345 -4292.72 0 2033.96 0 -5.3548e+06 0
0.435 -4297.66 0 2036.3 0 -5.36096e+06 0
0.4355 -4302.6 0 2038.64 0 -5.36712e+06 0
0.436 -4307.54 0 2040.98 0 -5.37328e+06 0
0.4365 -4312.48 0 2043.32 0 -5.37944e+06 0
0.437 -4317.42 0 2045.66 0 -5.38561e+06 0
0.4375 -4322.36 0 2048 0 -5.39177e+06 0
0.438 -4327.3 0 2050.34 0 -5.39793e+06 0
0.4385 -4332.24 0 2052.68 0 -5.40409e+06 0
0.439 -4337.18 0 2055.03 0 -5.41025e+06 0
0.4395 -4342.12 0 2057.37 0 -5.41642e+06 0
0.44 -4347.06 0 2059.71 0 -5.42258e+06 0
0.4405 -4352 0 2062.05 0 -5.42874e+06 0
0.441 -4356.94 0 2064.39 0 -5.4349e+06 0
0.4415 -4361.88 0 2066.73 0 -5.44106e+06 0
0.442 -4366.82 0 2069.07 0 -5.44723e+06 0
0.4425 -4371.76 0 2071.41 0 -5.45339e+06 0
0.443 -4376.7 0 2073.75 0 -5.45955e+06 0
0.4435 -4381.64 0 2076.09 0 -5.46571e+06 0
0.444 -4386.58 0 2078.43 0 -5.47187e+06 0
0.4445 -4391.52 0 2080.77 0 -5.47804e+06 0
0.445 -4396.46 0 2083.11 0 -5.4842e+06 0
0.4455 -4401.4 0 2085.45 0 -5.49036e+06 0
0.446 -4406.34 0 2087.79 0 -5.49652e+06 0
0.4465 -4411.28 0 2090.13 0 -5.50268e+06 0
0.447 -4416.22 0 2092.47 0 -5.50885e+06 0
0.4475 -4421.16 0 2094.81 0 -5.51501e+06 0
0.448 -4426.1 0 2097.16 0 -5.52117e+06 0
0.4485 -4431.04 0 2099.5 0 -5.52733e+06 0
0.449 -4435.98 0 2101.84 0 -5.53349e+06 0
0.4495 -4440.92 0 2104.18 0 -5.53966e+06 0
0.45 -4445.86 0 2106.52 0 -5.54582e+06 0
0.4505 -4450.8 0 2108.86 0 -5.55198e+06 0
0.451 -4455.74 0 2111.2 0 -5.55814e+06 0
0.4515 -4460.68 0 2113.54 0 -5.5643e+06 0
0.452 -4465.62 0 2115.88 0 -5.57047e+06 0
0.4525 -4470.56 0 2118.22 0 -5.57663e+06 0
0.453 -4475.5 0 2120.56 0 -5.58279e+06 0
0.4535 -4480.44 0 2122.9 0 -5.58895e+06 0
0.454 -4485.38 0 2125.24 0 -5.59511e+06 0
0.4545 -4490.32 0 2127.58 0 -5.60128e+06 0
0.455 -4495.26 0 2129.92 0 -5.60744e+06 0
0.4555 -4500.2 0 2132.26 0 -5.6136e+06 0
0.456 -4505.14 0 2134.6 0 -5.61976e+06 0
0.4565 -4510.08 0 2136.95 0 -5.62592e+06 0
0.457 -4515.02 0 2139.29 0 -5.63209e+06 0
0.4575 -4519.96 0 2141.63 0 -5.63825e+06 0
0.458 -4524.9 0 2143.97 0 -5.64441e+06 0
0.4585 -4529.84 0 2146.31 0 -5.65057e+06 0
0.459 -4534.78 0 2148.65 0 -5.65673e+06 0
0.4595 -4539.72 0 2150.99 0 -5.6629e+06 0
0.46 -4544.66 0 2153.33 0 -5.66906e+06 0
0.4605 -4549.6 0 2155.67 0 -5.67522e+06 0
0.461 -4554.54 0 2158.01 0 -5.68138e+06 0
0.4615 -4559.48 0 2160.35 0 -5.68754e+06 0
0.462 -4564.42 0 2162.69 0 -5.69371e+06 0
0.4625 -4569.36 0 2165.03 0 -5.69987e+06 0
0.463 -4574.3 0 2167.37 0 -5.70603e+06 0
0.4635 -4579.24 0 2169.71 0 -5.71219e+06 0
0.464 -4584.18 0 2172.05 0 -5.71835e+06 0
0.4645 -4589.12 0 2174.39 0 -5.72452e+06 0
0.465 -4594.05 0 2176.74 0 -5.73068e+06 0
0.4655 -4598.99 0 2179.08 0 -5.73684e+06 0
0.466 -4603.93 0 2181.42 0 -5.743e+06 0
0.4665 -4608.87 0 2183.76 0 -5.74916e+06 0
0.467 -4613.81 0 2186.1 0 -5.75533e+06 0
0.4675 -4618.75 0 2188.44 0 -5.76149e+06 0
0.468 -4623.69 0 2190.78 0 -5.76765e+06 0
0.4685 -4628.63 0 2193.12 0 -5.77381e+06 0
0.469 -4633.57 0 2195.46 0 -5.77997e+06 0
0.4695 -4638.51 0 2197.8 0 -5.78614e+06 0
0.47 -4643.45 0 2200.14 0 -5.7923e+06 0
0.4705 -4648.39 0 2202.48 0 -5.79846e+06 0
0.471 -4653.33 0 2204.82 0 -5.80462e+06 0
0.4715 -4658.27 0 2207.16 0 -5.81078e+06 0
0.472 -4663.21 0 2209.5 0 -5.81695e+06 0
0.4725 -4668.15 0 2211.84 0 -5.82311e+06 0
0.473 -4673.09 0 2214.18 0 -5.82927e+06 0
0.4735 -4678.03 0 2216.52 0 -5.83543e+06 0
0.474 -4682.97 0 2218.87 0 -5.84159e+06 0
0.4745 -4687.91 0 2221.21 0 -5.84776e+06 0
0.475 -4692.85 0 2223.55 0 -5.85392e+06 0
0.4755 -4697.79 0 2225.89 0 -5.86008e+06 0
0.476 -4702.73 0 2228.23 0 -5.86624e+06 0
0.4765 -4707.67 0 2230.57 0 -5.8724e+06 0
0.477 -4712.61 0 2232.91 0 -5.87857e+06 0
0.4775 -4717.55 0 2235.25 0 -5.88473e+06 0
0.478 -4722.49 0 2237.59 0 -5.89089e+06 0
0.4785 -4727.43 0 2239.93 0 -5.89705e+06 0
0.479 -4732.37 0 2242.27 0 -5.90321e+06 0
0.4795 -4737.31 0 2244.61 0 -5.90938e+06 0
0.48 -4742.25 0 2246.95 0 -5.91554e+06 0
0.4805 -4747.19 0 2249.29 0 -5.9217e+06 0
0.481 -4752.13 0 2251.63 0 -5.92786e+06 0
0.4815 -4757.07 0 2253.97 0 -5.93402e+06 0
0.482 -4762.01 0 2256.31 0 -5.94019e+06 0
0.4825 -4766.95 0 2258.66 0 -5.94635e+06 0
0.483 -4771.89 0 2261 0 -5.95251e+06 0
0.4835 -4776.83 0 2263.34 0 -5.95867e+06 0
0.484 -4781.77 0 2265.68 0 -5.96484e+06 0
0.4845 -4786.71 0 2268.02 0 -5.971e+06 0
0.485 -4791.65 0 2270.36 0 -5.97716e+06 0
0.4855 -4796.59 0 2272.7 0 -5.98332e+06 0
0.486 -4801.53 0 2275.04 0 -5.98948e+06 0
0.4865 -4806.47 0 2277.38 0 -5.99565e+06 0
0.487 -4811.41 0 2279.72 0 -6.00181e+06 0
0.4875 -4816.35 0 2282.06 0 -6.00797e+06 0
0.488 -4821.29 0 2284.4 0 -6.01413e+06 0
0.4885 -4826.23 0 2286.74 0 -6.02029e+06 0
0.489 -4831.17 0 2289.08 0 -6.02646e+06 0
0.4895 -4836.11 0 2291.42 0 -6.03262e+06 0
0.49 -4841.05 0 2293.76 0 -6.03878e+06 0
0.4905 -4845.99 0 2296.1 0 -6.04494e+06 0
0.491 -4850.93 0 2298.45 0 -6.0511e+06 0
0.4915 -4855.87 0 2300.79 0 -6.05727e+06 0
0.492 -4860.81 0 2303.13 0 -6.06343e+06 0
0.4925 -4865.75 0 2305.47 0 -6.06959e+06 0
0.493 -4870.69 0 2307.81 0 -6.07575e+06 0
0.4935 -4875.63 0 2310.15 0 -6.08191e+06 0
0.494 -4880.57 0 2312.49 0 -6.08808e+06 0
0.4945 -4885.51 0 2314.83 0 -6.09424e+06 0
0.495 -4890.45 0 2317.17 0 -6.1004e+06 0
0.4955 -4895.39 0 2319.51 0 -6.10656e+06 0
0.496 -4900.33 0 2321.85 0 -6.11272e+06 0
0.4965 -4905.27 0 2324.19 0 -6.11889e+06 0
0.497 -4910.2 0 2326.53 0 -6.12505e+06 0
0.4975 -4915.14 0 2328.87 0 -6.13121e+06 0
0.498 -4920.08 0 2331.21 0 -6.13737e+06 0
0.4985 -4925.02 0 2333.55 0 -6.14353e+06 0
0.499 -4929.96 0 2335.89 0 -6.1497e+06 0
0.4995 -4934.9 0 2338.23 0 -6.15586e+06 0
0.5 -4939.84 0 2340.58 0 -6.16202e+06 0
0.5005 -4944.78 0 2342.92 0 -6.16818e+06 0
0.501 -4949.72 0 2345.26 0 -6.17434e+06 0
0.5015 -4954.66 0 2347.6 0 -6.18051e+06 0
0.502 -4959.6 0 2349.94 0 -6.18667e+06 0
0.5025 -4964.54 0 2352.28 0 -6.19283e+06 0
0.503 -4969.48 0 2354.62 0 -6.19899e+06 0
0.5035 -4974.42 0 2356.96 0 -6.20515e+06 0
0.504 -4979.36 0 2359.3 0 -6.21132e+06 0
0.5045 -4984.3 0 2361.64 0 -6.21748e+06 0
0.505 -4989.24 0 2363.98 0 -6.22364e+06 0
0.5055 -4994.18 0 2366.32 0 -6.2298e+06 0
0.506 -4999.12 0 2368.66 0 -6.23596e+06 0
0.5065 -5004.06 0 2371 0 -6.24213e+06 0
0.507 -5009 0 2373.34 0 -6.24829e+06 0
0.5075 -5013.94 0 2375.68 0 -6.25445e+06 0
0.508 -5018.88 0 2378.02 0 -6.26061e+06 0
0.5085 -5023.82 0 2380.37 0 -6.26677e+06 0
0.509 -5028.76 0 2382.71 0 -6.27294e+06 0
0.5095 -5033.7 0 2385.05 0 -6.2791e+06 0
0.51 -5038.64 0 2387.39 0 -6.28526e+06 0
0.5105 -5043.58 0 2389.73 0 -6.29142e+06 0
0.511 -5048.52 0 2392.07 0 -6.29758e+06 0
0.5115 -5053.46 0 2394.41 0 -6.30375e+06 0
0.512 -5058.4 0 2396.75 0 -6.30991e+06 0
0.5125 -5063.34 0 2399.09 0 -6.31607e+06 0
0.513 -5068.28 0 2401.43 0 -6.32223e+06 0
0.5135 -5073.22 0 2403.77 0 -6.32839e+06 0
0.514 -5078.16 0 2406.11 0 -6.33456e+06 0
0.5145 -5083.1 0 2408.45 0 -6.34072e+06 0
0.515 -5088.04 0 2410.79 0 -6.34688e+06 0
0.5155 -5092.98 0 2413.13 0 -6.35304e+06 0
0.516 -5097.92 0 2415.47 0 -6.3592e+06 0
0.5165 -5102.86 0 2417.81 0 -6.36537e+06 0
0.517 -5107.8 0 2420.15 0 -6.37153e+06 0
0.5175 -5112.74 0 2422.5 0 -6.37769e+06 0
0.518 -5117.68 0 2424.84 0 -6.38385e+06 0
0.5185 -5122.62 0 2427.18 0 -6.39001e+06 0
0.519 -5127.56 0 2429.52 0 -6.39618e+06 0
0.5195 -5132.5 0 2431.86 0 -6.40234e+06 0
0.52 -5137.44 0 2434.2 0 -6.4085e+06 0
0.5205 -5142.38 0 2436.54 0 -6.41466e+06 0
0.521 -5147.32 0 2438.88 0 -6.42082e+06 0
0.5215 -5152.26 0 2441.22 0 -6.42699e+06 0
0.522 -5157.2 0 2443.56 0 -6.43315e+06 0
0.5225 -5162.14 0 2445.9 0 -6.43931e+06 0
0.523 -5167.08 0 2448.24 0 -6.44547e+06 0
0.5235 -5172.02 0 2450.58 0 -6.45163e+06 0
0.524 -5176.96 0 2452.92 0 -6.4578e+06 0
0.5245 -5181.9 0 2455.26 0 -6.46396e+06 0
0.525 -5186.84 0 2457.6 0 -6.47012e+06 0
0.5255 -5191.78 0 2459.94 0 -6.47628e+06 0
0.526 -5196.72 0 2462.29 0 -6.48244e+06 0
0.5265 -5201.66 0 2464.63 0 -6.48861e+06 0
0.527 -5206.6 0 2466.97 0 -6.49477e+06 0
0.5275 -5211.54 0 2469.31 0 -6.50093e+06 0
0.528 -5216.48 0 2471.65 0 -6.50709e+06 0
0.5285 -5221.42 0 2473.99 0 -6.51325e+06 0
0.529 -5226.35 0 2476.33 0 -6.51942e+06 0
0.5295 -5231.29 0 2478.67 0 -6.52558e+06 0
0.53 -5236.23 0 2481.01 0 -6.53174e+06 0
0.5305 -5241.17 0 2483.35 0 -6.5379e+06 0
0.531 -5246.11 0 2485.69 0 -6.54406e+06 0
0.5315 -5251.05 0 2488.03 0 -6.55023e+06 0
0.532 -5255.99 0 2490.37 0 -6.55639e+06 0
0.5325 -5260.93 0 2492.71 0 -6.56255e+06 0
0.533 -5265.87 0 2495.05 0 -6.56871e+06 0
0.5335 -5270.81 0 2497.39 0 -6.57487e+06 0
0.534 -5275.75 0 2499.73 0 -6.58104e+06 0
0.5345 -5280.69 0 2502.08 0 -6.5872e+06 0
0.535 -5285.63 0 2504.42 0 -6.59336e+06 0
0.5355 -5290.57 0 2506.76 0 -6.59952e+06 0
0.536 -5295.51 0 2509.1 0 -6.60569e+06 0
0.5365 -5300.45 0 2511.44 0 -6.61185e+06 0
0.537 -5305.39 0 2513.78 0 -6.61801e+06 0
0.5375 -5310.33 0 2516.12 0 -6.62417e+06 0
0.538 -5315.27 0 2518.46 0 -6.63033e+06 0
0.5385 -5320.21 0 2520.8 0 -6.6365e+06 0
0.539 -5325.15 0 2523.14 0 -6.64266e+06 0
0.5395 -5330.09 0 2525.48 0 -6.64882e+06 0
0.54 -5335.03 0 2527.82 0 -6.65498e+06 0
0.5405 -5339.97 0 2530.16 0 -6.66114e+06 0
0.541 -5344.91 0 2532.5 0 -6.66731e+06 0
0.5415 -5349.85 0 2534.84 0 -6.67347e+06 0
0.542 -5354.79 0 2537.18 0 -6.67963e+06 0
0.5425 -5359.73 0 2539.52 0 -6.68579e+06 0
0.543 -5364.67 0 2541.86 0 -6.69195e+06 0
0.5435 -5369.61 0 2544.21 0 -6.69812e+06 0
0.544 -5374.55 0 2546.55 0 -6.70428e+06 0
0.5445 -5379.49 0 2548.89 0 -6.71044e+06 0
0.545 -5384.43 0 2551.23 0 -6.7166e+06 0
0.5455 -5389.37 0 2553.57 0 -6.72276e+06 0
0.546 -5394.31 0 2555.91 0 -6.72893e+06 0
0.5465 -5399.25 0 2558.25 0 -6.73509e+06 0
0.547 -5404.19 0 2560.59 0 -6.74125e+06 0
0.5475 -5409.13 0 2562.93 0 -6.74741e+06 0
0.548 -5414.07 0 2565.27 0 -6.75357e+06 0
0.5485 -5419.01 0 2567.61 0 -6.75974e+06 0
0.549 -5423.95 0 2569.95 0 -6.7659e+06 0
0.5495 -5428.89 0 2572.29 0 -6.77206e+06 0
0.55 -5433.83 0 2574.63 0 -6.77822e+06 0
0.5505 -5438.77 0 2576.97 0 -6.78438e+06 0
0.551 -5443.71 0 2579.31 0 -6.79055e+06 0
0.5515 -5448.65 0 2581.65 0 -6.79671e+06 0
0.552 -5453.59 0 2584 0 -6.80287e+06 0
0.5525 -5458.53 0 2586.34 0 -6.80903e+06 0
0.553 -5463.47 0 2588.68 0 -6.81519e+06 0
0.5535 -5468.41 0 2591.02 0 -6.82136e+06 0
0.554 -5473.35 0 2593.36 0 -6.82752e+06 0
0.5545 -5478.29 0 2595.7 0 -6.83368e+06 0
0.555 -5483.23 0 2598.04 0 -6.83984e+06 0
0.5555 -5488.17 0 2600.38 0 -6.846e+06 0
0.556 -5493.11 0 2602.72 0 -6.85217e+06 0
0.5565 -5498.05 0 2605.06 0 -6.85833e+06 0
0.557 -5502.99 0 2607.4 0 -6.86449e+06 0
0.5575 -5507.93 0 2609.74 0 -6.87065e+06 0
0.558 -5512.87 0 2612.08 0 -6.87681e+06 0
0.5585 -5517.81 0 2614.42 0 -6.88298e+06 0
0.559 -5522.75 0 2616.76 0 -6.88914e+06 0
0.5595 -5527.69 0 2619.1 0 -6.8953e+06 0
0.56 -5532.63 0 2621.44 0 -6.90146e+06 0
0.5605 -5537.57 0 2623.79 0 -6.90762e+06 0
0.561 -5542.5 0 2626.13 0 -6.91379e+06 0
0.5615 -5547.44 0 2628.47 0 -6.91995e+06 0
0.562 -5552.38 0 2630.81 0 -6.92611e+06 0
0.5625 -5557.32 0 2633.15 0 -6.93227e+06 0
0.563 -5562.26 0 2635.49 0 -6.93843e+06 0
0.5635 -5567.2 0 2637.83 0 -6.9446e+06 0
0.564 -5572.14 0 2640.17 0 -6.95076e+06 0
0.5645 -5577.08 0 2642.51 0 -6.95692e+06 0
0.565 -5582.02 0 2644.85 0 -6.96308e+06 0
0.5655 -5586.96 0 2647.19 0 -6.96924e+06 0
0.566 -5591.9 0 2649.53 0 -6.97541e+06 0
0.5665 -5596.84 0 2651.87 0 -6.98157e+06 0
0.567 -5601.78 0 2654.21 0 -6.98773e+06 0
0.5675 -5606.72 0 2656.55 0 -6.99389e+06 0
0.568 -5611.66 0 2658.89 0 -7.00005e+06 0
0.5685 -5616.6 0 2661.23 0 -7.00622e+06 0
0.569 -5621.54 0 2663.57 0 -7.01238e+06 0
0.5695 -5626.48 0 2665.92 0 -7.01854e+06 0
0.57 -5631.42 0 2668.26 0 -7.0247e+06 0
0.5705 -5636.36 0 2670.6 0 -7.03086e+06 0
0.571 -5641.3 0 2672.94 0 -7.03703e+06 0
0.5715 -5646.24 0 2675.28 0 -7.04319e+06 0
0.572 -5651.18 0 2677.62 0 -7.04935e+06 0
0.5725 -5656.12 0 2679.96 0 -7.05551e+06 0
0.573 -5661.06 0 2682.3 0 -7.06167e+06 0
0.5735 -5666 0 2684.64 0 -7.06784e+06 0
0.574 -5670.94 0 2686.98 0 -7.074e+06 0
0.5745 -5675.88 0 2689.32 0 -7.08016e+06 0
0.575 -5680.82 0 2691.66 0 -7.08632e+06 0
0.5755 -5685.76 0 2694 0 -7.09248e+06 0
0.576 -5690.7 0 2696.34 0 -7.09865e+06 0
0.5765 -5695.64 0 2698.68 0 -7.10481e+06 0
0.577 -5700.58 0 2701.02 0 -7.11097e+06 0
0.5775 -5705.52 0 2703.36 0 -7.11713e+06 0
0.578 -5710.46 0 2705.71 0 -7.12329e+06 0
0.5785 -5715.4 0 2708.05 0 -7.12946e+06 0
0.579 -5720.34 0 2710.39 0 -7.13562e+06 0
0.5795 -5725.28 0 2712.73 0 -7.14178e+06 0
0.58 -5730.22 0 2715.07 0 -7.14794e+06 0
0.5805 -5735.16 0 2717.41 0 -7.1541e+06 0
0.581 -5740.1 0 2719.75 0 -7.16027e+06 0
0.5815 -5745.04 0 2722.09 0 -7.16643e+06 0
0.582 -5749.98 0 2724.43 0 -7.17259e+06 0
0.5825 -5754.92 0 2726.77 0 -7.17875e+06 0
0.583 -5759.86 0 2729.11 0 -7.18491e+06 0
0.5835 -5764.8 0 2731.45 0 -7.19108e+06 0
0.584 -5769.74 0 2733.79 0 -7.19724e+06 0
0.5845 -5774.68 0 2736.13 0 -7.2034e+06 0
0.585 -5779.62 0 2738.47 0 -7.20956e+06 0
0.5855 -5784.56 0 2740.81 0 -7.21573e+06 0
0.586 -5789.5 0 2743.15 0 -7.22189e+06 0
0.5865 -5794.44 0 2745.49 0 -7.22805e+06 0
0.587 -5799.38 0 2747.84 0 -7.23421e+06 0
0.5875 -5804.32 0 2750.18 0 -7.24037e+06 0
0.588 -5809.26 0 2752.52 0 -7.24654e+06 0
0.5885 -5814.2 0 2754.86 0 -7.2527e+06 0
0.589 -5819.14 0 2757.2 0 -7.25886e+06 0
0.5895 -5824.08 0 2759.54 0 -7.26502e+06 0
0.59 -5829.02 0 2761.88 0 -7.27118e+06 0
0.5905 -5833.96 0 2764.22 0 -7.27735e+06 0
0.591 -5838.9 0 2766.56 0 -7.28351e+06 0
0.5915 -5843.84 0 2768.9 0 -7.28967e+06 0
0.592 -5848.78 0 2771.24 0 -7.29583e+06 0
0.5925 -5853.72 0 2773.58 0 -7.30199e+06 0
0.593 -5858.65 0 2775.92 0 -7.30816e+06 0
0.5935 -5863.59 0 2778.26 0 -7.31432e+06 0
0.594 -5868.53 0 2780.6 0 -7.32048e+06 0
0.5945 -5873.47 0 2782.94 0 -7.32664e+06 0
0.595 -5878.41 0 2785.28 0 -7.3328e+06 0
0.5955 -5883.35 0 2787.63 0 -7.33897e+06 0
0.596 -5888.29 0 2789.97 0 -7.34513e+06 0
0.5965 -5893.23 0 2792.31 0 -7.35129e+06 0
0.597 -5898.17 0 2794.65 0 -7.35745e+06 0
0.5975 -5903.11 0 2796.99 0 -7.36361e+06 0
0.598 -5908.05 0 2799.33 0 -7.36978e+06 0
0.5985 -5912.99 0 2801.67 0 -7.37594e+06 0
0.599 -5917.93 0 2804.01 0 -7.3821e+06 0
0.5995 -5922.87 0 2806.35 0 -7.38826e+06 0
0.6 -5927.81 0 2808.69 0 -7.39442e+06 0
0.6005 -5932.75 0 2811.03 0 -7.40059e+06 0
0.601 -5937.69 0 2813.37 0 -7.40675e+06 0
0.6015 -5942.63 0 2815.71 0 -7.41291e+06 0
0.602 -5947.57 0 2818.05 0 -7.41907e+06 0
0.6025 -5952.51 0 2820.39 0 -7.42523e+06 0
0.603 -5957.45 0 2822.73 0 -7.4314e+06 0
0.6035 -5962.39 0 2825.07 0 -7.43756e+06 0
0.604 -5967.33 0 2827.42 0 -7.44372e+06 0
0.6045 -5972.27 0 2829.76 0 -7.44988e+06 0
0.605 -5977.21 0 2832.1 0 -7.45604e+06 0
0.6055 -5982.15 0 2834.44 0 -7.46221e+06 0
0.606 -5987.09 0 2836.78 0 -7.46837e+06 0
0.6065 -5992.03 0 2839.12 0 -7.47453e+06 0
0.607 -5996.97 0 2841.46 0 -7.48069e+06 0
0.6075 -6001.91 0 2843.8 0 -7.48685e+06 0
0.608 -6006.85 0 2846.14 0 -7.49302e+06 0
0.6085 -6011.79 0 2848.48 0 -7.49918e+06 0
0.609 -6016.73 0 2850.82 0 -7.50534e+06 0
0.6095 -6021.67 0 2853.16 0 -7.5115e+06 0
0.61 -6026.61 0 2855.5 0 -7.51766e+06 0
0.6105 -6031.55 0 2857.84 0 -7.52383e+06 0
0.611 -6036.49 0 2860.18 0 -7.52999e+06 0
0.6115 -6041.43 0 2862.52 0 -7.53615e+06 0
0.612 -6046.37 0 2864.86 0 -7.54231e+06 0
0.6125 -6051.31 0 2867.2 0 -7.54847e+06 0
0.613 -6056.25 0 2869.55 0 -7.55464e+06 0
0.6135 -6061.19 0 2871.89 0 -7.5608e+06 0
0.614 -6066.13 0 2874.23 0 -7.56696e+06 0
0.6145 -6071.07 0 2876.57 0 -7.57312e+06 0
0.615 -6076.01 0 2878.91 0 -7.57928e+06 0
0.6155 -6080.95 0 2881.25 0 -7.58545e+06 0
0.616 -6085.89 0 2883.59 0 -7.59161e+06 0
0.6165 -6090.83 0 2885.93 0 -7.59777e+06 0
0.617 -6095.77 0 2888.27 0 -7.60393e+06 0
0.6175 -6100.71 0 2890.61 0 -7.61009e+06 0
0.618 -6105.65 0 2892.95 0 -7.61626e+06 0
0.6185 -6110.59 0 2895.29 0 -7.62242e+06 0
0.619 -6115.53 0 2897.63 0 -7.62858e+06 0
0.6195 -6120.47 0 2899.97 0 -7.63474e+06 0
0.62 -6125.41 0 2902.31 0 -7.6409e+06 0
0.6205 -6130.35 0 2904.65 0 -7.64707e+06 0
0.621 -6135.29 0 2906.99 0 -7.65323e+06 0
0.6215 -6140.23 0 2909.34 0 -7.65939e+06 0
0.622 -6145.17 0 2911.68 0 -7.66555e+06 0
0.6225 -6150.11 0 2914.02 0 -7.67171e+06 0
0.623 -6155.05 0 2916.36 0 -7.67788e+06 0
0.6235 -6159.99 0 2918.7 0 -7.68404e+06 0
0.624 -6164.93 0 2921.04 0 -7.6902e+06 0
0.6245 -6169.87 0 2923.38 0 -7.69636e+06 0
0.625 -6174.8 0 2925.72 0 -7.70252e+06 0
0.6255 -6179.74 0 2928.06 0 -7.70869e+06 0
0.626 -6184.68 0 2930.4 0 -7.71485e+06 0
0.6265 -6189.62 0 2932.74 0 -7.72101e+06 0
0.627 -6194.56 0 2935.08 0 -7.72717e+06 0
0.6275 -6199.5 0 2937.42 0 -7.73333e+06 0
0.628 -6204.44 0 2939.76 0 -7.7395e+06 0
0.6285 -6209.38 0 2942.1 0 -7.74566e+06 0
0.629 -6214.32 0 2944.44 0 -7.75182e+06 0
0.6295 -6219.26 0 2946.78 0 -7.75798e+06 0
0.63 -6224.2 0 2949.13 0 -7.76414e+06 0
0.6305 -6229.14 0 2951.47 0 -7.77031e+06 0
0.631 -6234.08 0 2953.81 0 -7.77647e+06 0
0.6315 -6239.02 0 2956.15 0 -7.78263e+06 0
0.632 -6243.96 0 2958.49 0 -7.78879e+06 0
0.6325 -6248.9 0 2960.83 0 -7.79495e+06 0
0.633 -6253.84 0 2963.17 0 -7.80112e+06 0
0.6335 -6258.78 0 2965.51 0 -7.80728e+06 0
0.634 -6263.72 0 2967.85 0 -7.81344e+06 0
0.6345 -6268.66 0 2970.19 0 -7.8196e+06 0
0.635 -6273.6 0 2972.53 0 -7.82576e+06 0
0.6355 -6278.54 0 2974.87 0 -7.83193e+06 0
0.636 -6283.48 0 2977.21 0 -7.83809e+06 0
0.6365 -6288.42 0 2979.55 0 -7.84425e+06 0
0.637 -6293.36 0 2981.89 0 -7.85041e+06 0
0.6375 -6298.3 0 2984.23 0 -7.85658e+06 0
0.638 -6303.24 0 2986.57 0 -7.86274e+06 0
0.6385 -6308.18 0 2988.91 0 -7.8689e+06 0
0.639 -6313.12 0 2991.26 0 -7.87506e+06 0
0.6395 -6318.06 0 2993.6 0 -7.88122e+06 0
0.64 -6323 0 2995.94 0 -7.88739e+06 0
0.6405 -6327.94 0 2998.28 0 -7.89355e+06 0
0.641 -6332.88 0 3000.62 0 -7.89971e+06 0
0.6415 -6337.82 0 3002.96 0 -7.90587e+06 0
0.642 -6342.76 0 3005.3 0 -7.91203e+06 0
0.6425 -6347.7 0 3007.64 0 -7.9182e+06 0
0.643 -6352.64 0 3009.98 0 -7.92436e+06 0
0.6435 -6357.58 0 3012.32 0 -7.93052e+06 0
0.644 -6362.52 0 3014.66 0 -7.93668e+06 0
0.6445 -6367.46 0 3017 0 -7.94284e+06 0
0.645 -6372.4 0 3019.34 0 -7.94901e+06 0
0.6455 -6377.34 0 3021.68 0 -7.95517e+06 0
0.646 -6382.28 0 3024.02 0 -7.96133e+06 0
0.6465 -6387.22 0 3026.36 0 -7.96749e+06 0
0.647 -6392.16 0 3028.7 0 -7.97365e+06 0
0.6475 -6397.1 0 3031.05 0 -7.97982e+06 0
0.648 -6402.04 0 3033.39 0 -7.98598e+06 0
0.6485 -6406.98 0 3035.73 0 -7.99214e+06 0
0.649 -6411.92 0 3038.07 0 -7.9983e+06 0
0.6495 -6416.86 0 3040.41 0 -8.00446e+06 0
0.65 -6421.8 0 3042.75 0 -8.01063e+06 0
0.6505 -6426.74 0 3045.09 0 -8.01679e+06 0
0.651 -6431.68 0 3047.43 0 -8.02295e+06 0
0.6515 -6436.62 0 3049.77 0 -8.02911e+06 0
0.652 -6441.56 0 3052.11 0 -8.03527e+06 0
0.6525 -6446.5 0 3054.45 0 -8.04144e+06 0
0.653 -6451.44 0 3056.79 0 -8.0476e+06 0
0.6535 -6456.38 0 3059.13 0 -8.05376e+06 0
0.654 -6461.32 0 3061.47 0 -8.05992e+06 0
0.6545 -6466.26 0 3063.81 0 -8.06608e+06 0
0.655 -6471.2 0 3066.15 0 -8.07225e+06 0
0.6555 -6476.14 0 3068.49 0 -8.07841e+06 0
0.656 -6481.08 0 3070.83 0 -8.08457e+06 0
0.6565 -6486.02 0 3073.18 0 -8.09073e+06 0
0.657 -6490.95 0 3075.52 0 -8.09689e+06 0
0.6575 -6495.89 0 3077.86 0 -8.10306e+06 0
0.658 -6500.83 0 3080.2 0 -8.10922e+06 0
0.6585 -6505.77 0 3082.54 0 -8.11538e+06 0
0.659 -6510.71 0 3084.88 0 -8.12154e+06 0
0.6595 -6515.65 0 3087.22 0 -8.1277e+06 0
0.66 -6520.59 0 3089.56 0 -8.13387e+06 0
0.6605 -6525.53 0 3091.9 0 -8.14003e+06 0
0.661 -6530.47 0 3094.24 0 -8.14619e+06 0
0.6615 -6535.41 0 3096.58 0 -8.15235e+06 0
0.662 -6540.35 0 3098.92 0 -8.15851e+06 0
0.6625 -6545.29 0 3101.26 0 -8.16468e+06 0
0.663 -6550.23 0 3103.6 0 -8.17084e+06 0
0.6635 -6555.17 0 3105.94 0 -8.177e+06 0
0.664 -6560.11 0 3108.28 0 -8.18316e+06 0
0.6645 -6565.05 0 3110.62 0 -8.18932e+06 0
0.665 -6569.99 0 3112.97 0 -8.19549e+06 0
0.6655 -6574.93 0 3115.31 0 -8.20165e+06 0
0.666 -6579.87 0 3117.65 0 -8.20781e+06 0
0.6665 -6584.81 0 3119.99 0 -8.21397e+06 0
0.667 -6589.75 0 3122.33 0 -8.22013e+06 0
0.6675 -6594.69 0 3124.67 0 -8.2263e+06 0
0.668 -6599.63 0 3127.01 0 -8.23246e+06 0
0.6685 -6604.57 0 3129.35 0 -8.23862e+06 0
0.669 -6609.51 0 3131.69 0 -8.24478e+06 0
0.6695 -6614.45 0 3134.03 0 -8.25094e+06 0
0.67 -6619.39 0 3136.37 0 -8.25711e+06 0
0.6705 -6624.33 0 3138.71 0 -8.26327e+06 0
0.671 -6629.27 0 3141.05 0 -8.26943e+06 0
0.6715 -6634.21 0 3143.39 0 -8.27559e+06 0
0.672 -6639.15 0 3145.73 0 -8.28175e+06 0
0.6725 -6644.09 0 3148.07 0 -8.28792e+06 0
0.673 -6649.03 0 3150.41 0 -8.29408e+06 0
0.6735 -6653.97 0 3152.76 0 -8.30024e+06 0
0.674 -6658.91 0 3155.1 0 -8.3064e+06 0
0.6745 -6663.85 0 3157.44 0 -8.31256e+06 0
0.675 -6668.79 0 3159.78 0 -8.31873e+06 0
0.6755 -6673.73 0 3162.12 0 -8.32489e+06 0
0.676 -6678.67 0 3164.46 0 -8.33105e+06 0
0.6765 -6683.61 0 3166.8 0 -8.33721e+06 0
0.677 -6688.55 0 3169.14 0 -8.34337e+06 0
0.6775 -6693.49 0 3171.48 0 -8.34954e+06 0
0.678 -6698.43 0 3173.82 0 -8.3557e+06 0
0.6785 -6703.37 0 3176.16 0 -8.36186e+06 0
0.679 -6708.31 0 3178.5 0 -8.36802e+06 0
0.6795 -6713.25 0 3180.84 0 -8.37418e+06 0
0.68 -6718.19 0 3183.18 0 -8.38035e+06 0
0.6805 -6723.13 0 3185.52 0 -8.38651e+06 0
0.681 -6728.07 0 3187.86 0 -8.39267e+06 0
0.6815 -6733.01 0 3190.2 0 -8.39883e+06 0
0.682 -6737.95 0 3192.54 0 -8.40499e+06 0
0.6825 -6742.89 0 3194.89 0 -8.41116e+06 0
0.683 -6747.83 0 3197.23 0 -8.41732e+06 0
0.6835 -6752.77 0 3199.57 0 -8.42348e+06 0
0.684 -6757.71 0 3201.91 0 -8.42964e+06 0
0.6845 -6762.65 0 3204.25 0 -8.4358e+06 0
0.685 -6767.59 0 3206.59 0 -8.44197e+06 0
0.6855 -6772.53 0 3208.93 0 -8.44813e+06 0
0.686 -6777.47 0 3211.27 0 -8.45429e+06 0
0.6865 -6782.41 0 3213.61 0 -8.46045e+06 0
0.687 -6787.35 0 3215.95 0 -8.46662e+06 0
0.6875 -6792.29 0 3218.29 0 -8.47278e+06 0
0.688 -6797.23 0 3220.63 0 -8.47894e+06 0
0.6885 -6802.17 0 3222.97 0 -8.4851e+06 0
0.689 -6807.1 0 3225.31 0 -8.49126e+06 0
0.6895 -6812.04 0 3227.65 0 -8.49743e+06 0
0.69 -6816.98 0 3229.99 0 -8.50359e+06 0
0.6905 -6821.92 0 3232.33 0 -8.50975e+06 0
0.691 -6826.86 0 3234.68 0 -8.51591e+06 0
0.6915 -6831.8 0 3237.02 0 -8.52207e+06 0
0.692 -6836.74 0 3239.36 0 -8.52824e+06 0
0.6925 -6841.68 0 3241.7 0 -8.5344e+06 0
0.693 -6846.62 0 3244.04 0 -8.54056e+06 0
0.6935 -6851.56 0 3246.38 0 -8.54672e+06 0
0.694 -6856.5 0 3248.72 0 -8.55288e+06 0
0.6945 -6861.44 0 3251.06 0 -8.55905e+06 0
0.695 -6866.38 0 3253.4 0 -8.56521e+06 0
0.6955 -6871.32 0 3255.74 0 -8.57137e+06 0
0.696 -6876.26 0 3258.08 0 -8.57753e+06 0
0.6965 -6881.2 0 3260.42 0 -8.58369e+06 0
0.697 -6886.14 0 3262.76 0 -8.58986e+06 0
0.6975 -6891.08 0 3265.1 0 -8.59602e+06 0
0.698 -6896.02 0 3267.44 0 -8.60218e+06 0
0.6985 -6900.96 0 3269.78 0 -8.60834e+06 0
0.699 -6905.9 0 3272.12 0 -8.6145e+06 0
0.6995 -6910.84 0 3274.47 0 -8.62067e+06 0
0.7 -6915.78 0 3276.81 0 -8.62683e+06 0
0.7005 -6920.72 0 3279.15 0 -8.63299e+06 0
0.701 -6925.66 0 3281.49 0 -8.63915e+06 0
0.7015 -6930.6 0 3283.83 0 -8.64531e+06 0
0.702 -6935.54 0 3286.17 0 -8.65148e+06 0
0.7025 -6940.48 0 3288.51 0 -8.65764e+06 0
0.703 -6945.42 0 3290.85 0 -8.6638e+06 0
0.7035 -6950.36 0 3293.19 0 -8.66996e+06 0
0.704 -6955.3 0 3295.53 0 -8.67612e+06 0
0.7045 -6960.24 0 3297.87 0 -8.68229e+06 0
0.705 -6965.18 0 3300.21 0 -8.68845e+06 0
0.7055 -6970.12 0 3302.55 0 -8.69461e+06 0
0.706 -6975.06 0 3304.89 0 -8.70077e+06 0
0.7065 -6980 0 3307.23 0 -8.70693e+06 0
0.707 -6984.94 0 3309.57 0 -8.7131e+06 0
0.7075 -6989.88 0 3311.91 0 -8.71926e+06 0
0.708 -6994.82 0 3314.25 0 -8.72542e+06 0
0.7085 -6999.76 0 3316.6 0 -8.73158e+06 0
0.709 -7004.7 0 3318.94 0 -8.73774e+06 0
0.7095 -7009.64 0 3321.28 0 -8.74391e+06 0
0.71 -7014.58 0 3323.62 0 -8.75007e+06 0
0.7105 -7019.52 0 3325.96 0 -8.75623e+06 0
0.711 -7024.46 0 3328.3 0 -8.76239e+06 0
0.7115 -7029.4 0 3330.64 0 -8.76855e+06 0
0.712 -7034.34 0 3332.98 0 -8.77472e+06 0
0.7125 -7039.28 0 3335.32 0 -8.78088e+06 0
0.713 -7044.22 0 3337.66 0 -8.78704e+06 0
0.7135 -7049.16 0 3340 0 -8.7932e+06 0
0.714 -7054.1 0 3342.34 0 -8.79936e+06 0
0.7145 -7059.04 0 3344.68 0 -8.80553e+06 0
0.715 -7063.98 0 3347.02 0 -8.81169e+06 0
0.7155 -7068.92 0 3349.36 0 -8.81785e+06 0
0.716 -7073.86 0 3351.7 0 -8.82401e+06 0
0.7165 -7078.8 0 3354.04 0 -8.83017e+06 0
0.717 -7083.74 0 3356.39 0 -8.83634e+06 0
0.7175 -7088.68 0 3358.73 0 -8.8425e+06 0
0.718 -7093.62 0 3361.07 0 -8.84866e+06 0
0.7185 -7098.56 0 3363.41 0 -8.85482e+06 0
0.719 -7103.5 0 3365.75 0 -8.86098e+06 0
0.7195 -7108.44 0 3368.09 0 -8.86715e+06 0
0.72 -7113.38 0 3370.43 0 -8.87331e+06 0
0.7205 -7118.32 0 3372.77 0 -8.87947e+06 0
0.721 -7123.25 0 3375.11 0 -8.88563e+06 0
0.7215 -7128.19 0 3377.45 0 -8.89179e+06 0
0.722 -7133.13 0 3379.79 0 -8.89796e+06 0
0.7225 -7138.07 0 3382.13 0 -8.90412e+06 0
0.723 -7143.01 0 3384.47 0 -8.91028e+06 0
0.7235 -7147.95 0 3386.81 0 -8.91644e+06 0
0.724 -7152.89 0 3389.15 0 -8.9226e+06 0
0.7245 -7157.83 0 3391.49 0 -8.92877e+06 0
0.725 -7162.77 0 3393.83 0 -8.93493e+06 0
0.7255 -7167.71 0 3396.17 0 -8.94109e+06 0
0.726 -7172.65 0 3398.52 0 -8.94725e+06 0
0.7265 -7177.59 0 3400.86 0 -8.95341e+06 0
0.727 -7182.53 0 3403.2 0 -8.95958e+06 0
0.7275 -7187.47 0 3405.54 0 -8.96574e+06 0
0.728 -7192.41 0 3407.88 0 -8.9719e+06 0
0.7285 -7197.35 0 3410.22 0 -8.97806e+06 0
0.729 -7202.29 0 3412.56 0 -8.98422e+06 0
0.7295 -7207.23 0 3414.9 0 -8.99039e+06 0
0.73 -7212.17 0 3417.24 0 -8.99655e+06 0
0.7305 -7217.11 0 3419.58 0 -9.00271e+06 0
0.731 -7222.05 0 3421.92 0 -9.00887e+06 0
0.7315 -7226.99 0 3424.26 0 -9.01503e+06 0
0.732 -7231.93 0 3426.6 0 -9.0212e+06 0
0.7325 -7236.87 0 3428.94 0 -9.02736e+06 0
0.733 -7241.81 0 3431.28 0 -9.03352e+06 0
0.7335 -7246.75 0 3433.62 0 -9.03968e+06 0
0.734 -7251.69 0 3435.96 0 -9.04584e+06 0
0.7345 -7256.63 0 3438.31 0 -9.05201e+06 0
0.735 -7261.57 0 3440.65 0 -9.05817e+06 0
0.7355 -7266.51 0 3442.99 0 -9.06433e+06 0
0.736 -7271.45 0 3445.33 0 -9.07049e+06 0
0.7365 -7276.39 0 3447.67 0 -9.07665e+06 0
0.737 -7281.33 0 3450.01 0 -9.08282e+06 0
0.7375 -7286.27 0 3452.35 0 -9.08898e+06 0
0.738 -7291.21 0 3454.69 0 -9.09514e+06 0
0.7385 -7296.15 0 3457.03 0 -9.1013e+06 0
0.739 -7301.09 0 3459.37 0 -9.10747e+06 0
0.7395 -7306.03 0 3461.71 0 -9.11363e+06 0
0.74 -7310.97 0 3464.05 0 -9.11979e+06 0
0.7405 -7315.91 0 3466.39 0 -9.12595e+06 0
0.741 -7320.85 0 3468.73 0 -9.13211e+06 0
0.7415 -7325.79 0 3471.07 0 -9.13828e+06 0
0.742 -7330.73 0 3473.41 0 -9.14444e+06 0
0.7425 -7335.67 0 3475.75 0 -9.1506e+06 0
0.743 -7340.61 0 3478.1 0 -9.15676e+06 0
0.7435 -7345.55 0 3480.44 0 -9.16292e+06 0
0.744 -7350.49 0 3482.78 0 -9.16909e+06 0
0.7445 -7355.43 0 3485.12 0 -9.17525e+06 0
0.745 -7360.37 0 3487.46 0 -9.18141e+06 0
0.7455 -7365.31 0 3489.8 0 -9.18757e+06 0
0.746 -7370.25 0 3492.14 0 -9.19373e+06 0
0.7465 -7375.19 0 3494.48 0 -9.1999e+06 0
0.747 -7380.13 0 3496.82 0 -9.20606e+06 0
0.7475 -7385.07 0 3499.16 0 -9.21222e+06 0
0.748 -7390.01 0 3501.5 0 -9.21838e+06 0
0.7485 -7394.95 0 3503.84 0 -9.22454e+06 0
0.749 -7399.89 0 3506.18 0 -9.23071e+06 0
0.7495 -7404.83 0 3508.52 0 -9.23687e+06 0
0.75 -7409.77 0 3510.86 0 -9.24303e+06 0
0.7505 -7414.71 0 3513.2 0 -9.24919e+06 0
0.751 -7419.65 0 3515.54 0 -9.25535e+06 0
0.7515 -7424.59 0 3517.88 0 -9.26152e+06 0
0.752 -7429.53 0 3520.23 0 -9.26768e+06 0
0.7525 -7434.47 0 3522.57 0 -9.27384e+06 0
0.753 -7439.4 0 3524.91 0 -9.28e+06 0
0.7535 -7444.34 0 3527.25 0 -9.28616e+06 0
0.754 -7449.28 0 3529.59 0 -9.29233e+06 0
0.7545 -7454.22 0 3531.93 0 -9.29849e+06 0
0.755 -7459.16 0 3534.27 0 -9.30465e+06 0
0.7555 -7464.1 0 3536.61 0 -9.31081e+06 0
0.756 -7469.04 0 3538.95 0 -9.31697e+06 0
0.7565 -7473.98 0 3541.29 0 -9.32314e+06 0
0.757 -7478.92 0 3543.63 0 -9.3293e+06 0
0.7575 -7483.86 0 3545.97 0 -9.33546e+06 0
0.758 -7488.8 0 3548.31 0 -9.34162e+06 0
0.7585 -7493.74 0 3550.65 0 -9.34778e+06 0
0.759 -7498.68 0 3552.99 0 -9.35395e+06 0
0.7595 -7503.62 0 3555.33 0 -9.36011e+06 0
0.76 -7508.56 0 3557.67 0 -9.36627e+06 0
0.7605 -7513.5 0 3560.02 0 -9.37243e+06 0
0.761 -7518.44 0 3562.36 0 -9.37859e+06 0
0.7615 -7523.38 0 3564.7 0 -9.38476e+06 0
0.762 -7528.32 0 3567.04 0 -9.39092e+06 0
0.7625 -7533.26 0 3569.38 0 -9.39708e+06 0
0.763 -7538.2 0 3571.72 0 -9.40324e+06 0
0.7635 -7543.14 0 3574.06 0 -9.4094e+06 0
0.764 -7548.08 0 3576.4 0 -9.41557e+06 0
0.7645 -7553.02 0 3578.74 0 -9.42173e+06 0
0.765 -7557.96 0 3581.08 0 -9.42789e+06 0
0.7655 -7562.9 0 3583.42 0 -9.43405e+06 0
0.766 -7567.84 0 3585.76 0 -9.44021e+06 0
0.7665 -7572.78 0 3588.1 0 -9.44638e+06 0
0.767 -7577.72 0 3590.44 0 -9.45254e+06 0
0.7675 -7582.66 0 3592.78 0 -9.4587e+06 0
0.768 -7587.6 0 3595.12 0 -9.46486e+06 0
0.7685 -7592.54 0 3597.46 0 -9.47102e+06 0
0.769 -7597.48 0 3599.8 0 -9.47719e+06 0
0.7695 -7602.42 0 3602.15 0 -9.48335e+06 0
0.77 -7607.36 0 3604.49 0 -9.48951e+06 0
0.7705 -7612.3 0 3606.83 0 -9.49567e+06 0
0.771 -7617.24 0 3609.17 0 -9.50183e+06 0
0.7715 -7622.18 0 3611.51 0 -9.508e+06 0
0.772 -7627.12 0 3613.85 0 -9.51416e+06 0
0.7725 -7632.06 0 3616.19 0 -9.52032e+06 0
0.773 -7637 0 3618.53 0 -9.52648e+06 0
0.7735 -7641.94 0 3620.87 0 -9.53264e+06 0
0.774 -7646.88 0 3623.21 0 -9.53881e+06 0
0.7745 -7651.82 0 3625.55 0 -9.54497e+06 0
0.775 -7656.76 0 3627.89 0 -9.55113e+06 0
0.7755 -7661.7 0 3630.23 0 -9.55729e+06 0
0.776 -7666.64 0 3632.57 0 -9.56345e+06 0
0.7765 -7671.58 0 3634.91 0 -9.56962e+06 0
0.777 -7676.52 0 3637.25 0 -9.57578e+06 0
0.7775 -7681.46 0 3639.59 0 -9.58194e+06 0
0.778 -7686.4 0 3641.94 0 -9.5881e+06 0
0.7785 -7691.34 0 3644.28 0 -9.59426e+06 0
0.779 -7696.28 0 3646.62 0 -9.60043e+06 0
0.7795 -7701.22 0 3648.96 0 -9.60659e+06 0
0.78 -7706.16 0 3651.3 0 -9.61275e+06 0
0.7805 -7711.1 0 3653.64 0 -9.61891e+06 0
0.781 -7716.04 0 3655.98 0 -9.62507e+06 0
0.7815 -7720.98 0 3658.32 0 -9.63124e+06 0
0.782 -7725.92 0 3660.66 0 -9.6374e+06 0
0.7825 -7730.86 0 3663 0 -9.64356e+06 0
0.783 -7735.8 0 3665.34 0 -9.64972e+06 0
0.7835 -7740.74 0 3667.68 0 -9.65588e+06 0
0.784 -7745.68 0 3670.02 0 -9.66205e+06 0
0.7845 -7750.62 0 3672.36 0 -9.66821e+06 0
0.785 -7755.55 0 3674.7 0 -9.67437e+06 0
0.7855 -7760.49 0 3677.04 0 -9.68053e+06 0
0.786 -7765.43 0 3679.38 0 -9.68669e+06 0
0.7865 -7770.37 0 3681.73 0 -9.69286e+06 0
0.787 -7775.31 0 3684.07 0 -9.69902e+06 0
0.7875 -7780.25 0 3686.41 0 -9.70518e+06 0
0.788 -7785.19 0 3688.75 0 -9.71134e+06 0
0.7885 -7790.13 0 3691.09 0 -9.71751e+06 0
0.789 -7795.07 0 3693.43 0 -9.72367e+06 0
0.7895 -7800.01 0 3695.77 0 -9.72983e+06 0
0.79 -7804.95 0 3698.11 0 -9.73599e+06 0
0.7905 -7809.89 0 3700.45 0 -9.74215e+06 0
0.791 -7814.83 0 3702.79 0 -9.74832e+06 0
0.7915 -7819.77 0 3705.13 0 -9.75448e+06 0
0.792 -7824.71 0 3707.47 0 -9.76064e+06 0
0.7925 -7829.65 0 3709.81 0 -9.7668e+06 0
0.793 -7834.59 0 3712.15 0 -9.77296e+06 0
0.7935 -7839.53 0 3714.49 0 -9.77913e+06 0
0.794 -7844.47 0 3716.83 0 -9.78529e+06 0
0.7945 -7849.41 0 3719.17 0 -9.79145e+06 0
0.795 -7854.35 0 3721.51 0 -9.79761e+06 0
0.7955 -7859.29 0 3723.86 0 -9.80377e+06 0
0.796 -7864.23 0 3726.2 0 -9.80994e+06 0
0.7965 -7869.17 0 3728.54 0 -9.8161e+06 0
0.797 -7874.11 0 3730.88 0 -9.82226e+06 0
0.7975 -7879.05 0 3733.22 0 -9.82842e+06 0
0.798 -7883.99 0 3735.56 0 -9.83458e+06 0
0.7985 -7888.93 0 3737.9 0 -9.84075e+06 0
0.799 -7893.87 0 3740.24 0 -9.84691e+06 0
0.7995 -7898.81 0 3742.58 0 -9.85307e+06 0
0.8 -7903.75 0 3744.92 0 -9.85923e+06 0
0.8005 -7908.69 0 3747.26 0 -9.86539e+06 0
0.801 -7913.63 0 3749.6 0 -9.87156e+06 0
0.8015 -7918.57 0 3751.94 0 -9.87772e+06 0
0.802 -7923.51 0 3754.28 0 -9.88388e+06 0
0.8025 -7928.45 0 3756.62 0 -9.89004e+06 0
0.803 -7933.39 0 3758.96 0 -9.8962e+06 0
0.8035 -7938.33 0 3761.3 0 -9.90237e+06 0
0.804 -7943.27 0 3763.65 0 -9.90853e+06 0
0.8045 -7948.21 0 3765.99 0 -9.91469e+06 0
0.805 -7953.15 0 3768.33 0 -9.92085e+06 0
0.8055 -7958.09 0 3770.67 0 -9.92701e+06 0
0.806 -7963.03 0 3773.01 0 -9.93318e+06 0
0.8065 -7967.97 0 3775.35 0 -9.93934e+06 0
0.807 -7972.91 0 3777.69 0 -9.9455e+06 0
0.8075 -7977.85 0 3780.03 0 -9.95166e+06 0
0.808 -7982.79 0 3782.37 0 -9.95782e+06 0
0.8085 -7987.73 0 3784.71 0 -9.96399e+06 0
0.809 -7992.67 0 3787.05 0 -9.97015e+06 0
0.8095 -7997.61 0 3789.39 0 -9.97631e+06 0
0.81 -8002.55 0 3791.73 0 -9.98247e+06 0
0.8105 -8007.49 0 3794.07 0 -9.98863e+06 0
0.811 -8012.43 0 3796.41 0 -9.9948e+06 0
0.8115 -8017.37 0 3798.75 0 -1.0001e+07 0
0.812 -8022.31 0 3801.09 0 -1.00071e+07 0
0.8125 -8027.25 0 3803.44 0 -1.00133e+07 0
0.813 -8032.19 0 3805.78 0 -1.00194e+07 0
0.8135 -8037.13 0 3808.12 0 -1.00256e+07 0
0.814 -8042.07 0 3810.46 0 -1.00318e+07 0
0.8145 -8047.01 0 3812.8 0 -1.00379e+07 0
0.815 -8051.95 0 3815.14 0 -1.00441e+07 0
0.8155 -8056.89 0 3817.48 0 -1.00503e+07 0
0.816 -8061.83 0 3819.82 0 -1.00564e+07 0
0.8165 -8066.77 0 3822.16 0 -1.00626e+07 0
0.817 -8071.7 0 3824.5 0 -1.00687e+07 0
0.8175 -8076.64 0 3826.84 0 -1.00749e+07 0
0.818 -8081.58 0 3829.18 0 -1.00811e+07 0
0.8185 -8086.52 0 3831.52 0 -1.00872e+07 0
0.819 -8091.46 0 3833.86 0 -1.00934e+07 0
0.8195 -8096.4 0 3836.2 0 -1.00996e+07 0
0.82 -8101.34 0 3838.54 0 -1.01057e+07 0
0.8205 -8106.28 0 3840.88 0 -1.01119e+07 0
0.821 -8111.22 0 3843.22 0 -1.0118e+07 0
0.8215 -8116.16 0 3845.57 0 -1.01242e+07 0
0.822 -8121.1 0 3847.91 0 -1.01304e+07 0
0.8225 -8126.04 0 3850.25 0 -1.01365e+07 0
0.823 -8130.98 0 3852.59 0 -1.01427e+07 0
0.8235 -8135.92 0 3854.93 0 -1.01488e+07 0
0.824 -8140.86 0 3857.27 0 -1.0155e+07 0
0.8245 -8145.8 0 3859.61 0 -1.01612e+07 0
0.825 -8150.74 0 3861.95 0 -1.01673e+07 0
0.8255 -8155.68 0 3864.29 0 -1.01735e+07 0
0.826 -8160.62 0 3866.63 0 -1.01797e+07 0
0.8265 -8165.56 0 3868.97 0 -1.01858e+07 0
0.827 -8170.5 0 3871.31 0 -1.0192e+07 0
0.8275 -8175.44 0 3873.65 0 -1.01981e+07 0
0.828 -8180.38 0 3875.99 0 -1.02043e+07 0
0.8285 -8185.32 0 3878.33 0 -1.02105e+07 0
0.829 -8190.26 0 3880.67 0 -1.02166e+07 0
0.8295 -8195.2 0 3883.01 0 -1.02228e+07 0
0.83 -8200.14 0 3885.36 0 -1.0229e+07 0
0.8305 -8205.08 0 3887.7 0 -1.02351e+07 0
0.831 -8210.02 0 3890.04 0 -1.02413e+07 0
0.8315 -8214.96 0 3892.38 0 -1.02474e+07 0
0.832 -8219.9 0 3894.72 0 -1.02536e+07 0
0.8325 -8224.84 0 3897.06 0 -1.02598e+07 0
0.833 -8229.78 0 3899.4 0 -1.02659e+07 0
0.8335 -8234.72 0 3901.74 0 -1.02721e+07 0
0.834 -8239.66 0 3904.08 0 -1.02782e+07 0
0.8345 -8244.6 0 3906.42 0 -1.02844e+07 0
0.835 -8249.54 0 3908.76 0 -1.02906e+07 0
0.8355 -8254.48 0 3911.1 0 -1.02967e+07 0
0.836 -8259.42 0 3913.44 0 -1.03029e+07 0
0.8365 -8264.36 0 3915.78 0 -1.03091e+07 0
0.837 -8269.3 0 3918.12 0 -1.03152e+07 0
0.8375 -8274.24 0 3920.46 0 -1.03214e+07 0
0.838 -8279.18 0 3922.8 0 -1.03275e+07 0
0.8385 -8284.12 0 3925.14 0 -1.03337e+07 0
0.839 -8289.06 0 3927.49 0 -1.03399e+07 0
0.8395 -8294 0 3929.83 0 -1.0346e+07 0
0.84 -8298.94 0 3932.17 0 -1.03522e+07 0
0.8405 -8303.88 0 3934.51 0 -1.03584e+07 0
0.841 -8308.82 0 3936.85 0 -1.03645e+07 0
0.8415 -8313.76 0 3939.19 0 -1.03707e+07 0
0.842 -8318.7 0 3941.53 0 -1.03768e+07 0
0.8425 -8323.64 0 3943.87 0 -1.0383e+07 0
0.843 -8328.58 0 3946.21 0 -1.03892e+07 0
0.8435 -8333.52 0 3948.55 0 -1.03953e+07 0
0.844 -8338.46 0 3950.89 0 -1.04015e+07 0
0.8445 -8343.4 0 3953.23 0 -1.04077e+07 0
0.845 -8348.34 0 3955.57 0 -1.04138e+07 0
0.8455 -8353.28 0 3957.91 0 -1.042e+07 0
0.846 -8358.22 0 3960.25 0 -1.04261e+07 0
0.8465 -8363.16 0 3962.59 0 -1.04323e+07 0
0.847 -8368.1 0 3964.93 0 -1.04385e+07 0
0.8475 -8373.04 0 3967.28 0 -1.04446e+07 0
0.848 -8377.98 0 3969.62 0 -1.04508e+07 0
0.8485 -8382.92 0 3971.96 0 -1.04569e+07 0
0.849 -8387.86 0 3974.3 0 -1.04631e+07 0
0.8495 -8392.79 0 3976.64 0 -1.04693e+07 0
0.85 -8397.73 0 3978.98 0 -1.04754e+07 0
0.8505 -8402.67 0 3981.32 0 -1.04816e+07 0
0.851 -8407.61 0 3983.66 0 -1.04878e+07 0
0.8515 -8412.55 0 3986 0 -1.04939e+07 0
0.852 -8417.49 0 3988.34 0 -1.05001e+07 0
0.8525 -8422.43 0 3990.68 0 -1.05062e+07 0
0.853 -8427.37 0 3993.02 0 -1.05124e+07 0
0.8535 -8432.31 0 3995.36 0 -1.05186e+07 0
0.854 -8437.25 0 3997.7 0 -1.05247e+07 0
0.8545 -8442.19 0 4000.04 0 -1.05309e+07 0
0.855 -8447.13 0 4002.38 0 -1.05371e+07 0
0.8555 -8452.07 0 4004.72 0 -1.05432e+07 0
0.856 -8457.01 0 4007.07 0 -1.05494e+07 0
0.8565 -8461.95 0 4009.41 0 -1.05555e+07 0
0.857 -8466.89 0 4011.75 0 -1.05617e+07 0
0.8575 -8471.83 0 4014.09 0 -1.05679e+07 0
0.858 -8476.77 0 4016.43 0 -1.0574e+07 0
0.8585 -8481.71 0 4018.77 0 -1.05802e+07 0
0.859 -8486.65 0 4021.11 0 -1.05863e+07 0
0.8595 -8491.59 0 4023.45 0 -1.05925e+07 0
0.86 -8496.53 0 4025.79 0 -1.05987e+07 0
0.8605 -8501.47 0 4028.13 0 -1.06048e+07 0
0.861 -8506.41 0 4030.47 0 -1.0611e+07 0
0.8615 -8511.35 0 4032.81 0 -1.06172e+07 0
0.862 -8516.29 0 4035.15 0 -1.06233e+07 0
0.8625 -8521.23 0 4037.49 0 -1.06295e+07 0
0.863 -8526.17 0 4039.83 0 -1.06356e+07 0
0.8635 -8531.11 0 4042.17 0 -1.06418e+07 0
0.864 -8536.05 0 4044.51 0 -1.0648e+07 0
0.8645 -8540.99 0 4046.85 0 -1.06541e+07 0
0.865 -8545.93 0 4049.2 0 -1.06603e+07 0
0.8655 -8550.87 0 4051.54 0 -1.06665e+07 0
0.866 -8555.81 0 4053.88 0 -1.06726e+07 0
0.8665 -8560.75 0 4056.22 0 -1.06788e+07 0
0.867 -8565.69 0 4058.56 0 -1.06849e+07 0
0.8675 -8570.63 0 4060.9 0 -1.06911e+07 0
0.868 -8575.57 0 4063.24 0 -1.06973e+07 0
0.8685 -8580.51 0 4065.58 0 -1.07034e+07 0
0.869 -8585.45 0 4067.92 0 -1.07096e+07 0
0.8695 -8590.39 0 4070.26 0 -1.07158e+07 0
0.87 -8595.33 0 4072.6 0 -1.07219e+07 0
0.8705 -8600.27 0 4074.94 0 -1.07281e+07 0
0.871 -8605.21 0 4077.28 0 -1.07342e+07 0
0.8715 -8610.15 0 4079.62 0 -1.07404e+07 0
0.872 -8615.09 0 4081.96 0 -1.07466e+07 0
0.8725 -8620.03 0 4084.3 0 -1.07527e+07 0
0.873 -8624.97 0 4086.64 0 -1.07589e+07 0
0.8735 -8629.91 0 4088.99 0 -1.0765e+07 0
0.874 -8634.85 0 4091.33 0 -1.07712e+07 0
0.8745 -8639.79 0 4093.67 0 -1.07774e+07 0
0.875 -8644.73 0 4096.01 0 -1.07835e+07 0
0.8755 -8649.67 0 4098.35 0 -1.07897e+07 0
0.876 -8654.61 0 4100.69 0 -1.07959e+07 0
0.8765 -8659.55 0 4103.03 0 -1.0802e+07 0
0.877 -8664.49 0 4105.37 0 -1.08082e+07 0
0.8775 -8669.43 0 4107.71 0 -1.08143e+07 0
0.878 -8674.37 0 4110.05 0 -1.08205e+07 0
0.8785 -8679.31 0 4112.39 0 -1.08267e+07 0
0.879 -8684.25 0 4114.73 0 -1.08328e+07 0
0.8795 -8689.19 0 4117.07 0 -1.0839e+07 0
0.88 -8694.13 0 4119.41 0 -1.08452e+07 0
0.8805 -8699.07 0 4121.75 0 -1.08513e+07 0
0.881 -8704.01 0 4124.09 0 -1.08575e+07 0
0.8815 -8708.94 0 4126.43 0 -1.08636e+07 0
0.882 -8713.88 0 4128.78 0 -1.08698e+07 0
0.8825 -8718.82 0 4131.12 0 -1.0876e+07 0
0.883 -8723.76 0 4133.46 0 -1.08821e+07 0
0.8835 -8728.7 0 4135.8 0 -1.08883e+07 0
0.884 -8733.64 0 4138.14 0 -1.08945e+07 0
0.8845 -8738.58 0 4140.48 0 -1.09006e+07 0
0.885 -8743.52 0 4142.82 0 -1.09068e+07 0
0.8855 -8748.46 0 4145.16 0 -1.09129e+07 0
0.886 -8753.4 0 4147.5 0 -1.09191e+07 0
0.8865 -8758.34 0 4149.84 0 -1.09253e+07 0
0.887 -8763.28 0 4152.18 0 -1.09314e+07 0
0.8875 -8768.22 0 4154.52 0 -1.09376e+07 0
0.888 -8773.16 0 4156.86 0 -1.09437e+07 0
0.8885 -8778.1 0 4159.2 0 -1.09499e+07 0
0.889 -8783.04 0 4161.54 0 -1.09561e+07 0
0.8895 -8787.98 0 4163.88 0 -1.09622e+07 0
0.89 -8792.92 0 4166.22 0 -1.09684e+07 0
0.8905 -8797.86 0 4168.56 0 -1.09746e+07 0
0.891 -8802.8 0 4170.91 0 -1.09807e+07 0
0.8915 -8807.74 0 4173.25 0 -1.09869e+07 0
0.892 -8812.68 0 4175.59 0 -1.0993e+07 0
0.8925 -8817.62 0 4177.93 0 -1.09992e+07 0
0.893 -8822.56 0 4180.27 0 -1.10054e+07 0
0.8935 -8827.5 0 4182.61 0 -1.10115e+07 0
0.894 -8832.44 0 4184.95 0 -1.10177e+07 0
0.8945 -8837.38 0 4187.29 0 -1.10239e+07 0
0.895 -8842.32 0 4189.63 0 -1.103e+07 0
0.8955 -8847.26 0 4191.97 0 -1.10362e+07 0
0.896 -8852.2 0 4194.31 0 -1.10423e+07 0
0.8965 -8857.14 0 4196.65 0 -1.10485e+07 0
0.897 -8862.08 0 4198.99 0 -1.10547e+07 0
0.8975 -8867.02 0 4201.33 0 -1.10608e+07 0
0.898 -8871.96 0 4203.67 0 -1.1067e+07 0
0.8985 -8876.9 0 4206.01 0 -1.10731e+07 0
0.899 -8881.84 0 4208.35 0 -1.10793e+07 0
0.8995 -8886.78 0 4210.7 0 -1.10855e+07 0
0.9 -8891.72 0 4213.04 0 -1.10916e+07 0
0.9005 -8896.66 0 4215.38 0 -1.10978e+07 0
0.901 -8901.6 0 4217.72 0 -1.1104e+07 0
0.9015 -8906.54 0 4220.06 0 -1.11101e+07 0
0.902 -8911.48 0 4222.4 0 -1.11163e+07 0
0.9025 -8916.42 0 4224.74 0 -1.11224e+07 0
0.903 -8921.36 0 4227.08 0 -1.11286e+07 0
0.9035 -8926.3 0 4229.42 0 -1.11348e+07 0
0.904 -8931.24 0 4231.76 0 -1.11409e+07 0
0.9045 -8936.18 0 4234.1 0 -1.11471e+07 0
0.905 -8941.12 0 4236.44 0 -1.11533e+07 0
0.9055 -8946.06 0 4238.78 0 -1.11594e+07 0
0.906 -8951 0 4241.12 0 -1.11656e+07 0
0.9065 -8955.94 0 4243.46 0 -1.11717e+07 0
0.907 -8960.88 0 4245.8 0 -1.11779e+07 0
0.9075 -8965.82 0 4248.14 0 -1.11841e+07 0
0.908 -8970.76 0 4250.48 0 -1.11902e+07 0
0.9085 -8975.7 0 4252.83 0 -1.11964e+07 0
0.909 -8980.64 0 4255.17 0 -1.12026e+07 0
0.9095 -8985.58 0 4257.51 0 -1.12087e+07 0
0.91 -8990.52 0 4259.85 0 -1.12149e+07 0
0.9105 -8995.46 0 4262.19 0 -1.1221e+07 0
0.911 -9000.4 0 4264.53 0 -1.12272e+07 0
0.9115 -9005.34 0 4266.87 0 -1.12334e+07 0
0.912 -9010.28 0 4269.21 0 -1.12395e+07 0
0.9125 -9015.22 0 4271.55 0 -1.12457e+07 0
0.913 -9020.16 0 4273.89 0 -1.12518e+07 0
0.9135 -9025.09 0 4276.23 0 -1.1258e+07 0
0.914 -9030.03 0 4278.57 0 -1.12642e+07 0
0.9145 -9034.97 0 4280.91 0 -1.12703e+07 0
0.915 -9039.91 0 4283.25 0 -1.12765e+07 0
0.9155 -9044.85 0 4285.59 0 -1.12827e+07 0
0.916 -9049.79 0 4287.93 0 -1.12888e+07 0
0.9165 -9054.73 0 4290.27 0 -1.1295e+07 0
0.917 -9059.67 0 4292.62 0 -1.13011e+07 0
0.9175 -9064.61 0 4294.96 0 -1.13073e+07 0
0.918 -9069.55 0 4297.3 0 -1.13135e+07 0
0.9185 -9074.49 0 4299.64 0 -1.13196e+07 0
0.919 -9079.43 0 4301.98 0 -1.13258e+07 0
0.9195 -9084.37 0 4304.32 0 -1.1332e+07 0
0.92 -9089.31 0 4306.66 0 -1.13381e+07 0
0.9205 -9094.25 0 4309 0 -1.13443e+07 0
0.921 -9099.19 0 4311.34 0 -1.13504e+07 0
0.9215 -9104.13 0 4313.68 0 -1.13566e+07 0
0.922 -9109.07 0 4316.02 0 -1.13628e+07 0
0.9225 -9114.01 0 4318.36 0 -1.13689e+07 0
0.923 -9118.95 0 4320.7 0 -1.13751e+07 0
0.9235 -9123.89 0 4323.04 0 -1.13813e+07 0
0.924 -9128.83 0 4325.38 0 -1.13874e+07 0
0.9245 -9133.77 0 4327.72 0 -1.13936e+07 0
0.925 -9138.71 0 4330.06 0 -1.13997e+07 0
0.9255 -9143.65 0 4332.41 0 -1.14059e+07 0
0.926 -9148.59 0 4334.75 0 -1.14121e+07 0
0.9265 -9153.53 0 4337.09 0 -1.14182e+07 0
0.927 -9158.47 0 4339.43 0 -1.14244e+07 0
0.9275 -9163.41 0 4341.77 0 -1.14305e+07 0
0.928 -9168.35 0 4344.11 0 -1.14367e+07 0
0.9285 -9173.29 0 4346.45 0 -1.14429e+07 0
0.929 -9178.23 0 4348.79 0 -1.1449e+07 0
0.9295 -9183.17 0 4351.13 0 -1.14552e+07 0
0.93 -9188.11 0 4353.47 0 -1.14614e+07 0
0.9305 -9193.05 0 4355.81 0 -1.14675e+07 0
0.931 -9197.99 0 4358.15 0 -1.14737e+07 0
0.9315 -9202.93 0 4360.49 0 -1.14798e+07 0
0.932 -9207.87 0 4362.83 0 -1.1486e+07 0
0.9325 -9212.81 0 4365.17 0 -1.14922e+07 0
0.933 -9217.75 0 4367.51 0 -1.14983e+07 0
0.9335 -9222.69 0 4369.85 0 -1.15045e+07 0
0.934 -9227.63 0 4372.19 0 -1.15107e+07 0
0.9345 -9232.57 0 4374.54 0 -1.15168e+07 0
0.935 -9237.51 0 4376.88 0 -1.1523e+07 0
0.9355 -9242.45 0 4379.22 0 -1.15291e+07 0
0.936 -9247.39 0 4381.56 0 -1.15353e+07 0
0.9365 -9252.33 0 4383.9 0 -1.15415e+07 0
0.937 -9257.27 0 4386.24 0 -1.15476e+07 0
0.9375 -9262.21 0 4388.58 0 -1.15538e+07 0
0.938 -9267.15 0 4390.92 0 -1.15599e+07 0
0.9385 -9272.09 0 4393.26 0 -1.15661e+07 0
0.939 -9277.03 0 4395.6 0 -1.15723e+07 0
0.9395 -9281.97 0 4397.94 0 -1.15784e+07 0
0.94 -9286.91 0 4400.28 0 -1.15846e+07 0
0.9405 -9291.85 0 4402.62 0 -1.15908e+07 0
0.941 -9296.79 0 4404.96 0 -1.15969e+07 0
0.9415 -9301.73 0 4407.3 0 -1.16031e+07 0
0.942 -9306.67 0 4409.64 0 -1.16092e+07 0
0.9425 -9311.61 0 4411.98 0 -1.16154e+07 0
0.943 -9316.55 0 4414.33 0 -1.16216e+07 0
0.9435 -9321.49 0 4416.67 0 -1.16277e+07 0
0.944 -9326.43 0 4419.01 0 -1.16339e+07 0
0.9445 -9331.37 0 4421.35 0 -1.16401e+07 0
0.945 -9336.31 0 4423.69 0 -1.16462e+07 0
0.9455 -9341.24 0 4426.03 0 -1.16524e+07 0
0.946 -9346.18 0 4428.37 0 -1.16585e+07 0
0.9465 -9351.12 0 4430.71 0 -1.16647e+07 0
0.947 -9356.06 0 4433.05 0 -1.16709e+07 0
0.9475 -9361 0 4435.39 0 -1.1677e+07 0
0.948 -9365.94 0 4437.73 0 -1.16832e+07 0
0.9485 -9370.88 0 4440.07 0 -1.16894e+07 0
0.949 -9375.82 0 4442.41 0 -1.16955e+07 0
0.9495 -9380.76 0 4444.75 0 -1.17017e+07 0
0.95 -9385.7 0 4447.09 0 -1.17078e+07 0
0.9505 -9390.64 0 4449.43 0 -1.1714e+07 0
0.951 -9395.58 0 4451.77 0 -1.17202e+07 0
0.9515 -9400.52 0 4454.12 0 -1.17263e+07 0
0.952 -9405.46 0 4456.46 0 -1.17325e+07 0
0.9525 -9410.4 0 4458.8 0 -1.17386e+07 0
0.953 -9415.34 0 4461.14 0 -1.17448e+07 0
0.9535 -9420.28 0 4463.48 0 -1.1751e+07 0
0.954 -9425.22 0 4465.82 0 -1.17571e+07 0
0.9545 -9430.16 0 4468.16 0 -1.17633e+07 0
0.955 -9435.1 0 4470.5 0 -1.17695e+07 0
0.9555 -9440.04 0 4472.84 0 -1.17756e+07 0
0.956 -9444.98 0 4475.18 0 -1.17818e+07 0
0.9565 -9449.92 0 4477.52 0 -1.17879e+07 0
0.957 -9454.86 0 4479.86 0 -1.17941e+07 0
0.9575 -9459.8 0 4482.2 0 -1.18003e+07 0
0.958 -9464.74 0 4484.54 0 -1.18064e+07 0
0.9585 -9469.68 0 4486.88 0 -1.18126e+07 0
0.959 -9474.62 0 4489.22 0 -1.18188e+07 0
0.9595 -9479.56 0 4491.56 0 -1.18249e+07 0
0.96 -9484.5 0 4493.9 0 -1.18311e+07 0
0.9605 -9489.44 0 4496.25 0 -1.18372e+07 0
0.961 -9494.38 0 4498.59 0 -1.18434e+07 0
0.9615 -9499.32 0 4500.93 0 -1.18496e+07 0
0.962 -9504.26 0 4503.27 0 -1.18557e+07 0
0.9625 -9509.2 0 4505.61 0 -1.18619e+07 0
0.963 -9514.14 0 4507.95 0 -1.1868e+07 0
0.9635 -9519.08 0 4510.29 0 -1.18742e+07 0
0.964 -9524.02 0 4512.63 0 -1.18804e+07 0
0.9645 -9528.96 0 4514.97 0 -1.18865e+07 0
0.965 -9533.9 0 4517.31 0 -1.18927e+07 0
0.9655 -9538.84 0 4519.65 0 -1.18989e+07 0
0.966 -9543.78 0 4521.99 0 -1.1905e+07 0
0.9665 -9548.72 0 4524.33 0 -1.19112e+07 0
0.967 -9553.66 0 4526.67 0 -1.19173e+07 0
0.9675 -9558.6 0 4529.01 0 -1.19235e+07 0
0.968 -9563.54 0 4531.35 0 -1.19297e+07 0
0.9685 -9568.48 0 4533.69 0 -1.19358e+07 0
0.969 -9573.42 0 4536.04 0 -1.1942e+07 0
0.9695 -9578.36 0 4538.38 0 -1.19482e+07 0
0.97 -9583.3 0 4540.72 0 -1.19543e+07 0
0.9705 -9588.24 0 4543.06 0 -1.19605e+07 0
0.971 -9593.18 0 4545.4 0 -1.19666e+07 0
0.9715 -9598.12 0 4547.74 0 -1.19728e+07 0
0.972 -9603.06 0 4550.08 0 -1.1979e+07 0
0.9725 -9608 0 4552.42 0 -1.19851e+07 0
0.973 -9612.94 0 4554.76 0 -1.19913e+07 0
0.9735 -9617.88 0 4557.1 0 -1.19975e+07 0
0.974 -9622.82 0 4559.44 0 -1.20036e+07 0
0.9745 -9627.76 0 4561.78 0 -1.20098e+07 0
0.975 -9632.7 0 4564.12 0 -1.20159e+07 0
0.9755 -9637.64 0 4566.46 0 -1.20221e+07 0
0.976 -9642.58 0 4568.8 0 -1.20283e+07 0
0.9765 -9647.52 0 4571.14 0 -1.20344e+07 0
0.977 -9652.46 0 4573.48 0 -1.20406e+07 0
0.9775 -9657.39 0 4575.82 0 -1.20467e+07 0
0.978 -9662.33 0 4578.17 0 -1.20529e+07 0
0.9785 -9667.27 0 4580.51 0 -1.20591e+07 0
0.979 -9672.21 0 4582.85 0 -1.20652e+07 0
0.9795 -9677.15 0 4585.19 0 -1.20714e+07 0
0.98 -9682.09 0 4587.53 0 -1.20776e+07 0
0.9805 -9687.03 0 4589.87 0 -1.20837e+07 0
0.981 -9691.97 0 4592.21 0 -1.20899e+07 0
0.9815 -9696.91 0 4594.55 0 -1.2096e+07 0
0.982 -9701.85 0 4596.89 0 -1.21022e+07 0
0.9825 -9706.79 0 4599.23 0 -1.21084e+07 0
0.983 -9711.73 0 4601.57 0 -1.21145e+07 0
0.9835 -9716.67 0 4603.91 0 -1.21207e+07 0
0.984 -9721.61 0 4606.25 0 -1.21269e+07 0
0.9845 -9726.55 0 4608.59 0 -1.2133e+07 0
0.985 -9731.49 0 4610.93 0 -1.21392e+07 0
0.9855 -9736.43 0 4613.27 0 -1.21453e+07 0
0.986 -9741.37 0 4615.61 0 -1.21515e+07 0
0.9865 -9746.31 0 4617.96 0 -1.21577e+07 0
0.987 -9751.25 0 4620.3 0 -1.21638e+07 0
0.9875 -9756.19 0 4622.64 0 -1.217e+07 0
0.988 -9761.13 0 4624.98 0 -1.21762e+07 0
0.9885 -9766.07 0 4627.32 0 -1.21823e+07 0
0.989 -9771.01 0 4629.66 0 -1.21885e+07 0
0.9895 -9775.95 0 4632 0 -1.21946e+07 0
0.99 -9780.89 0 4634.34 0 -1.22008e+07 0
0.9905 -9785.83 0 4636.68 0 -1.2207e+07 0
0.991 -9790.77 0 4639.02 0 -1.22131e+07 0
0.9915 -9795.71 0 4641.36 0 -1.22193e+07 0
0.992 -9800.65 0 4643.7 0 -1.22254e+07 0
0.9925 -9805.59 0 4646.04 0 -1.22316e+07 0
0.993 -9810.53 0 4648.38 0 -1.22378e+07 0
0.9935 -9815.47 0 4650.72 0 -1.22439e+07 0
0.994 -9820.41 0 4653.06 0 -1.22501e+07 0
0.9945 -9825.35 0 4655.4 0 -1.22563e+07 0
0.995 -9830.29 0 4657.75 0 -1.22624e+07 0
0.9955 -9835.23 0 4660.09 0 -1.22686e+07 0
0.996 -9840.17 0 4662.43 0 -1.22747e+07 0
0.9965 -9845.11 0 4664.77 0 -1.22809e+07 0
0.997 -9850.05 0 4667.11 0 -1.22871e+07 0
0.9975 -9854.99 0 4669.45 0 -1.22932e+07 0
0.998 -9859.93 0 4671.79 0 -1.22994e+07 0
0.9985 -9864.87 0 4674.13 0 -1.23056e+07 0
0.999 -9869.81 0 4676.47 0 -1.23117e+07 0
0.9995 -9874.75 0 4678.81 0 -1.23179e+07 0
1 -9879.69 0 4681.15 0 -1.2324e+07 0
