1.23047 2.33607e-20 -0.01 -0.005
2.46094 4.30995e-20 -0.02 -0.01
3.62784 -6.57038e-20 -0.03 -0.0149139
4.25733 8.12296e-20 -0.04 -0.0192079
4.47599 -1.79561e-20 -0.05 -0.0229297
4.67029 -4.94532e-20 -0.06 -0.0266081
4.8053 -5.57512e-20 -0.07 -0.030368
4.90887 -6.17707e-19 -0.08 -0.0340483
5.01243 -3.05274e-19 -0.09 -0.0377287
5.116 1.61259e-18 -0.1 -0.0414091
5.20761 -1.69023e-19 -0.11 -0.0451297
5.25597 -4.05642e-19 -0.12 -0.048996
5.30433 -2.00455e-19 -0.13 -0.0528622
5.35269 7.66321e-19 -0.14 -0.0567284
5.40105 -5.2621e-20 -0.15 -0.0605946
5.44942 -2.38972e-19 -0.16 -0.0644609
5.49778 -1.53157e-19 -0.17 -0.0683271
5.54614 1.12086e-18 -0.18 -0.0721933
5.5945 3.2911e-19 -0.19 -0.0760595
5.64286 7.85438e-19 -0.2 -0.0799258
5.69122 8.21177e-19 -0.21 -0.083792
5.73958 4.00978e-19 -0.22 -0.0876582
5.78795 -6.36906e-19 -0.23 -0.0915244
5.82251 4.24832e-19 -0.24 -0.0954371
5.85694 1.48493e-18 -0.25 -0.0993503
5.89137 1.61059e-18 -0.26 -0.103263
5.9258 4.18771e-18 -0.27 -0.107177
5.96022 -2.92895e-18 -0.28 -0.11109
5.99465 -1.12846e-18 -0.29 -0.115003
6.02908 -5.04926e-18 -0.3 -0.118916
6.06351 2.56156e-20 -0.31 -0.122829
6.09794 -2.26822e-18 -0.32 -0.126742
6.13237 1.3534e-18 -0.33 -0.130655
6.16679 4.04047e-18 -0.34 -0.134568
6.20122 9.40555e-20 -0.35 -0.138482
6.23565 2.3315e-18 -0.36 -0.142395
6.27008 -1.24251e-18 -0.37 -0.146308
6.30451 7.17645e-18 -0.38 -0.150221
6.33893 1.29159e-18 -0.39 -0.154134
6.37336 -4.83023e-18 -0.4 -0.158047
6.40779 -2.53406e-18 -0.41 -0.16196
6.44222 1.90738e-18 -0.42 -0.165874
6.47665 2.96128e-19 -0.43 -0.169787
6.51108 2.28263e-18 -0.44 -0.1737
6.5455 1.79854e-18 -0.45 -0.177613
6.57993 -1.37953e-18 -0.46 -0.181526
6.61436 5.31597e-18 -0.47 -0.185439
6.64851 -3.01853e-18 -0.48 -0.189375
6.6826 -2.90339e-18 -0.49 -0.193315
6.71669 7.09874e-18 -0.5 -0.197255
