1.23047 1.74623e-11 123047 369141
2.46094 -6.46752e-13 246094 738281
3.62784 -5.12873e-10 362784 1.08835e+06
4.25733 9.84787e-10 425733 1.2772e+06
4.47599 1.17885e-10 447599 1.3428e+06
4.67029 -1.40897e-10 467029 1.40109e+06
4.8053 -9.76465e-10 480530 1.44159e+06
4.90887 -7.49022e-10 490887 1.47266e+06
5.01243 4.28907e-10 501243 1.50373e+06
5.116 2.59166e-09 511600 1.5348e+06
5.20761 -2.10001e-10 520761 1.56228e+06
5.25597 -2.77364e-10 525597 1.57679e+06
5.30433 2.47967e-10 530433 1.5913e+06
5.35269 1.15353e-09 535269 1.60581e+06
5.40105 -9.69777e-10 540105 1.62032e+06
5.44942 -2.17592e-10 544942 1.63482e+06
5.49778 1.06026e-10 549778 1.64933e+06
5.54614 1.51886e-09 554614 1.66384e+06
5.5945 -9.3744e-10 559450 1.67835e+06
5.64286 5.46586e-10 564286 1.69286e+06
5.69122 4.64837e-11 569122 1.70737e+06
5.73958 -4.9565e-10 573958 1.72188e+06
5.78795 -1.23011e-09 578795 1.73638e+06
5.82251 8.2396e-10 582251 1.74675e+06
5.85694 3.19198e-10 585694 1.75708e+06
5.89137 4.0911e-11 589137 1.76741e+06
5.9258 7.70991e-10 592580 1.77774e+06
5.96022 -2.11597e-09 596022 1.78807e+06
5.99465 5.39702e-10 599465 1.7984e+06
6.02908 -1.16419e-09 602908 1.80872e+06
6.06351 1.51486e-09 606351 1.81905e+06
6.09794 -6.79654e-10 609794 1.82938e+06
6.13237 1.08206e-09 613237 1.83971e+06
6.16679 8.03736e-10 616679 1.85004e+06
6.20122 -1.17182e-09 620122 1.86037e+06
6.23565 6.69831e-10 623565 1.8707e+06
6.27008 -1.06091e-09 627008 1.88102e+06
6.30451 2.51079e-09 630451 1.89135e+06
6.33893 -1.74912e-09 633893 1.90168e+06
6.37336 -1.81969e-09 637336 1.91201e+06
6.40779 6.8732e-10 640779 1.92234e+06
6.44222 1.32622e-09 644222 1.93267e+06
6.47665 -4.76371e-10 647665 1.94299e+06
6.51108 5.95097e-10 651108 1.95332e+06
6.5455 -1.40685e-10 654550 1.96365e+06
6.57993 -9.42995e-10 657993 1.97398e+06
6.61436 1.99751e-09 661436 1.98431e+06
6.64851 -4.53186e-10 664851 1.99455e+06
6.6826 3.74479e-11 668260 2.00478e+06
6.71669 2.96186e-09 671669 2.01501e+06
