Prepared by DECODS 2.22-WIN
   125     1     1     0   0  0     0     0     0     0 0 0 0     0     0     0     0      386.4 
     1   1 1 1 1 1 1  -5.000000E-01 -5.000000E-01  0.000000E+00   0          0. 0 0
     2   0 1 1 1 1 1  -2.500000E-01 -5.000000E-01  0.000000E+00   0          0.
     3   0 1 1 1 1 1   0.000000E+00 -5.000000E-01  0.000000E+00   0          0.
     4   0 1 1 1 1 1   2.500000E-01 -5.000000E-01  0.000000E+00   0          0.
     5   0 1 1 1 1 1   5.000000E-01 -5.000000E-01  0.000000E+00   0          0.
     6   1 0 1 1 1 1  -5.000000E-01 -2.500000E-01  0.000000E+00   0          0.
     7   0 0 1 1 1 1  -2.500000E-01 -2.500000E-01  0.000000E+00   0          0.
     8   0 0 1 1 1 1   0.000000E+00 -2.500000E-01  0.000000E+00   0          0.
     9   0 0 1 1 1 1   2.500000E-01 -2.500000E-01  0.000000E+00   0          0.
    10   0 0 1 1 1 1   5.000000E-01 -2.500000E-01  0.000000E+00   0          0.
    11   1 0 1 1 1 1  -5.000000E-01  0.000000E+00  0.000000E+00   0          0.
    12   0 0 1 1 1 1  -2.500000E-01  0.000000E+00  0.000000E+00   0          0.
    13   0 0 1 1 1 1   0.000000E+00  0.000000E+00  0.000000E+00   0          0.
    14   0 0 1 1 1 1   2.500000E-01  0.000000E+00  0.000000E+00   0          0.
    15   0 0 1 1 1 1   5.000000E-01  0.000000E+00  0.000000E+00   0          0.
    16   1 0 1 1 1 1  -5.000000E-01  2.500000E-01  0.000000E+00   0          0.
    17   0 0 1 1 1 1  -2.500000E-01  2.500000E-01  0.000000E+00   0          0.
    18   0 0 1 1 1 1   0.000000E+00  2.500000E-01  0.000000E+00   0          0.
    19   0 0 1 1 1 1   2.500000E-01  2.500000E-01  0.000000E+00   0          0.
    20   0 0 1 1 1 1   5.000000E-01  2.500000E-01  0.000000E+00   0          0.
    21   1 0 1 1 1 1  -5.000000E-01  5.000000E-01  0.000000E+00   0          0.
    22   0 0 1 1 1 1  -2.500000E-01  5.000000E-01  0.000000E+00   0          0.
    23   0 0 1 1 1 1   0.000000E+00  5.000000E-01  0.000000E+00   0          0.
    24   0 0 1 1 1 1   2.500000E-01  5.000000E-01  0.000000E+00   0          0.
    25   0 0 1 1 1 1   5.000000E-01  5.000000E-01  0.000000E+00   0          0.
    26   0 0 0 1 1 1  -5.000000E-01 -5.000000E-01  2.500000E-01   0          0.
    27   0 0 0 1 1 1  -2.500000E-01 -5.000000E-01  2.500000E-01   0          0.
    28   0 0 0 1 1 1   0.000000E+00 -5.000000E-01  2.500000E-01   0          0.
    29   0 0 0 1 1 1   2.500000E-01 -5.000000E-01  2.500000E-01   0          0.
    30   0 0 0 1 1 1   5.000000E-01 -5.000000E-01  2.500000E-01   0          0.
    31   0 0 0 1 1 1  -5.000000E-01 -2.500000E-01  2.500000E-01   0          0.
    32   0 0 0 1 1 1  -2.500000E-01 -2.500000E-01  2.500000E-01   0          0.
    33   0 0 0 1 1 1   0.000000E+00 -2.500000E-01  2.500000E-01   0          0.
    34   0 0 0 1 1 1   2.500000E-01 -2.500000E-01  2.500000E-01   0          0.
    35   0 0 0 1 1 1   5.000000E-01 -2.500000E-01  2.500000E-01   0          0.
    36   0 0 0 1 1 1  -5.000000E-01  0.000000E+00  2.500000E-01   0          0.
    37   0 0 0 1 1 1  -2.500000E-01  0.000000E+00  2.500000E-01   0          0.
    38   0 0 0 1 1 1   0.000000E+00  0.000000E+00  2.500000E-01   0          0.
    39   0 0 0 1 1 1   2.500000E-01  0.000000E+00  2.500000E-01   0          0.
    40   0 0 0 1 1 1   5.000000E-01  0.000000E+00  2.500000E-01   0          0.
    41   0 0 0 1 1 1  -5.000000E-01  2.500000E-01  2.500000E-01   0          0.
    42   0 0 0 1 1 1  -2.500000E-01  2.500000E-01  2.500000E-01   0          0.
    43   0 0 0 1 1 1   0.000000E+00  2.500000E-01  2.500000E-01   0          0.
    44   0 0 0 1 1 1   2.500000E-01  2.500000E-01  2.500000E-01   0          0.
    45   0 0 0 1 1 1   5.000000E-01  2.500000E-01  2.500000E-01   0          0.
    46   0 0 0 1 1 1  -5.000000E-01  5.000000E-01  2.500000E-01   0          0.
    47   0 0 0 1 1 1  -2.500000E-01  5.000000E-01  2.500000E-01   0          0.
    48   0 0 0 1 1 1   0.000000E+00  5.000000E-01  2.500000E-01   0          0.
    49   0 0 0 1 1 1   2.500000E-01  5.000000E-01  2.500000E-01   0          0.
    50   0 0 0 1 1 1   5.000000E-01  5.000000E-01  2.500000E-01   0          0.
    51   0 0 0 1 1 1  -5.000000E-01 -5.000000E-01  5.000000E-01   0          0.
    52   0 0 0 1 1 1  -2.500000E-01 -5.000000E-01  5.000000E-01   0          0.
    53   0 0 0 1 1 1   0.000000E+00 -5.000000E-01  5.000000E-01   0          0.
    54   0 0 0 1 1 1   2.500000E-01 -5.000000E-01  5.000000E-01   0          0.
    55   0 0 0 1 1 1   5.000000E-01 -5.000000E-01  5.000000E-01   0          0.
    56   0 0 0 1 1 1  -5.000000E-01 -2.500000E-01  5.000000E-01   0          0.
    57   0 0 0 1 1 1  -2.500000E-01 -2.500000E-01  5.000000E-01   0          0.
    58   0 0 0 1 1 1   0.000000E+00 -2.500000E-01  5.000000E-01   0          0.
    59   0 0 0 1 1 1   2.500000E-01 -2.500000E-01  5.000000E-01   0          0.
    60   0 0 0 1 1 1   5.000000E-01 -2.500000E-01  5.000000E-01   0          0.
    61   0 0 0 1 1 1  -5.000000E-01  0.000000E+00  5.000000E-01   0          0.
    62   0 0 0 1 1 1  -2.500000E-01  0.000000E+00  5.000000E-01   0          0.
    63   0 0 0 1 1 1   0.000000E+00  0.000000E+00  5.000000E-01   0          0.
    64   0 0 0 1 1 1   2.500000E-01  0.000000E+00  5.000000E-01   0          0.
    65   0 0 0 1 1 1   5.000000E-01  0.000000E+00  5.000000E-01   0          0.
    66   0 0 0 1 1 1  -5.000000E-01  2.500000E-01  5.000000E-01   0          0.
    67   0 0 0 1 1 1  -2.500000E-01  2.500000E-01  5.000000E-01   0          0.
    68   0 0 0 1 1 1   0.000000E+00  2.500000E-01  5.000000E-01   0          0.
    69   0 0 0 1 1 1   2.500000E-01  2.500000E-01  5.000000E-01   0          0.
    70   0 0 0 1 1 1   5.000000E-01  2.500000E-01  5.000000E-01   0          0.
    71   0 0 0 1 1 1  -5.000000E-01  5.000000E-01  5.000000E-01   0          0.
    72   0 0 0 1 1 1  -2.500000E-01  5.000000E-01  5.000000E-01   0          0.
    73   0 0 0 1 1 1   0.000000E+00  5.000000E-01  5.000000E-01   0          0.
    74   0 0 0 1 1 1   2.500000E-01  5.000000E-01  5.000000E-01   0          0.
    75   0 0 0 1 1 1   5.000000E-01  5.000000E-01  5.000000E-01   0          0.
    76   0 0 0 1 1 1  -5.000000E-01 -5.000000E-01  7.500000E-01   0          0.
    77   0 0 0 1 1 1  -2.500000E-01 -5.000000E-01  7.500000E-01   0          0.
    78   0 0 0 1 1 1   0.000000E+00 -5.000000E-01  7.500000E-01   0          0.
    79   0 0 0 1 1 1   2.500000E-01 -5.000000E-01  7.500000E-01   0          0.
    80   0 0 0 1 1 1   5.000000E-01 -5.000000E-01  7.500000E-01   0          0.
    81   0 0 0 1 1 1  -5.000000E-01 -2.500000E-01  7.500000E-01   0          0.
    82   0 0 0 1 1 1  -2.500000E-01 -2.500000E-01  7.500000E-01   0          0.
    83   0 0 0 1 1 1   0.000000E+00 -2.500000E-01  7.500000E-01   0          0.
    84   0 0 0 1 1 1   2.500000E-01 -2.500000E-01  7.500000E-01   0          0.
    85   0 0 0 1 1 1   5.000000E-01 -2.500000E-01  7.500000E-01   0          0.
    86   0 0 0 1 1 1  -5.000000E-01  0.000000E+00  7.500000E-01   0          0.
    87   0 0 0 1 1 1  -2.500000E-01  0.000000E+00  7.500000E-01   0          0.
    88   0 0 0 1 1 1   0.000000E+00  0.000000E+00  7.500000E-01   0          0.
    89   0 0 0 1 1 1   2.500000E-01  0.000000E+00  7.500000E-01   0          0.
    90   0 0 0 1 1 1   5.000000E-01  0.000000E+00  7.500000E-01   0          0.
    91   0 0 0 1 1 1  -5.000000E-01  2.500000E-01  7.500000E-01   0          0.
    92   0 0 0 1 1 1  -2.500000E-01  2.500000E-01  7.500000E-01   0          0.
    93   0 0 0 1 1 1   0.000000E+00  2.500000E-01  7.500000E-01   0          0.
    94   0 0 0 1 1 1   2.500000E-01  2.500000E-01  7.500000E-01   0          0.
    95   0 0 0 1 1 1   5.000000E-01  2.500000E-01  7.500000E-01   0          0.
    96   0 0 0 1 1 1  -5.000000E-01  5.000000E-01  7.500000E-01   0          0.
    97   0 0 0 1 1 1  -2.500000E-01  5.000000E-01  7.500000E-01   0          0.
    98   0 0 0 1 1 1   0.000000E+00  5.000000E-01  7.500000E-01   0          0.
    99   0 0 0 1 1 1   2.500000E-01  5.000000E-01  7.500000E-01   0          0.
   100   0 0 0 1 1 1   5.000000E-01  5.000000E-01  7.500000E-01   0          0.
   101   0 0 0 1 1 1  -5.000000E-01 -5.000000E-01  1.000000E+00   0          0.
   102   0 0 0 1 1 1  -2.500000E-01 -5.000000E-01  1.000000E+00   0          0.
   103   0 0 0 1 1 1   0.000000E+00 -5.000000E-01  1.000000E+00   0          0.
   104   0 0 0 1 1 1   2.500000E-01 -5.000000E-01  1.000000E+00   0          0.
   105   0 0 0 1 1 1   5.000000E-01 -5.000000E-01  1.000000E+00   0          0.
   106   0 0 0 1 1 1  -5.000000E-01 -2.500000E-01  1.000000E+00   0          0.
   107   0 0 0 1 1 1  -2.500000E-01 -2.500000E-01  1.000000E+00   0          0.
   108   0 0 0 1 1 1   0.000000E+00 -2.500000E-01  1.000000E+00   0          0.
   109   0 0 0 1 1 1   2.500000E-01 -2.500000E-01  1.000000E+00   0          0.
   110   0 0 0 1 1 1   5.000000E-01 -2.500000E-01  1.000000E+00   0          0.
   111   0 0 0 1 1 1  -5.000000E-01  0.000000E+00  1.000000E+00   0          0.
   112   0 0 0 1 1 1  -2.500000E-01  0.000000E+00  1.000000E+00   0          0.
   113   0 0 0 1 1 1   0.000000E+00  0.000000E+00  1.000000E+00   0          0.
   114   0 0 0 1 1 1   2.500000E-01  0.000000E+00  1.000000E+00   0          0.
   115   0 0 0 1 1 1   5.000000E-01  0.000000E+00  1.000000E+00   0          0.
   116   0 0 0 1 1 1  -5.000000E-01  2.500000E-01  1.000000E+00   0          0.
   117   0 0 0 1 1 1  -2.500000E-01  2.500000E-01  1.000000E+00   0          0.
   118   0 0 0 1 1 1   0.000000E+00  2.500000E-01  1.000000E+00   0          0.
   119   0 0 0 1 1 1   2.500000E-01  2.500000E-01  1.000000E+00   0          0.
   120   0 0 0 1 1 1   5.000000E-01  2.500000E-01  1.000000E+00   0          0.
   121   0 0 0 1 1 1  -5.000000E-01  5.000000E-01  1.000000E+00   0          0.
   122   0 0 0 1 1 1  -2.500000E-01  5.000000E-01  1.000000E+00   0          0.
   123   0 0 0 1 1 1   0.000000E+00  5.000000E-01  1.000000E+00   0          0.
   124   0 0 0 1 1 1   2.500000E-01  5.000000E-01  1.000000E+00   0          0.
   125   0 0 0 1 1 1   5.000000E-01  5.000000E-01  1.000000E+00   0          0.
     5     64     11      0      0 
    1        0.        0.        0.        0.        0.
    2        0.        0.        0.        0.        0.
    3        0.        0.        0.        0.        0.
    4        0.        0.        0.        0.        0.
    5        0.        0.        0.        0.        0.
    6        0.        0.        0.        0.        0.
    7        0.        0.        0.        0.        0.
    8        0.        0.        0.        0.        0.
    9        0.        0.        0.        0.        0.
   10        0.        0.        0.        0.        0.
   11    3.E+07       0.3    0.2836   6.5E-06        0.
        1.        0.        0.        0.
        0.        0.        0.        1.
        0.        0.        0.        0.
        0.        0.        0.        0.
        0.       -1.        0.        0.
    1    1    2    7    6   26   27   32   31  2  11 0    0   0   0   0 0 1         1.
    2    2    3    8    7   27   28   33   32  2  11 0    0   0   0   0 0 1         1.
    3    3    4    9    8   28   29   34   33  2  11 0    0   0   0   0 0 1         1.
    4    4    5   10    9   29   30   35   34  2  11 0    0   0   0   0 0 1         1.
    5    6    7   12   11   31   32   37   36  2  11 0    0   0   0   0 0 1         1.
    6    7    8   13   12   32   33   38   37  2  11 0    0   0   0   0 0 1         1.
    7    8    9   14   13   33   34   39   38  2  11 0    0   0   0   0 0 1         1.
    8    9   10   15   14   34   35   40   39  2  11 0    0   0   0   0 0 1         1.
    9   11   12   17   16   36   37   42   41  2  11 0    0   0   0   0 0 1         1.
   10   12   13   18   17   37   38   43   42  2  11 0    0   0   0   0 0 1         1.
   11   13   14   19   18   38   39   44   43  2  11 0    0   0   0   0 0 1         1.
   12   14   15   20   19   39   40   45   44  2  11 0    0   0   0   0 0 1         1.
   13   16   17   22   21   41   42   47   46  2  11 0    0   0   0   0 0 1         1.
   14   17   18   23   22   42   43   48   47  2  11 0    0   0   0   0 0 1         1.
   15   18   19   24   23   43   44   49   48  2  11 0    0   0   0   0 0 1         1.
   16   19   20   25   24   44   45   50   49  2  11 0    0   0   0   0 0 1         1.
   17   26   27   32   31   51   52   57   56  2  11 0    0   0   0   0 0 1         1.
   18   27   28   33   32   52   53   58   57  2  11 0    0   0   0   0 0 1         1.
   19   28   29   34   33   53   54   59   58  2  11 0    0   0   0   0 0 1         1.
   20   29   30   35   34   54   55   60   59  2  11 0    0   0   0   0 0 1         1.
   21   31   32   37   36   56   57   62   61  2  11 0    0   0   0   0 0 1         1.
   22   32   33   38   37   57   58   63   62  2  11 0    0   0   0   0 0 1         1.
   23   33   34   39   38   58   59   64   63  2  11 0    0   0   0   0 0 1         1.
   24   34   35   40   39   59   60   65   64  2  11 0    0   0   0   0 0 1         1.
   25   36   37   42   41   61   62   67   66  2  11 0    0   0   0   0 0 1         1.
   26   37   38   43   42   62   63   68   67  2  11 0    0   0   0   0 0 1         1.
   27   38   39   44   43   63   64   69   68  2  11 0    0   0   0   0 0 1         1.
   28   39   40   45   44   64   65   70   69  2  11 0    0   0   0   0 0 1         1.
   29   41   42   47   46   66   67   72   71  2  11 0    0   0   0   0 0 1         1.
   30   42   43   48   47   67   68   73   72  2  11 0    0   0   0   0 0 1         1.
   31   43   44   49   48   68   69   74   73  2  11 0    0   0   0   0 0 1         1.
   32   44   45   50   49   69   70   75   74  2  11 0    0   0   0   0 0 1         1.
   33   51   52   57   56   76   77   82   81  2  11 0    0   0   0   0 0 1         1.
   34   52   53   58   57   77   78   83   82  2  11 0    0   0   0   0 0 1         1.
   35   53   54   59   58   78   79   84   83  2  11 0    0   0   0   0 0 1         1.
   36   54   55   60   59   79   80   85   84  2  11 0    0   0   0   0 0 1         1.
   37   56   57   62   61   81   82   87   86  2  11 0    0   0   0   0 0 1         1.
   38   57   58   63   62   82   83   88   87  2  11 0    0   0   0   0 0 1         1.
   39   58   59   64   63   83   84   89   88  2  11 0    0   0   0   0 0 1         1.
   40   59   60   65   64   84   85   90   89  2  11 0    0   0   0   0 0 1         1.
   41   61   62   67   66   86   87   92   91  2  11 0    0   0   0   0 0 1         1.
   42   62   63   68   67   87   88   93   92  2  11 0    0   0   0   0 0 1         1.
   43   63   64   69   68   88   89   94   93  2  11 0    0   0   0   0 0 1         1.
   44   64   65   70   69   89   90   95   94  2  11 0    0   0   0   0 0 1         1.
   45   66   67   72   71   91   92   97   96  2  11 0    0   0   0   0 0 1         1.
   46   67   68   73   72   92   93   98   97  2  11 0    0   0   0   0 0 1         1.
   47   68   69   74   73   93   94   99   98  2  11 0    0   0   0   0 0 1         1.
   48   69   70   75   74   94   95  100   99  2  11 0    0   0   0   0 0 1         1.
   49   76   77   82   81  101  102  107  106  2  11 0    0   0   0   0 0 1         1.
   50   77   78   83   82  102  103  108  107  2  11 0    0   0   0   0 0 1         1.
   51   78   79   84   83  103  104  109  108  2  11 0    0   0   0   0 0 1         1.
   52   79   80   85   84  104  105  110  109  2  11 0    0   0   0   0 0 1         1.
   53   81   82   87   86  106  107  112  111  2  11 0    0   0   0   0 0 1         1.
   54   82   83   88   87  107  108  113  112  2  11 0    0   0   0   0 0 1         1.
   55   83   84   89   88  108  109  114  113  2  11 0    0   0   0   0 0 1         1.
   56   84   85   90   89  109  110  115  114  2  11 0    0   0   0   0 0 1         1.
   57   86   87   92   91  111  112  117  116  2  11 0    0   0   0   0 0 1         1.
   58   87   88   93   92  112  113  118  117  2  11 0    0   0   0   0 0 1         1.
   59   88   89   94   93  113  114  119  118  2  11 0    0   0   0   0 0 1         1.
   60   89   90   95   94  114  115  120  119  2  11 0    0   0   0   0 0 1         1.
   61   91   92   97   96  116  117  122  121  2  11 0    0   0   0   0 0 1         1.
   62   92   93   98   97  117  118  123  122  2  11 0    0   0   0   0 0 1         1.
   63   93   94   99   98  118  119  124  123  2  11 0    0   0   0   0 0 1         1.
   64   94   95  100   99  119  120  125  124  2  11 0    0   0   0   0 0 1         1.
    0    0
        1.        0.        0.        0.

